Reserve Bank of India - Foreign Exchange Data From  09/06/2003 to 13/06/2003
All Figures are in USD Millions
MERCHANT INTER BANK
FCY/INR FCY/FCY FCY/INR FCY/FCY
Position Spot Forwd Forwd Spot Forwd Forwd Spot Swap Forwd Spot Swap Forwd
Date Cancel Cancel
Purchases
09/06/2003 374 194 19 7 55 66 782 1,147 18 385 230 32
10/06/2003 408 128 30 8 19 99 806 1,253 189 384 157 2
11/06/2003 369 229 46 29 27 49 946 1,233 15 468 135 2
12/06/2003 388 187 34 17 50 78 819 1,164 21 540 253 8
13/06/2003 410 272 57 18 48 44 955 1,261 17 602 203 8
Sales
09/06/2003 307 176 59 58 42 66 738 1,023 21 356 205 26
10/06/2003 375 132 71 25 47 39 804 1,113 180 405 121 1
11/06/2003 310 130 125 19 30 20 1,068 1,174 15 513 153 1
12/06/2003 393 175 68 16 36 39 786 1,037 30 687 316 2
13/06/2003 467 196 107 18 40 44 901 1,174 17 618 187 5