Subsidiary General Ledger Account Transactions
in Government Dated Securities and Treasury Bills
at RBI, Mumbai on 04 March 2003
---------------------------------------------------------------------------
 Loan  Nomenclature              Amount           Price *        YTM %
 Code                            (Face Value)     Per Rs.100   Indicative
                                 (in Rs.Crore)    nominal
---------------------------------------------------------------------------
I.  Outright Transactions
A.Government of India Dated Securities
          Contract Date : March 03, 2003
 98007  12.00 %  2008               5.00          125.50           6.1559
 00016  11.40 %  2008               5.00          126.45           5.7216
 00016  11.40 %  2008              10.00          125.70           5.8612
 00016  11.40 %  2008               5.00          125.50           5.8986
 00016  11.40 %  2008               5.00          125.65           5.8705
 00016  11.40 %  2008               5.00          125.55           5.8892
 00016  11.40 %  2008               5.00          125.55           5.8892
 00016  11.40 %  2008               5.00          125.65           5.8705
 00016  11.40 %  2008              25.00          125.75           5.8519
 00016  11.40 %  2008              50.00          125.75           5.8519
 99006  11.99 %  2009               5.00          129.65           6.0906
 99006  11.99 %  2009               5.00          129.700          6.0822
 99006  11.99 %  2009               5.00          129.700          6.0822
 99006  11.99 %  2009               5.00          129.50           6.1159
 99006  11.99 %  2009               5.00          129.32           6.1464
 99006  11.99 %  2009               5.00          129.15           6.1752
 99006  11.99 %  2009              10.00          130.050          6.0233
 99006  11.99 %  2009               5.00          129.35           6.1413
 99006  11.99 %  2009               5.00          129.300          6.1498
 99006  11.99 %  2009               5.00          129.300          6.1498
 99006  11.99 %  2009              10.00          129.300          6.1498
 99006  11.99 %  2009               5.00          129.300          6.1498
 99006  11.99 %  2009              15.00          130.38           5.9679
 99006  11.99 %  2009               5.00          129.300          6.1498
 99006  11.99 %  2009               5.00          129.50           6.1159
 99006  11.99 %  2009               5.00          129.90           6.0485
 02010   7.55 %  2010               5.00          108.85           6.0146
 02010   7.55 %  2010               5.00          108.85           6.0146
 02010   7.55 %  2010               5.00          108.85           6.0146
 02010   7.55 %  2010               5.00          108.85           6.0146
 02010   7.55 %  2010               5.00          108.75           6.0311
 02010   7.55 %  2010               5.00          108.55           6.0640
 01007   9.39 %  2011               5.00          121.15           6.1102
 01007   9.39 %  2011               5.00          120.90           6.1445
 01007   9.39 %  2011               5.00          120.90           6.1445
 01007   9.39 %  2011               5.00          120.65           6.1789
 01007   9.39 %  2011               5.00          120.50           6.1996
 01007   9.39 %  2011               5.00          120.40           6.2135
 00017  11.50 %  2011               5.00          135.30           6.1979
 00017  11.50 %  2011               5.00          135.30           6.1979 00017  11.50 %  2011               5.00          135.00           6.2350
 00017  11.50 %  2011               5.00          135.00           6.2350
 00017  11.50 %  2011               5.00          134.75           6.2659
 00017  11.50 %  2011              10.00          135.25           6.2041
 00017  11.50 %  2011              25.00          134.75           6.2659
 02006   6.85 %  2012               0.25          106.20           5.9557
 02009   7.40 %  2012               5.00          110.30           5.9258
 02009   7.40 %  2012               5.00          110.12           5.9500
 02009   7.40 %  2012               5.00          109.50           6.0338
 02009   7.40 %  2012               5.00          109.85           5.9864
 02009   7.40 %  2012               5.00          109.65           6.0135
 02009   7.40 %  2012               5.00          109.50           6.0338
 02009   7.40 %  2012               5.00          109.50           6.0338
 02009   7.40 %  2012               5.00          109.50           6.0338
 02009   7.40 %  2012               5.00          109.45           6.0406
 02009   7.40 %  2012               5.00          109.50           6.0338
 02009   7.40 %  2012               5.00          109.35           6.0542
 02009   7.40 %  2012               5.00          109.35           6.0542
 02009   7.40 %  2012               5.00          109.45           6.0406
 02009   7.40 %  2012               5.00          109.30           6.0610
 02009   7.40 %  2012               5.00          109.30           6.0610
 02009   7.40 %  2012               5.00          109.35           6.0542
 02009   7.40 %  2012               0.75          110.17           5.9433
 02009   7.40 %  2012               5.00          109.34           6.0555
 02009   7.40 %  2012               5.00          109.60           6.0203
 02009   7.40 %  2012               5.00          109.30           6.0610
 02009   7.40 %  2012               5.00          109.25           6.0678
 02009   7.40 %  2012               5.00          109.40           6.0474
 02009   7.40 %  2012               5.00          109.40           6.0474
 02009   7.40 %  2012               5.00          109.40           6.0474
 02009   7.40 %  2012               5.00          109.25           6.0678
 02009   7.40 %  2012               5.00          109.30           6.0610
 02009   7.40 %  2012              10.00          109.25           6.0678
 02009   7.40 %  2012               5.00          109.27           6.0651
 02009   7.40 %  2012               5.00          109.30           6.0610
 02009   7.40 %  2012               5.00          109.10           6.0882
 02009   7.40 %  2012               5.00          109.40           6.0474
 02009   7.40 %  2012               5.00          109.25           6.0678
 02009   7.40 %  2012              10.00          109.30           6.0610
 02009   7.40 %  2012               5.00          108.90           6.1155
 02009   7.40 %  2012               5.00          108.95           6.1087
 02009   7.40 %  2012              10.00          109.15           6.0814
 02009   7.40 %  2012               5.00          109.22           6.0719
 02009   7.40 %  2012               5.00          109.62           6.0176
 02009   7.40 %  2012               5.00          109.20           6.0746
 02009   7.40 %  2012               5.00          108.90           6.1155
 02009   7.40 %  2012               5.00          109.15           6.0814
 02009   7.40 %  2012               5.00          109.30           6.0610
 02009   7.40 %  2012               5.00          109.00           6.1018
 02009   7.40 %  2012              10.00          109.30           6.0610
 02009   7.40 %  2012               5.00          109.10           6.0882
 02009   7.40 %  2012               5.00          109.00           6.1018
 02009   7.40 %  2012               5.00          109.30           6.0610
 02009   7.40 %  2012               5.00          109.10           6.0882
 02009   7.40 %  2012              25.00          111.22           5.8028
 02009   7.40 %  2012               5.00          109.13           6.0841
 02009   7.40 %  2012               5.00          109.20           6.0746 02009   7.40 %  2012               5.00          109.25           6.0678
 02009   7.40 %  2012               5.00          109.05           6.0950
 02009   7.40 %  2012               5.00          109.00           6.1018
 02009   7.40 %  2012              10.00          109.25           6.0678
 02009   7.40 %  2012               5.00          108.90           6.1155
 02009   7.40 %  2012               5.00          109.25           6.0678
 02009   7.40 %  2012               5.00          109.25           6.0678
 02009   7.40 %  2012               5.00          109.00           6.1018
 02009   7.40 %  2012               5.00          109.15           6.0814
 02009   7.40 %  2012               5.00          109.25           6.0678
 02009   7.40 %  2012               5.00          109.15           6.0814
 02009   7.40 %  2012               5.00          110.25           5.9325
 02009   7.40 %  2012               0.10          110.00           5.9662
 00012  11.03 %  2012               5.00          135.10           6.0642
 00012  11.03 %  2012               5.00          135.10           6.0642
 00012  11.03 %  2012               5.00          134.00           6.1927
 00012  11.03 %  2012               5.00          134.00           6.1927
 02013   6.72 %  2012              10.00          103.30           6.2482
 02013   6.72 %  2012               5.00          103.40           6.2342
 01009   9.40 %  2012               5.00          122.00           6.2931
 01005   9.81 %  2013               5.00          130.00           5.8689
 01005   9.81 %  2013               5.00          130.00           5.8689
 01005   9.81 %  2013              10.00          128.85           5.9969
 01005   9.81 %  2013               5.00          128.35           6.0530
 01005   9.81 %  2013               5.00          128.50           6.0361
 01005   9.81 %  2013               5.00          128.50           6.0361
 01005   9.81 %  2013               5.00          128.520          6.0339
 01005   9.81 %  2013               5.00          128.50           6.0361
 01005   9.81 %  2013              15.00          128.50           6.0361
 01005   9.81 %  2013               5.00          128.50           6.0361
 01005   9.81 %  2013               5.00          128.25           6.0642
 01005   9.81 %  2013              10.00          128.25           6.0642
 01005   9.81 %  2013               5.00          128.550          6.0305
 01005   9.81 %  2013               5.00          127.75           6.1207
 01005   9.81 %  2013               5.00          127.70           6.1263
 01005   9.81 %  2013               5.00          127.95           6.0981
 01005   9.81 %  2013               5.00          127.95           6.0981
 01005   9.81 %  2013               5.00          128.450          6.0417
 01005   9.81 %  2013               5.00          127.50           6.1490
 01005   9.81 %  2013               5.00          127.50           6.1490
 01005   9.81 %  2013               5.00          127.75           6.1207
 01005   9.81 %  2013               5.00          128.00           6.0924
 01005   9.81 %  2013               5.00          128.59           6.0260
 01005   9.81 %  2013               5.00          127.90           6.1037
 01005   9.81 %  2013               5.00          127.70           6.1263
 01005   9.81 %  2013              10.00          127.90           6.1037
 01005   9.81 %  2013               5.00          127.55           6.1433
 01005   9.81 %  2013               5.00          128.00           6.0924
 01005   9.81 %  2013               5.00          128.00           6.0924
 01005   9.81 %  2013               5.00          127.95           6.0981
 01005   9.81 %  2013               5.00          128.00           6.0924
 01005   9.81 %  2013               5.00          127.55           6.1433
 01005   9.81 %  2013               5.00          127.70           6.1263
 01005   9.81 %  2013               5.00          127.75           6.1207
 01005   9.81 %  2013               5.00          128.00           6.0924
 02017   7.27 %  2013              20.00          108.85           6.1154
 02017   7.27 %  2013              20.00          108.20           6.1960 02017   7.27 %  2013               5.00          108.20           6.1960
 02017   7.27 %  2013               5.3574        109.20           6.0722
 02008   7.37 %  2014               5.00          110.10           6.1043
 01011   9.85 %  2015              10.00          130.75           6.2831
 01011   9.85 %  2015              10.00          130.00           6.3559
 01011   9.85 %  2015               5.00          129.990          6.3569
 01011   9.85 %  2015               5.00          130.200          6.3365
 01011   9.85 %  2015               5.00          129.90           6.3657
 01011   9.85 %  2015               5.00          129.90           6.3657
 01011   9.85 %  2015               5.00          130.00           6.3559
 01011   9.85 %  2015               5.00          130.00           6.3559
 01011   9.85 %  2015               5.00          130.25           6.3316
 01011   9.85 %  2015               5.00          130.450          6.3122
 01011   9.85 %  2015               5.00          130.50           6.3073
 02001   8.07 %  2017               5.00          117.00           6.2210
 02001   8.07 %  2017               5.00          117.00           6.2210
 02001   8.07 %  2017               5.00          115.95           6.3243
 02001   8.07 %  2017               5.00          115.75           6.3441
 02001   8.07 %  2017              10.00          115.75           6.3441
 02001   8.07 %  2017               5.00          115.90           6.3292
 02001   8.07 %  2017               5.00          115.50           6.3689
 02001   8.07 %  2017               5.00          115.25           6.3938
 02001   8.07 %  2017               5.00          115.10           6.4088
 02001   8.07 %  2017               5.00          115.00           6.4188
 02001   8.07 %  2017               5.00          115.55           6.3640
 02001   8.07 %  2017               5.00          115.70           6.3491
 02001   8.07 %  2017               5.00          115.65           6.3540
 02001   8.07 %  2017               5.00          115.60           6.3590
 02001   8.07 %  2017               5.00          115.25           6.3938
 02001   8.07 %  2017              15.00          115.00           6.4188
 02001   8.07 %  2017               5.00          115.75           6.3441
 02001   8.07 %  2017               5.00          115.75           6.3441
 02014   7.46 %  2017               5.00          110.00           6.3911
 02014   7.46 %  2017               5.00          110.50           6.3412
 02014   7.46 %  2017               3.00          111.22           6.2698
 02014   7.46 %  2017               0.15          111.00           6.2915
 03003   6.25 %  2018               0.25          102.79           5.9629
 00008  10.70 %  2020               5.00          135.75           7.0671
 01006  10.25 %  2021               5.00          137.50           6.6651
 01006  10.25 %  2021              10.00          138.85           6.5638
 01010  10.18 %  2026               4.229         142.10           6.6233
 02015   7.95 %  2032               5.00          117.75           6.5788
          Contract Date : March 04, 2003
 98004  11.10 %  2003               5.00          100.489          5.5517
 94003  12.50 %  2004               0.04          100.00          12.4812
 94003  12.50 %  2004             110.00          107.20           5.3668
 94003  12.50 %  2004              10.00          107.15           5.4138
 94003  12.50 %  2004               5.00          107.15           5.4138
 98017  11.95 %  2004              20.00          108.55           5.4633
 95006  14.00 %  2005               0.04          100.00          13.9687
 95006  14.00 %  2005               0.04          117.45           5.6582
 95012  14.00 %  2005(INSTA         0.04          100.00          13.9957
 98009  11.90 %  2007              10.00          122.40           5.8448
 98009  11.90 %  2007               5.00          122.45           5.8329
 98007  12.00 %  2008               5.00          125.00           6.2531
 98007  12.00 %  2008               5.00          124.75           6.3031
 98007  12.00 %  2008               5.00          124.50           6.3532 98007  12.00 %  2008               5.00          124.50           6.3532
 98007  12.00 %  2008               5.00          124.10           6.4336
 88008  11.50 %  2008               5.00          122.35           6.3915
 00016  11.40 %  2008               5.00          125.65           5.8684
 00016  11.40 %  2008              10.00          125.70           5.8591
 00016  11.40 %  2008               5.00          125.65           5.8684
 00016  11.40 %  2008               5.00          125.65           5.8684
 00016  11.40 %  2008               5.00          125.65           5.8684
 00016  11.40 %  2008               5.00          125.65           5.8684
 00016  11.40 %  2008              10.00          125.70           5.8591
 00016  11.40 %  2008               5.00          125.65           5.8684
 00016  11.40 %  2008               5.00          125.70           5.8591
 00016  11.40 %  2008              25.00          125.65           5.8684
 00016  11.40 %  2008               5.00          125.62           5.8740
 00016  11.40 %  2008               5.00          125.65           5.8684
 00016  11.40 %  2008               5.00          125.58           5.8815
 00016  11.40 %  2008              25.00          125.65           5.8684
 00016  11.40 %  2008               5.00          125.61           5.8759
 00016  11.40 %  2008               5.00          125.35           5.9246
 00016  11.40 %  2008               5.00          125.65           5.8684
 00016  11.40 %  2008               5.00          125.25           5.9433
 00016  11.40 %  2008               5.00          125.52           5.8927
 00016  11.40 %  2008               5.00          125.20           5.9527
 00016  11.40 %  2008               5.00          125.25           5.9433
 00016  11.40 %  2008               5.00          125.20           5.9527
 00016  11.40 %  2008               5.00          125.20           5.9527
 00016  11.40 %  2008               5.00          125.30           5.9340
 00016  11.40 %  2008               5.00          125.67           5.8647
 00016  11.40 %  2008               5.00          125.70           5.8591
 00016  11.40 %  2008              10.00          125.40           5.9152
 00016  11.40 %  2008               5.00          125.30           5.9340
 00016  11.40 %  2008               5.00          125.34           5.9265
 00016  11.40 %  2008               5.00          125.34           5.9265
 00016  11.40 %  2008               5.00          125.25           5.9433
 00016  11.40 %  2008               5.00          125.26           5.9415
 00016  11.40 %  2008               5.00          125.32           5.9302
 00016  11.40 %  2008               5.00          125.21           5.9509
 00016  11.40 %  2008               5.00          125.05           5.9809
 00016  11.40 %  2008               5.00          125.34           5.9265
 00016  11.40 %  2008               5.00          125.00           5.9903
 00016  11.40 %  2008               5.00          125.00           5.9903
 00016  11.40 %  2008               5.00          125.13           5.9659
 00016  11.40 %  2008              10.00          125.00           5.9903
 00016  11.40 %  2008              10.00          125.01           5.9885
 00016  11.40 %  2008               5.00          125.21           5.9509
 00016  11.40 %  2008               5.00          124.985          5.9932
 00016  11.40 %  2008               5.00          125.25           5.9433
 98023  12.25 %  2008               0.04          100.00          12.2490
 98023  12.25 %  2008               0.0444        100.00          12.2490
 99006  11.99 %  2009               5.00          129.90           6.0466
 99006  11.99 %  2009               5.00          129.90           6.0466
 99006  11.99 %  2009               5.00          129.50           6.1141
 99006  11.99 %  2009               5.00          129.450          6.1226
 99006  11.99 %  2009               5.00          129.450          6.1226
 99006  11.99 %  2009              10.00          129.700          6.0803
 99006  11.99 %  2009               5.00          129.60           6.0972
 99006  11.99 %  2009               5.00          129.50           6.1141 99006  11.99 %  2009               5.00          129.60           6.0972
 99006  11.99 %  2009              10.00          129.460          6.1209
 99006  11.99 %  2009              10.00          129.460          6.1209
 99006  11.99 %  2009               5.00          129.450          6.1226
 99006  11.99 %  2009               5.00          129.40           6.1310
 99006  11.99 %  2009               5.00          129.40           6.1310
 99006  11.99 %  2009               5.00          129.50           6.1141
 99006  11.99 %  2009               5.00          129.450          6.1226
 99006  11.99 %  2009               5.00          129.450          6.1226
 99006  11.99 %  2009               5.00          129.00           6.1988
 99006  11.99 %  2009              10.00          129.50           6.1141
 99006  11.99 %  2009               5.00          129.00           6.1988
 99006  11.99 %  2009               5.00          129.480          6.1175
 99006  11.99 %  2009               5.00          129.450          6.1226
 99006  11.99 %  2009               5.00          129.300          6.1480
 99006  11.99 %  2009               5.00          128.65           6.2584
 99006  11.99 %  2009              20.00          128.65           6.2584
 99006  11.99 %  2009               5.00          129.50           6.1141
 99006  11.99 %  2009               5.00          129.40           6.1310
 99006  11.99 %  2009               5.00          128.790          6.2346
 99006  11.99 %  2009               5.00          128.65           6.2584
 99006  11.99 %  2009               5.00          128.65           6.2584
 99006  11.99 %  2009               5.00          129.200          6.1649
 99006  11.99 %  2009               5.00          128.800          6.2328
 99006  11.99 %  2009               5.00          129.25           6.1564
 99006  11.99 %  2009               5.00          128.60           6.2669
 99006  11.99 %  2009               5.00          128.40           6.3011
 99006  11.99 %  2009               5.00          128.40           6.3011
 03002   5.87 %  2010               5.00           99.75           5.9133
 03002   5.87 %  2010              10.00           99.55           5.9494
 03002   5.87 %  2010               5.00           99.55           5.9494
 03002   5.87 %  2010               5.00           99.50           5.9585
 03002   5.87 %  2010               5.00           99.00           6.0492
 99004  12.29 %  2010               0.03          100.00          12.2838
 02010   7.55 %  2010              10.00          108.90           6.0060
 02010   7.55 %  2010               5.00          108.85           6.0142
 02010   7.55 %  2010               5.00          108.90           6.0060
 02010   7.55 %  2010               5.00          108.95           5.9978
 02010   7.55 %  2010               5.00          108.90           6.0060
 02010   7.55 %  2010               5.00          108.85           6.0142
 02010   7.55 %  2010               5.00          108.85           6.0142
 02010   7.55 %  2010              10.00          108.70           6.0389
 02010   7.55 %  2010               5.00          108.75           6.0306
 02010   7.55 %  2010               5.00          108.08           6.1413
 02010   7.55 %  2010               5.00          108.00           6.1546
 02010   7.55 %  2010               5.00          108.85           6.0142
 02010   7.55 %  2010               5.00          108.90           6.0060
 00010  10.95 %  2011               5.00          130.200          6.2087
 00010  10.95 %  2011              25.00          129.50           6.3016
 01007   9.39 %  2011               5.00          120.55           6.1920
 01007   9.39 %  2011               0.25          120.62           6.1823
 01007   9.39 %  2011               5.00          120.50           6.1989
 01007   9.39 %  2011               5.00          120.55           6.1920
 00017  11.50 %  2011               5.00          135.00           6.2339
 00017  11.50 %  2011               5.00          134.45           6.3021
 00017  11.50 %  2011               5.00          134.70           6.2711
 00017  11.50 %  2011               5.00          134.40           6.3083 00017  11.50 %  2011               5.00          134.50           6.2959
 00017  11.50 %  2011               5.00          134.50           6.2959
 00017  11.50 %  2011               5.00          134.40           6.3083
 00017  11.50 %  2011               5.00          135.62           6.1575
 02006   6.85 %  2012               1.00          103.75           6.3005
 02009   7.40 %  2012              10.00          109.10           6.0879
 02009   7.40 %  2012               5.00          110.24           5.9336
 02009   7.40 %  2012              10.00          109.15           6.0811
 02009   7.40 %  2012               5.00          109.45           6.0403
 02009   7.40 %  2012              10.00          111.25           5.7985
 02009   7.40 %  2012              15.00          111.25           5.7985
 02009   7.40 %  2012               0.50          110.25           5.9322
 02009   7.40 %  2012               0.50          109.70           6.0064
 02009   7.40 %  2012               5.00          109.55           6.0268
 02009   7.40 %  2012              10.00          109.50           6.0335
 02009   7.40 %  2012               5.00          109.45           6.0403
 02009   7.40 %  2012               5.00          109.30           6.0607
 02009   7.40 %  2012               5.00          109.40           6.0471
 02009   7.40 %  2012               5.00          109.15           6.0811
 02009   7.40 %  2012               5.00          109.40           6.0471
 02009   7.40 %  2012              10.00          109.35           6.0539
 02009   7.40 %  2012               5.00          109.40           6.0471
 02009   7.40 %  2012               5.00          109.40           6.0471
 02009   7.40 %  2012               5.00          109.60           6.0200
 02009   7.40 %  2012               5.00          109.50           6.0335
 02009   7.40 %  2012              10.00          109.10           6.0879
 02009   7.40 %  2012               5.00          109.50           6.0335
 02009   7.40 %  2012               5.00          109.30           6.0607
 02009   7.40 %  2012               5.00          109.50           6.0335
 02009   7.40 %  2012               5.00          109.15           6.0811
 02009   7.40 %  2012               0.42          107.85           6.2595
 02009   7.40 %  2012               5.00          109.35           6.0539
 02009   7.40 %  2012               5.00          109.40           6.0471
 02009   7.40 %  2012               5.00          109.60           6.0200
 02009   7.40 %  2012               5.00          109.55           6.0268
 02009   7.40 %  2012               5.00          109.35           6.0539
 02009   7.40 %  2012               5.00          109.40           6.0471
 02009   7.40 %  2012               5.00          109.35           6.0539
 02009   7.40 %  2012               5.00          110.30           5.9255
 02009   7.40 %  2012               5.00          109.35           6.0539
 02009   7.40 %  2012               5.00          109.40           6.0471
 02009   7.40 %  2012               5.00          109.41           6.0458
 02009   7.40 %  2012               5.00          109.40           6.0471
 02009   7.40 %  2012               5.00          109.40           6.0471
 02009   7.40 %  2012               0.50          109.35           6.0539
 02009   7.40 %  2012               0.25          109.35           6.0539
 02009   7.40 %  2012               5.00          109.10           6.0879
 02009   7.40 %  2012               5.00          109.10           6.0879
 02009   7.40 %  2012               5.00          109.05           6.0947
 02009   7.40 %  2012               5.00          109.40           6.0471
 02009   7.40 %  2012               5.00          108.91           6.1138
 02009   7.40 %  2012               5.00          108.80           6.1289
 02009   7.40 %  2012               5.00          109.25           6.0675
 02009   7.40 %  2012              10.00          108.80           6.1289
 02009   7.40 %  2012               5.00          109.35           6.0539
 02009   7.40 %  2012               0.50          109.45           6.0403
 02009   7.40 %  2012               5.00          108.80           6.1289 02009   7.40 %  2012               5.00          108.85           6.1220
 02009   7.40 %  2012               0.50          109.45           6.0403
 02009   7.40 %  2012               5.00          108.85           6.1220
 02009   7.40 %  2012               5.00          108.85           6.1220
 02009   7.40 %  2012               5.00          109.35           6.0539
 02009   7.40 %  2012               5.00          108.85           6.1220
 02009   7.40 %  2012              10.00          108.85           6.1220
 02009   7.40 %  2012               5.00          109.40           6.0471
 02009   7.40 %  2012               5.00          108.85           6.1220
 02009   7.40 %  2012               5.00          109.05           6.0947
 02009   7.40 %  2012               5.00          108.80           6.1289
 02009   7.40 %  2012               5.00          109.35           6.0539
 02009   7.40 %  2012               5.00          109.18           6.0770
 02009   7.40 %  2012               5.00          108.85           6.1220
 02009   7.40 %  2012               0.50          109.50           6.0335
 02009   7.40 %  2012               5.00          109.10           6.0879
 02009   7.40 %  2012               5.00          108.92           6.1125
 02009   7.40 %  2012               5.00          109.25           6.0675
 02009   7.40 %  2012               5.00          108.85           6.1220
 02009   7.40 %  2012               5.00          108.85           6.1220
 02009   7.40 %  2012               5.00          108.83           6.1248
 02009   7.40 %  2012               5.00          108.85           6.1220
 02009   7.40 %  2012               5.00          109.00           6.1016
 02009   7.40 %  2012               5.00          108.85           6.1220
 02009   7.40 %  2012               5.00          108.75           6.1357
 02009   7.40 %  2012               5.00          108.95           6.1084
 02009   7.40 %  2012               5.00          108.79           6.1303
 02009   7.40 %  2012              10.00          109.22           6.0716
 02009   7.40 %  2012               5.00          108.85           6.1220
 02009   7.40 %  2012               5.00          108.80           6.1289
 02009   7.40 %  2012               5.00          108.90           6.1152
 02009   7.40 %  2012               5.00          109.50           6.0335
 02009   7.40 %  2012               5.00          108.90           6.1152
 02009   7.40 %  2012               5.00          108.80           6.1289
 02009   7.40 %  2012               5.00          108.70           6.1426
 02009   7.40 %  2012               0.50          108.97           6.1057
 02009   7.40 %  2012               5.00          108.82           6.1261
 02009   7.40 %  2012               5.00          108.71           6.1412
 02009   7.40 %  2012               5.00          108.55           6.1631
 02009   7.40 %  2012               5.00          108.50           6.1700
 02009   7.40 %  2012               1.00          110.30           5.9255
 02009   7.40 %  2012               5.00          108.55           6.1631
 02009   7.40 %  2012               5.00          108.90           6.1152
 02009   7.40 %  2012               5.00          108.85           6.1220
 02009   7.40 %  2012               5.00          108.90           6.1152
 02009   7.40 %  2012               5.00          108.75           6.1357
 02009   7.40 %  2012               5.00          108.90           6.1152
 02009   7.40 %  2012               5.00          108.80           6.1289
 02009   7.40 %  2012               5.00          109.16           6.0798
 02009   7.40 %  2012              10.00          108.60           6.1563
 02009   7.40 %  2012               5.00          108.70           6.1426
 02009   7.40 %  2012               5.00          108.70           6.1426
 02009   7.40 %  2012               5.00          109.30           6.0607
 02009   7.40 %  2012               5.00          108.85           6.1220
 02009   7.40 %  2012               5.00          109.25           6.0675
 02009   7.40 %  2012               5.00          109.10           6.0879
 02009   7.40 %  2012               5.00          109.10           6.0879 02009   7.40 %  2012               0.75          110.40           5.9121
 02009   7.40 %  2012               0.50          109.26           6.0661
 02009   7.40 %  2012               5.00          109.48           6.0362
 84005  10.25 %  2012               0.50          126.20           6.4410
 02013   6.72 %  2012               0.005         100.00           6.7185
 00012  11.03 %  2012               5.00          133.90           6.2035
 00012  11.03 %  2012              10.00          133.70           6.2271
 00012  11.03 %  2012               5.00          133.70           6.2271
 00012  11.03 %  2012               5.00          133.50           6.2507
 02013   6.72 %  2012               5.00          103.10           6.2761
 01009   9.40 %  2012               5.00          121.30           6.3798
 01009   9.40 %  2012               0.01          121.50           6.3548
 01009   9.40 %  2012               5.00          121.15           6.3986
 01009   9.40 %  2012               0.03          121.50           6.3548
 01005   9.81 %  2013               5.00          127.90           6.1031
 01005   9.81 %  2013               5.00          128.10           6.0805
 01005   9.81 %  2013               5.00          127.95           6.0975
 01005   9.81 %  2013               5.00          128.12           6.0783
 01005   9.81 %  2013               5.00          128.00           6.0918
 01005   9.81 %  2013               5.00          127.90           6.1031
 01005   9.81 %  2013               5.00          127.90           6.1031
 01005   9.81 %  2013               5.00          128.00           6.0918
 01005   9.81 %  2013               5.00          127.95           6.0975
 01005   9.81 %  2013               5.00          128.200          6.0693
 01005   9.81 %  2013               5.00          128.15           6.0749
 01005   9.81 %  2013               5.00          127.90           6.1031
 01005   9.81 %  2013               5.00          128.200          6.0693
 01005   9.81 %  2013               5.00          128.200          6.0693
 01005   9.81 %  2013               5.00          128.00           6.0918
 01005   9.81 %  2013               5.00          128.12           6.0783
 01005   9.81 %  2013               5.00          128.15           6.0749
 01005   9.81 %  2013               5.00          127.95           6.0975
 01005   9.81 %  2013               5.00          128.300          6.0580
 01005   9.81 %  2013               5.00          128.050          6.0862
 01005   9.81 %  2013               5.00          127.98           6.0941
 01005   9.81 %  2013               5.00          127.41           6.1586
 01005   9.81 %  2013               5.00          127.40           6.1598
 01005   9.81 %  2013               5.00          127.45           6.1541
 01005   9.81 %  2013               5.00          128.00           6.0918
 01005   9.81 %  2013               5.00          127.95           6.0975
 01005   9.81 %  2013               5.00          127.95           6.0975
 01005   9.81 %  2013               5.00          127.40           6.1598
 01005   9.81 %  2013               5.00          127.45           6.1541
 01005   9.81 %  2013               5.00          127.40           6.1598
 01005   9.81 %  2013               5.00          127.45           6.1541
 01005   9.81 %  2013               5.00          127.45           6.1541
 01005   9.81 %  2013               5.00          127.40           6.1598
 01005   9.81 %  2013               5.00          127.40           6.1598
 01005   9.81 %  2013               5.00          128.10           6.0805
 01005   9.81 %  2013               5.00          127.40           6.1598
 01005   9.81 %  2013               5.00          127.40           6.1598
 01005   9.81 %  2013               5.00          127.40           6.1598
 01005   9.81 %  2013               5.00          127.36           6.1643
 01005   9.81 %  2013               5.00          127.35           6.1654
 01005   9.81 %  2013               5.00          126.90           6.2167
 01005   9.81 %  2013               5.00          127.75           6.1201
 98021  12.40 %  2013               0.50          137.80           7.1950 98021  12.40 %  2013               0.05          140.50           6.9000
 98021  12.40 %  2013               0.05          141.95           6.7447
 02017   7.27 %  2013               5.00          108.06           6.2133
 02017   7.27 %  2013               5.00          108.05           6.2145
 02017   7.27 %  2013               5.00          107.80           6.2458
 84010  10.50 %  2014               0.02          131.15           6.6203
 00015  11.43 %  2015              10.00          142.265          6.4359
 00015  11.43 %  2015               7.00          141.00           6.5539
 02018   7.38 %  2015               5.00          110.50           6.1628
 02018   7.38 %  2015              10.00          108.00           6.4384
 01011   9.85 %  2015               5.00          130.550          6.3021
 01011   9.85 %  2015               5.00          130.40           6.3166
 01011   9.85 %  2015               5.00          130.50           6.3069
 01011   9.85 %  2015               5.00          130.40           6.3166
 01011   9.85 %  2015               5.00          130.300          6.3263
 01011   9.85 %  2015               5.00          130.450          6.3118
 01011   9.85 %  2015               5.00          130.65           6.2924
 01011   9.85 %  2015               5.00          130.65           6.2924
 01011   9.85 %  2015               5.00          130.510          6.3060
 01011   9.85 %  2015               5.00          130.40           6.3166
 01011   9.85 %  2015               5.00          130.200          6.3361
 01011   9.85 %  2015               5.00          130.200          6.3361
 01011   9.85 %  2015               5.00          130.50           6.3069
 01011   9.85 %  2015               5.00          130.40           6.3166
 01011   9.85 %  2015               5.00          130.10           6.3458
 01011   9.85 %  2015               5.00          129.800          6.3750
 01011   9.85 %  2015               5.00          129.800          6.3750
 01011   9.85 %  2015               5.00          130.60           6.2972
 01011   9.85 %  2015               5.00          129.90           6.3653
 01011   9.85 %  2015               5.00          129.90           6.3653
 01011   9.85 %  2015               5.00          129.760          6.3790
 01011   9.85 %  2015               5.00          129.75           6.3799
 01011   9.85 %  2015               5.00          129.50           6.4044
 01011   9.85 %  2015               5.00          129.300          6.4240
 01011   9.85 %  2015               5.00          130.60           6.2972
 01011   9.85 %  2015               5.00          129.800          6.3750
 01011   9.85 %  2015               5.00          129.65           6.3897
 01011   9.85 %  2015               5.00          129.66           6.3887
 01011   9.85 %  2015               5.00          130.050          6.3507
 01011   9.85 %  2015               5.00          130.25           6.3312
 01003  10.71 %  2016               5.00          135.50           6.6187
 01003  10.71 %  2016               5.00          136.00           6.5721
 01003  10.71 %  2016               5.00          138.10           6.3790
 02001   8.07 %  2017               5.00          117.52           6.1701
 02001   8.07 %  2017               3.00          115.50           6.3687
 02001   8.07 %  2017               5.00          115.90           6.3290
 02001   8.07 %  2017               0.50          117.00           6.2208
 02001   8.07 %  2017               5.00          115.50           6.3687
 02001   8.07 %  2017               5.00          115.25           6.3936
 02001   8.07 %  2017               5.00          115.50           6.3687
 02001   8.07 %  2017               0.50          117.40           6.1817
 02001   8.07 %  2017              10.00          115.55           6.3637
 02001   8.07 %  2017              10.00          115.45           6.3737
 02001   8.07 %  2017               5.00          115.50           6.3687
 02001   8.07 %  2017              25.00          115.45           6.3737
 02001   8.07 %  2017              10.00          115.40           6.3787
 02001   8.07 %  2017              20.00          115.45           6.3737 02001   8.07 %  2017               5.00          115.60           6.3588
 02001   8.07 %  2017               5.00          115.50           6.3687
 02001   8.07 %  2017               5.00          115.70           6.3488
 02001   8.07 %  2017               5.00          115.45           6.3737
 02001   8.07 %  2017               5.00          115.25           6.3936
 02001   8.07 %  2017               5.00          115.35           6.3837
 02001   8.07 %  2017               5.00          115.27           6.3916
 02001   8.07 %  2017               5.00          115.40           6.3787
 02001   8.07 %  2017               5.00          115.50           6.3687
 02001   8.07 %  2017               5.00          115.55           6.3637
 02001   8.07 %  2017               5.00          115.55           6.3637
 02001   8.07 %  2017               5.00          115.10           6.4086
 02001   8.07 %  2017               0.25          115.80           6.3389
 02001   8.07 %  2017               5.00          115.60           6.3588
 02001   8.07 %  2017               0.30          115.00           6.4186
 02001   8.07 %  2017               0.50          115.55           6.3637
 02001   8.07 %  2017               0.50          117.40           6.1817
 02001   8.07 %  2017               5.00          114.90           6.4286
 02001   8.07 %  2017               5.00          114.85           6.4336
 02001   8.07 %  2017               5.00          115.45           6.3737
 02001   8.07 %  2017               5.00          115.35           6.3837
 02001   8.07 %  2017               5.00          114.85           6.4336
 02001   8.07 %  2017               5.00          114.75           6.4437
 02001   8.07 %  2017               5.00          114.80           6.4386
 02001   8.07 %  2017               5.00          115.30           6.3886
 02001   8.07 %  2017               5.00          114.90           6.4286
 02001   8.07 %  2017               5.00          115.25           6.3936
 02001   8.07 %  2017               5.00          115.15           6.4036
 02001   8.07 %  2017               1.50          117.35           6.1866
 02001   8.07 %  2017               5.00          114.75           6.4437
 02001   8.07 %  2017               5.00          114.85           6.4336
 02001   8.07 %  2017               0.35          115.55           6.3637
 02001   8.07 %  2017              10.00          115.39           6.3797
 02001   8.07 %  2017              10.00          115.25           6.3936
 02001   8.07 %  2017               5.00          114.80           6.4386
 02001   8.07 %  2017               5.00          115.30           6.3886
 02001   8.07 %  2017               5.00          115.35           6.3837
 02001   8.07 %  2017               5.00          114.85           6.4336
 02001   8.07 %  2017               5.00          115.63           6.3558
 02001   8.07 %  2017               5.00          114.80           6.4386
 02001   8.07 %  2017               5.00          115.36           6.3827
 02001   8.07 %  2017               5.00          115.40           6.3787
 02001   8.07 %  2017               5.00          115.27           6.3916
 02001   8.07 %  2017              10.00          114.70           6.4487
 02001   8.07 %  2017               5.00          113.75           6.5446
 02001   8.07 %  2017               5.00          113.75           6.5446
 02001   8.07 %  2017               6.00          114.00           6.5193
 02001   8.07 %  2017               5.00          113.70           6.5497
 02001   8.07 %  2017               5.00          113.70           6.5497
 02001   8.07 %  2017               5.00          113.70           6.5497
 02001   8.07 %  2017               5.00          115.62           6.3568
 02001   8.07 %  2017               5.00          115.45           6.3737
 02001   8.07 %  2017               5.00          114.70           6.4487
 02001   8.07 %  2017               5.00          114.75           6.4437
 02001   8.07 %  2017              25.00          115.45           6.3737
 02001   8.07 %  2017               0.06          116.00           6.3191
 02001   8.07 %  2017               5.00          115.00           6.4186 02001   8.07 %  2017               5.00          114.70           6.4487
 02007   7.49 %  2017               5.00          108.75           6.5306
 02007   7.49 %  2017              10.00          108.70           6.5358
 02007   7.49 %  2017               5.00          108.70           6.5358
 02007   7.49 %  2017               5.00          108.60           6.5461
 02007   7.49 %  2017               0.50          110.90           6.3110
 02007   7.49 %  2017               0.25          111.00           6.3009
 02007   7.49 %  2017               5.00          108.50           6.5565
 02007   7.49 %  2017               5.00          108.65           6.5409
 02007   7.49 %  2017              10.00          108.65           6.5409
 02007   7.49 %  2017               0.25          110.10           6.3920
 02007   7.49 %  2017               0.25          109.70           6.4329
 02007   7.49 %  2017               5.00          108.60           6.5461
 02014   7.46 %  2017               0.25          111.50           6.2420
 02014   7.46 %  2017               3.00          112.00           6.1929
 02014   7.46 %  2017               1.00          111.55           6.2371
 02014   7.46 %  2017               0.50          111.28           6.2637
 02014   7.46 %  2017               5.00          110.50           6.3410
 02014   7.46 %  2017               1.00          111.65           6.2272
 02014   7.46 %  2017               5.00          109.70           6.4211
 02014   7.46 %  2017               1.00          108.25           6.5683
 02014   7.46 %  2017               0.50          111.50           6.2420
 02014   7.46 %  2017               5.00          109.85           6.4060
 02014   7.46 %  2017               1.00          110.50           6.3410
 02014   7.46 %  2017               5.00          110.48           6.3430
 02014   7.46 %  2017               1.00          111.40           6.2518
 02014   7.46 %  2017               0.50          108.50           6.5427
 02014   7.46 %  2017               0.50          111.25           6.2666
 02014   7.46 %  2017               1.00          109.10           6.4817
 02014   7.46 %  2017               5.00          109.00           6.4918
 02014   7.46 %  2017               5.00          109.20           6.4715
 02014   7.46 %  2017               0.50          110.00           6.3910
 02014   7.46 %  2017               0.50          110.05           6.3860
 02014   7.46 %  2017               2.00          111.30           6.2617
 02014   7.46 %  2017               0.50          110.75           6.3161
 02014   7.46 %  2017               1.00          110.24           6.3669
 02014   7.46 %  2017               0.25          112.24           6.1695
 02014   7.46 %  2017               5.00          109.80           6.4110
 03003   6.25 %  2018               0.25          100.80           6.1658
 03003   6.25 %  2018               5.00          100.35           6.2124
 03003   6.25 %  2018               0.50          100.83           6.1627
 03003   6.25 %  2018               0.50          100.60           6.1865
 03003   6.25 %  2018               0.50          101.34           6.1102
 03003   6.25 %  2018               0.50          100.20           6.2280
 00008  10.70 %  2020               0.50          138.52           6.8454
 00008  10.70 %  2020               0.50          136.67           6.9926
 00008  10.70 %  2020               0.50          138.50           6.8469
 01006  10.25 %  2021               0.02          133.40           6.9818
 01006  10.25 %  2021               0.02          133.40           6.9818
 01006  10.25 %  2021               0.02          133.40           6.9818
 01006  10.25 %  2021               2.00          140.00           6.4783
 01006  10.25 %  2021               0.08          133.35           6.9857
 01006  10.25 %  2021               5.892         140.00           6.4783
 01006  10.25 %  2021               0.631         140.00           6.4783
 01006  10.25 %  2021               0.028         134.35           6.9071
 01006  10.25 %  2021               5.00          136.75           6.7218
 02011   8.35 %  2022              10.00          119.00           6.5898 02011   8.35 %  2022               0.50          119.25           6.5694
 02011   8.35 %  2022              10.00          117.53           6.7107
 02011   8.35 %  2022              10.00          117.55           6.7091
 02011   8.35 %  2022              10.00          117.00           6.7549
 01010  10.18 %  2026              20.00          139.50           6.7927
 01010  10.18 %  2026              20.00          139.00           6.8259
 01010  10.18 %  2026               5.00          139.50           6.7927
 01010  10.18 %  2026              30.00          138.50           6.8592
 02015   7.95 %  2032               5.00          113.50           6.8752
     Total                       3768.8468
B. State Government Securities
          Contract Date : March 03, 2003
 00234 10.52% TAMILNADU SDL 2010    5.00          119.50          7.0014
          Contract Date : March 04, 2003
 94212 12.50% KERALA SDL 2004       0.015         100.00         12.4628
 94214 12.50% MAHARASHTRA SDL
       2004                         0.0035        105.80          7.1008
 94202 12.50% ANDHRA PRADESH SDL
       2004                         0.0085        105.80          7.1008
 95211 14.00% KERALA S.D.L. 2005    0.01          100.00         13.9686
 95213 14.00% MAHARASHTRA S.D.L.
       2005                         0.23          113.00          7.5088
 96214 13.85% KARNATAKA SDL 2006    0.025         100.00         13.8280
 98230 12.50% GUJARAT SDL,2008      0.02          100.00         12.4920
 98230 12.50% GUJARAT SDL,2008      0.02          100.00         12.4920
 02228 7.80% KARNATAKA GOVT.
       STOCK 2012                   0.50          106.80          6.7764
 02228 7.80% KARNATAKA GOVT.
       STOCK 2012                   0.25          108.73          6.5010
 02317 6.94% MADHYA PRADESH G.S
       2012                         7.00          103.90          6.3929
 02317 6.94% MADHYA PRADESH G.S
       2012                         5.00          103.90          6.3929
 02332 6.80% KARNATAKA SDL 2012     0.25          103.05          6.3750
 02327 6.80% GUJARAT SDL 2012       0.97          102.21          6.4900
 02333 6.80% KERALA SDL 2012        2.7239        103.60          6.3004
 02327 6.80% GUJARAT SDL 2012       1.99           99.00          6.9403
 03210 6.95% GUJARAT SDL 2013       0.25          100.00          6.9496
 03210 6.95% GUJARAT SDL 2013       5.00          100.00          6.9496
     Total                         29.2659
C. Treasury Bills
   (i) 14 Day Bills (Maturity-wise)
       (DD/MM/YYYY)
                                           NIL
   (ii) 91 Day Bills (Maturity-wise)
       (DD/MM/YYYY)
          Contract Date : March 04, 2003
        07/03/2003                 10.00           99.9581         5.0860
        14/03/2003                 20.00           99.8553         5.2747
        14/03/2003                 10.00           99.8553         5.2747
        14/03/2003                 30.00           99.8550         5.2857
        21/03/2003                  0.09           99.7501         5.3642
        21/03/2003                  3.10           99.7533         5.2953
        21/03/2003                 10.00           99.7561         5.2351
        28/03/2003                  0.13           99.6527         5.2857        28/03/2003                  5.00           99.6495         5.3346
        28/03/2003                 10.00           99.6495         5.3346
        28/03/2003                 25.00           99.6495         5.3346
        28/03/2003                 10.00           99.6560         5.2353
        04/04/2003                 25.00           99.5561         5.2355
        25/04/2003                 25.00           99.2253         5.4652
        02/05/2003                  1.70           99.1426         5.3355
     Total                        185.02
   (iii) 182 Day Bills (Maturity-wise)
       (DD/MM/YYYY)
                                           NIL
   (iv) 364 Day Bills (Maturity-wise)
       (DD/MM/YYYY)
          Contract Date : March 04, 2003
        07/03/2003                  5.00          100.0000         0.0000
        21/03/2003                 20.00           99.7561         5.2351
        21/03/2003                  5.00           99.7514         5.3362
        21/03/2003                 10.00           99.7561         5.2351
        04/04/2003                 10.00           99.5460         5.3552
        16/05/2003                  2.00          100.0000         0.0000
        16/05/2003                  4.00          100.0000         0.0000
        25/07/2003                 30.00           97.9320         5.3752
        05/09/2003                 20.00           97.3431         5.3703
        03/10/2003                 20.00           96.9341         5.4051
        03/10/2003                 10.00           96.9450         5.3853
        31/10/2003                  6.49           96.5265         5.4351
        31/10/2003                 30.00           96.5573         5.3852
        31/10/2003                 10.00           96.5573         5.3852
        20/02/2004                 25.00           94.9931         5.4350
        20/02/2004                 25.00           95.0367         5.3852
     Total                        232.49
II.  REPO Transactions *
    (Other than with RBI)
---------------------------------------------------------------------------
 Loan  Nomenclature                Amount      Price *   Repo Rate   Repo
 Code                            (Face Value) Per Rs.100   (%pa)    Period
                                 (in Rs.Crore) Nominal              (Days)
           (1)                      (2)          (3)        (4)      (5)
---------------------------------------------------------------------------
A. Government of India Dated Securities
 98020  11.78 %  2003             200.00      102.65        4.60       1
 94003  12.50 %  2004              66.50      107.20        4.90       1
 00007   9.90 %  2005              15.00      108.40        5.25       1
 00011  10.20 %  2005              40.00      109.80        5.25       1
 97010  11.19 %  2005              45.00      112.65        4.90       1
 97010  11.19 %  2005              70.00      112.50        5.00       1
 99008  11.68 %  2006              30.00      116.85        5.00       1
 00013  11.00 %  2006              50.00      116.00        5.25       1
 01012   5.72 %  2006              75.00      100.00        5.10       1
 01012   5.72 %  2006              50.00      100.00        5.00       1
 01012   5.72 %  2006              50.00      100.00        5.10       1
 01012   5.72 %  2006             100.00      100.00        5.00       1
 01012   5.72 %  2006              50.00      100.00        5.25       1
 01012   5.72 %  2006             100.00      100.00        5.10       1
 01012   5.72 %  2006              50.00      100.00        5.00       1 01012   5.72 %  2006              50.00      100.00        5.00       1
 01012   5.72 %  2006              50.00      100.00        5.00       1
 01012   5.72 %  2006              50.00      100.00        4.65       1
 01012   5.72 %  2006             125.00      100.00        4.45       1
 01012   5.72 %  2006             100.00      100.00        4.85       1
 01012   5.72 %  2006              50.00      100.00        5.25       1
 98009  11.90 %  2007              20.00      122.80        4.00       1
 98007  12.00 %  2008              25.00      125.50        5.25       1
 00016  11.40 %  2008              50.00      125.70        5.00       1
 00016  11.40 %  2008              40.00      125.70        4.90       2
 00016  11.40 %  2008              40.00      125.30        5.40       1
 99006  11.99 %  2009              75.00      129.35        5.10       6
 99006  11.99 %  2009              10.00      129.00        4.50       1
 02010   7.55 %  2010              35.00      108.00        5.00       1
 00014  11.30 %  2010              20.00      129.00        5.25       1
 00014  11.30 %  2010              38.00      130.00        5.25       1
 01007   9.39 %  2011              62.00      121.00        5.50       1
 01007   9.39 %  2011              65.00      120.60        4.60       1
 01007   9.39 %  2011              80.00      120.50        5.05       1
 01007   9.39 %  2011              26.839     120.35        4.40       1
 01007   9.39 %  2011              26.839     120.35        0.00       1
 00017  11.50 %  2011(NOV) 20      36.00      134.50        5.00       1
 00017  11.50 %  2011(NOV) 20      10.00      133.50        4.65       1
 02006   6.85 %  2012              28.00      105.50        4.90       1
 02006   6.85 %  2012              20.00      105.50        4.95       1
 02009   7.40 %  2012              30.00      109.30        5.05       1
 02009   7.40 %  2012              40.00      108.70        5.25       1
 00012  11.03 %  2012              52.00      134.00        4.75       1
 00012  11.03 %  2012              37.00      134.00        4.50       1
 00012  11.03 %  2012              15.00      133.50        4.80       1
 00012  11.03 %  2012               4.85      132.00        4.75       1
 01005   9.81 %  2013              23.00      128.10        5.00       1
 01005   9.81 %  2013              38.00      128.00        5.00       1
 01005   9.81 %  2013              38.00      128.00        5.00       1
 02008   7.37 %  2014              35.00      110.25        5.00       1
 99020  11.83 %  2014              18.00      144.50        4.60       1
 00015  11.43 %  2015              10.00      142.00        5.00       1
 02018   7.38 %  2015              46.00      109.40        4.90       1
 01003  10.71 %  2016              15.00      136.50        5.00       1
 02001   8.07 %  2017              17.57      115.00        4.75       1
 02001   8.07 %  2017              73.00      114.50        4.75       1
 02007   7.49 %  2017             100.00      109.30        4.90       1
 01004  10.45 %  2018              30.00      136.50        5.00       1
 00008  10.70 %  2020               2.50      135.50        6.50       1
 01006  10.25 %  2021              50.00      139.10        5.04       1
 01006  10.25 %  2021              15.00      139.10        5.05       1
 01006  10.25 %  2021               5.00      138.50        6.50       1
 02011   8.35 %  2022              24.70      119.00        5.40       1
 02011   8.35 %  2022              16.10      117.50        4.40       1
     Total                       2859.898
B. State Government Securities
                                           NIL
C. Treasury Bills
   (i) 14 Day Bills (Maturity-wise)
      (DD/MM/YYYY)
                                           NIL
   (ii) 91 Day Bills (Maturity-wise)      (DD/MM/YYYY)
        28/03/2003                  8.10       99.6700      4.50       1
        11/04/2003                 35.00       99.4512      5.00       6
        18/04/2003                 40.00       99.3508      5.00       6
        25/04/2003                 50.00       99.2576      5.00       2
        16/05/2003                 25.00       98.9511      5.00       1
     Total                        158.10
   (iii) 182 Day Bills (Maturity-wise)
      (DD/MM/YYYY)
                                           NIL
   (iv) 364 Day Bills (Maturity-wise)
       (DD/MM/YYYY)
        02/05/2003                 30.00       99.1506      5.00       1
        16/05/2003                 35.00       98.9511      5.05       1
        11/07/2003                 69.00       98.1613      5.05       1
        23/01/2004                 73.00       95.4935      5.00       1
     Total                        207.00
-----------------------------------------------------------------------------
----
  * Relate to the first leg of Repos
  # YTM(indicative) will depend upon assumed rate of inflation
Date :  04 March 2003