Subsidiary General Ledger Account Transactions
in Government Dated Securities and Treasury Bills
at RBI, Mumbai on 05 September 2003
---------------------------------------------------------------------------
 Loan  Nomenclature              Amount           Price *        YTM %
 Code                            (Face Value)     Per Rs.100   Indicative
                                 (in Rs.Crore)    nominal
---------------------------------------------------------------------------
I.  Outright Transactions
A.Government of India Dated Securities
          Contract Date : September 04, 2003
 99008  11.68 %  2006              35.00          116.575          4.8165
 02010   7.55 %  2010               5.00          114.12           5.0370
 02010   7.55 %  2010               5.00          114.12           5.0370
 02010   7.55 %  2010               5.00          114.12           5.0370
 02010   7.55 %  2010               5.00          114.08           5.0436
 98015  12.25 %  2010               5.00          139.45           5.2880
 98015  12.25 %  2010               5.00          139.46           5.2866
 00014  11.30 %  2010              10.00          135.76           5.0877
 99005  12.32 %  2011              10.00          142.03           5.3639
 99005  12.32 %  2011               5.00          142.00           5.3678
 00010  10.95 %  2011               5.00          136.13           5.2138
 00010  10.95 %  2011               5.00          136.13           5.2138
 00010  10.95 %  2011              10.00          136.13           5.2138
 00010  10.95 %  2011              10.00          136.14           5.2125
 00010  10.95 %  2011              10.00          136.13           5.2138
 00010  10.95 %  2011               5.00          136.13           5.2138
 00010  10.95 %  2011               5.00          136.135          5.2131
 00010  10.95 %  2011               5.00          136.12           5.2151
 00010  10.95 %  2011               5.00          136.12           5.2151
 01007   9.39 %  2011              15.00          126.82           5.1770
 01007   9.39 %  2011               5.00          126.80           5.1798
 01007   9.39 %  2011              10.00          126.78           5.1825
 01007   9.39 %  2011               5.00          126.80           5.1798
 01007   9.39 %  2011              10.00          126.79           5.1811
 01007   9.39 %  2011              10.00          126.79           5.1811
 01007   9.39 %  2011               5.00          126.79           5.1811
 00017  11.50 %  2011               5.00          141.63           5.2082
 00017  11.50 %  2011               5.00          141.63           5.2082
 00017  11.50 %  2011               5.00          141.63           5.2082
 00017  11.50 %  2011               5.00          141.63           5.2082
 00017  11.50 %  2011               5.00          141.64           5.2070
 02006   6.85 %  2012               5.00          111.145          5.2218
 02006   6.85 %  2012              10.00          111.16           5.2197
 02009   7.40 %  2012               5.00          115.11           5.2092
 02009   7.40 %  2012               5.00          115.10           5.2105
 02009   7.40 %  2012               5.00          115.10           5.2105
 02009   7.40 %  2012               5.00          115.09           5.2118
 02009   7.40 %  2012               5.00          115.08           5.2131
 02009   7.40 %  2012              10.00          115.10           5.2105
 02009   7.40 %  2012               5.00          115.10           5.2105 02009   7.40 %  2012               5.00          115.08           5.2131
 00012  11.03 %  2012               5.00          140.61           5.2449
 01009   9.40 %  2012              10.00          129.57           5.2431
 01009   9.40 %  2012               5.00          129.57           5.2431
 01009   9.40 %  2012               5.00          129.57           5.2431
 01009   9.40 %  2012               5.00          129.57           5.2431
 01009   9.40 %  2012               5.00          129.57           5.2431
 01009   9.40 %  2012              15.00          129.550          5.2455
 01005   9.81 %  2013              10.00          134.21           5.2715
 01005   9.81 %  2013               5.00          134.21           5.2715
 01005   9.81 %  2013               5.00          134.20           5.2726
 01005   9.81 %  2013               5.00          134.18           5.2748
 01005   9.81 %  2013              10.00          134.20           5.2726
 01005   9.81 %  2013               5.00          134.19           5.2737
 01005   9.81 %  2013               5.00          134.195          5.2732
 02017   7.27 %  2013              10.00          115.41           5.2675
 02017   7.27 %  2013               5.00          115.41           5.2675
 02017   7.27 %  2013               5.00          115.39           5.2698
 02017   7.27 %  2013              15.00          115.41           5.2675
 02017   7.27 %  2013               5.00          115.40           5.2687
 02017   7.27 %  2013               5.00          115.40           5.2687
 02017   7.27 %  2013               5.00          115.405          5.2681
 02008   7.37 %  2014              10.00          116.35           5.3322
 02018   7.38 %  2015               5.00          117.16           5.4163
 01011   9.85 %  2015               5.00          138.90           5.4261
 01011   9.85 %  2015              10.00          138.85           5.4307
 01011   9.85 %  2015              15.00          138.85           5.4307
 01011   9.85 %  2015              10.00          138.895          5.4266
 02001   8.07 %  2017               5.00          122.90           5.6105
 02001   8.07 %  2017              10.00          122.90           5.6105
 02001   8.07 %  2017               5.00          122.90           5.6105
 02001   8.07 %  2017               5.00          122.90           5.6105
 02001   8.07 %  2017               5.00          122.90           5.6105
 02001   8.07 %  2017               5.00          122.90           5.6105
 02001   8.07 %  2017               5.00          122.90           5.6105
 02001   8.07 %  2017               5.00          122.89           5.6114
 02001   8.07 %  2017               5.00          122.87           5.6133
 02001   8.07 %  2017              20.00          122.885          5.6119
 02001   8.07 %  2017               5.00          122.87           5.6133
 02001   8.07 %  2017               5.00          122.88           5.6123
 02001   8.07 %  2017               5.00          122.87           5.6133
 02001   8.07 %  2017               5.00          122.87           5.6133
 02001   8.07 %  2017               5.00          122.87           5.6133
 02007   7.49 %  2017               5.00          117.68           5.6144
 02007   7.49 %  2017               5.00          117.67           5.6153
 02007   7.49 %  2017               5.00          117.72           5.6106
 02007   7.49 %  2017               5.00          117.66           5.6163
 02007   7.49 %  2017              10.00          117.63           5.6191
 02007   7.49 %  2017               5.00          117.62           5.6201
 02014   7.46 %  2017               5.00          117.68           5.6177
 02014   7.46 %  2017               5.00          117.68           5.6177
 02014   7.46 %  2017               5.00          117.67           5.6186
 02014   7.46 %  2017               5.00          117.67           5.6186
 02014   7.46 %  2017              20.00          117.67           5.6186
 02014   7.46 %  2017               5.00          117.665          5.6191
 02014   7.46 %  2017               5.00          117.665          5.6191
 02014   7.46 %  2017              30.00          117.66           5.6196 02014   7.46 %  2017               5.00          117.66           5.6196
 02014   7.46 %  2017               5.00          117.675          5.6182
 02014   7.46 %  2017               5.00          117.68           5.6177
 02014   7.46 %  2017              10.00          117.67           5.6186
 02014   7.46 %  2017               5.00          117.67           5.6186
 02014   7.46 %  2017               5.00          117.65           5.6205
 02014   7.46 %  2017               5.00          117.67           5.6186
 02014   7.46 %  2017               5.00          117.65           5.6205
 02014   7.46 %  2017               5.00          117.66           5.6196
 03003   6.25 %  2018               5.00          105.735          5.6594
 03003   6.25 %  2018               5.00          105.69           5.6639
 03003   6.25 %  2018               5.00          105.71           5.6619
 03003   6.25 %  2018               5.00          105.66           5.6668
 03003   6.25 %  2018               5.00          105.66           5.6668
 03003   6.25 %  2018               5.00          105.66           5.6668
 03003   6.25 %  2018               5.00          105.67           5.6658
 03003   6.25 %  2018               1.00          105.77           5.6559
 03017   6.05 %  2019               5.00          103.40           5.7189
 03017   6.05 %  2019              10.00          103.37           5.7217
 03017   6.05 %  2019              10.00          103.37           5.7217
 03017   6.05 %  2019               1.00          103.54           5.7056
 03017   6.05 %  2019               0.70          103.46           5.7132
 03004   6.35 %  2020               5.00          105.70           5.8041
 03004   6.35 %  2020              10.00          105.80           5.7949
 03004   6.35 %  2020               5.00          105.70           5.8041
 03004   6.35 %  2020               5.00          105.77           5.7976
 03004   6.35 %  2020               5.00          105.74           5.8004
 03004   6.35 %  2020               5.00          105.72           5.8022
 03004   6.35 %  2020               5.00          105.74           5.8004
 03004   6.35 %  2020               5.00          105.73           5.8013
 03004   6.35 %  2020               0.50          105.70           5.8041
 03004   6.35 %  2020               5.00          105.72           5.8022
 03004   6.35 %  2020              15.00          105.725          5.8018
 03004   6.35 %  2020               5.00          105.71           5.8032
 03004   6.35 %  2020               5.00          105.72           5.8022
 03004   6.35 %  2020               5.00          105.75           5.7995
 03004   6.35 %  2020              10.00          105.725          5.8018
 03004   6.35 %  2020               5.00          105.75           5.7995
 03004   6.35 %  2020               5.00          105.70           5.8041
 03004   6.35 %  2020              35.00          105.70           5.8041
 03004   6.35 %  2020              10.00          105.70           5.8041
 03004   6.35 %  2020               5.00          105.68           5.8059
 03004   6.35 %  2020               5.00          105.685          5.8055
 03004   6.35 %  2020               5.00          105.70           5.8041
 03004   6.35 %  2020              50.00          105.74           5.8004
 03004   6.35 %  2020               2.35          105.72           5.8022
 01006  10.25 %  2021              10.00          145.85           6.0102
 01006  10.25 %  2021               5.00          145.81           6.0130
 01006  10.25 %  2021               5.00          145.75           6.0172
 02011   8.35 %  2022               5.00          126.94           5.9426
 02011   8.35 %  2022              10.00          126.87           5.9479
 02011   8.35 %  2022              10.00          126.81           5.9524
 02011   8.35 %  2022              10.00          126.81           5.9524
 03018   6.17 %  2023               5.00          102.28           5.9710
 03018   6.17 %  2023              25.00          102.04           5.9916
 03018   6.17 %  2023               5.00          102.28           5.9710
 03018   6.17 %  2023               5.00          102.28           5.9710 03018   6.17 %  2023              10.00          102.25           5.9736
 03018   6.17 %  2023               5.00          102.30           5.9693
 03018   6.17 %  2023               5.00          102.24           5.9744
 03018   6.17 %  2023               5.00          102.28           5.9710
 03018   6.17 %  2023              10.00          102.27           5.9719
 03018   6.17 %  2023               5.00          102.28           5.9710
 03018   6.17 %  2023              10.00          102.25           5.9736
 03018   6.17 %  2023              10.00          102.21           5.9770
 03018   6.17 %  2023              50.00          102.11           5.9856
 03018   6.17 %  2023               5.00          102.21           5.9770
 03018   6.17 %  2023              20.00          102.25           5.9736
 03018   6.17 %  2023               5.00          102.24           5.9744
 03018   6.17 %  2023               5.00          102.26           5.9727
 03018   6.17 %  2023               5.00          102.25           5.9736
 03018   6.17 %  2023               5.00          102.25           5.9736
 03018   6.17 %  2023              10.00          102.10           5.9864
 03018   6.17 %  2023               5.00          102.05           5.9907
 03018   6.17 %  2023               5.00          102.15           5.9821
 03018   6.17 %  2023              10.00          101.96           5.9984
 03018   6.17 %  2023               5.00          102.05           5.9907
 03018   6.17 %  2023              10.00          102.22           5.9761
 03018   6.17 %  2023               5.00          102.28           5.9710
 03018   6.17 %  2023               5.00          102.26           5.9727
 03018   6.17 %  2023               5.00          102.25           5.9736
 03018   6.17 %  2023               5.00          102.22           5.9761
 03018   6.17 %  2023              10.00          102.25           5.9736
 03018   6.17 %  2023              25.00          102.21           5.9770
 03018   6.17 %  2023              25.00          102.21           5.9770
 03018   6.17 %  2023              25.00          102.21           5.9770
 03018   6.17 %  2023              25.00          102.21           5.9770
 03018   6.17 %  2023              25.00          102.21           5.9770
 03018   6.17 %  2023              25.00          102.21           5.9770
 03018   6.17 %  2023              25.00          102.21           5.9770
 03018   6.17 %  2023              25.00          102.21           5.9770
 03018   6.17 %  2023               5.00          102.26           5.9727
 03018   6.17 %  2023               5.00          102.20           5.9779
 03018   6.17 %  2023              10.00          102.19           5.9787
 03018   6.17 %  2023              25.00          102.24           5.9744
 03018   6.17 %  2023              20.00          102.025          5.9929
 03018   6.17 %  2023               1.00          102.30           5.9693
          Contract Date : September 05, 2003
 94003  12.50 %  2004               5.00          104.175          4.7091
 95006  14.00 %  2005               0.20          100.00          13.9610
 98007  12.00 %  2008               5.00          129.09           4.9305
 00016  11.40 %  2008              25.00          128.480          4.8962
 00016  11.40 %  2008               5.00          128.480          4.8962
 00016  11.40 %  2008               5.00          128.480          4.8962
 00016  11.40 %  2008               5.00          128.475          4.8971
 00016  11.40 %  2008              10.00          128.47           4.8981
 00016  11.40 %  2008               5.00          128.47           4.8981
 00016  11.40 %  2008               5.00          128.47           4.8981
 03006   6.00 %  2008               1.00          104.50           4.9840
 02004   6.96 %  2009               5.00          108.79           5.1247
 99006  11.99 %  2009               5.00          133.77           4.9893
 99006  11.99 %  2009              15.00          133.73           4.9962
 99006  11.99 %  2009               5.00          133.73           4.9962
 99006  11.99 %  2009               5.00          133.73           4.9962 99006  11.99 %  2009              10.00          133.79           4.9858
 99006  11.99 %  2009               5.00          133.75           4.9927
 03002   5.87 %  2010               5.00          104.40           5.0472
 03002   5.87 %  2010               5.00          104.40           5.0472
 03002   5.87 %  2010              10.00          104.37           5.0526
 03005   6.00 %  2010               5.00          104.15           5.2231
 03005   6.00 %  2010              20.00          104.15           5.2231
 03005   6.00 %  2010               5.00          104.15           5.2231
 99004  12.29 %  2010              10.00          137.705          5.2703
 99004  12.29 %  2010               5.00          137.66           5.2772
 99004  12.29 %  2010               5.00          137.66           5.2772
 99004  12.29 %  2010               5.00          137.66           5.2772
 99004  12.29 %  2010               5.00          137.635          5.2810
 03007   6.20 %  2010              10.00          105.41           5.1959
 03007   6.20 %  2010               5.00          105.39           5.1995
 03012   6.40 %  2010               5.00          106.38           5.2380
 03012   6.40 %  2010               5.00          106.38           5.2380
 80003   7.50 %  2010               0.10          111.60           5.4074
 02010   7.55 %  2010              10.00          114.03           5.0510
 02010   7.55 %  2010               5.00          114.03           5.0510
 02010   7.55 %  2010               5.00          114.04           5.0494
 02010   7.55 %  2010               5.00          114.04           5.0494
 02010   7.55 %  2010               5.00          114.06           5.0461
 98015  12.25 %  2010              10.00          139.40           5.2932
 98015  12.25 %  2010               5.00          139.41           5.2918
 00014  11.30 %  2010              10.00          135.68           5.0974
 81005   8.00 %  2011               1.25          114.50           5.6372
 00010  10.95 %  2011              10.00          136.08           5.2189
 00010  10.95 %  2011               5.00          136.09           5.2176
 00010  10.95 %  2011               5.00          136.09           5.2176
 00010  10.95 %  2011               5.00          136.09           5.2176
 00010  10.95 %  2011               5.00          136.09           5.2176
 00010  10.95 %  2011              10.00          136.05           5.2228
 00010  10.95 %  2011               5.00          136.05           5.2228
 00010  10.95 %  2011               5.00          136.05           5.2228
 00010  10.95 %  2011               5.00          136.09           5.2176
 00010  10.95 %  2011               5.00          136.09           5.2176
 00010  10.95 %  2011              10.00          136.065          5.2209
 00010  10.95 %  2011               5.00          136.07           5.2202
 00010  10.95 %  2011               5.00          136.085          5.2183
 00010  10.95 %  2011               5.00          136.08           5.2189
 00010  10.95 %  2011               5.00          136.05           5.2228
 00010  10.95 %  2011              10.00          136.07           5.2202
 00010  10.95 %  2011              10.00          136.085          5.2183
 00010  10.95 %  2011               5.00          136.07           5.2202
 00010  10.95 %  2011               5.00          136.09           5.2176
 00010  10.95 %  2011              10.00          136.095          5.2170
 00010  10.95 %  2011              10.00          100.00          10.9429
 01007   9.39 %  2011               5.00          126.78           5.1814
 01007   9.39 %  2011               5.00          126.75           5.1855
 01007   9.39 %  2011               5.00          126.76           5.1841
 01007   9.39 %  2011              10.00          126.75           5.1855
 01007   9.39 %  2011              10.00          126.75           5.1855
 01007   9.39 %  2011               5.00          126.75           5.1855
 01007   9.39 %  2011               5.00          126.76           5.1841
 01007   9.39 %  2011              10.00          126.74           5.1868
 01007   9.39 %  2011              10.00          126.74           5.1868 01007   9.39 %  2011              15.00          126.74           5.1868
 01007   9.39 %  2011               5.00          126.74           5.1868
 01007   9.39 %  2011               5.00          126.73           5.1882
 00017  11.50 %  2011              25.00          141.62           5.2081
 00017  11.50 %  2011               5.00          141.62           5.2081
 00017  11.50 %  2011               5.00          141.57           5.2141
 00017  11.50 %  2011              10.00          141.55           5.2166
 00017  11.50 %  2011              10.00          141.61           5.2093
 00017  11.50 %  2011               5.00          141.57           5.2141
 00017  11.50 %  2011               5.00          141.58           5.2129
 02006   6.85 %  2012               0.50          111.10           5.2276
 02006   6.85 %  2012               5.00          111.13           5.2235
 02006   6.85 %  2012               5.00          111.13           5.2235
 02006   6.85 %  2012               5.00          111.14           5.2221
 02006   6.85 %  2012               5.00          111.09           5.2290
 02006   6.85 %  2012               5.00          111.09           5.2290
 02006   6.85 %  2012               5.00          111.08           5.2303
 02006   6.85 %  2012               5.00          111.06           5.2331
 02006   6.85 %  2012              10.00          111.09           5.2290
 02006   6.85 %  2012               5.00          111.09           5.2290
 02006   6.85 %  2012               2.00          109.75           5.4138
 02006   6.85 %  2012               5.00          111.09           5.2290
 02006   6.85 %  2012              25.00          111.10           5.2276
 02006   6.85 %  2012              10.00          111.08           5.2303
 02006   6.85 %  2012               0.50          111.20           5.2139
 02006   6.85 %  2012               5.00          111.12           5.2249
 02006   6.85 %  2012               5.00          111.11           5.2262
 02009   7.40 %  2012               0.50          115.15           5.2034
 02009   7.40 %  2012               5.00          115.07           5.2140
 02009   7.40 %  2012              10.00          115.06           5.2153
 02009   7.40 %  2012               5.00          115.09           5.2113
 02009   7.40 %  2012               5.00          115.09           5.2113
 02009   7.40 %  2012               5.00          115.09           5.2113
 02009   7.40 %  2012               5.00          115.09           5.2113
 02009   7.40 %  2012               5.00          115.07           5.2140
 02009   7.40 %  2012              10.00          115.06           5.2153
 02009   7.40 %  2012               5.00          115.06           5.2153
 02009   7.40 %  2012               5.00          115.09           5.2113
 02009   7.40 %  2012               5.00          115.07           5.2140
 02009   7.40 %  2012               5.00          115.09           5.2113
 02009   7.40 %  2012              10.00          115.08           5.2127
 02009   7.40 %  2012               5.00          115.07           5.2140
 02009   7.40 %  2012               5.00          115.055          5.2160
 02009   7.40 %  2012               1.00          115.10           5.2100
 02009   7.40 %  2012               5.00          115.035          5.2186
 02009   7.40 %  2012               5.00          115.06           5.2153
 02009   7.40 %  2012               5.00          115.05           5.2166
 02009   7.40 %  2012               5.00          115.03           5.2193
 02009   7.40 %  2012               5.00          115.06           5.2153
 02009   7.40 %  2012               5.00          115.06           5.2153
 02009   7.40 %  2012              10.00          115.06           5.2153
 02009   7.40 %  2012              10.00          115.05           5.2166
 02009   7.40 %  2012               5.00          115.03           5.2193
 02009   7.40 %  2012               5.00          115.03           5.2193
 02009   7.40 %  2012               5.00          115.06           5.2153
 02009   7.40 %  2012              10.00          115.04           5.2180
 02009   7.40 %  2012               5.00          115.04           5.2180 02009   7.40 %  2012               5.00          115.04           5.2180
 02009   7.40 %  2012              10.00          115.03           5.2193
 02009   7.40 %  2012              10.00          115.04           5.2180
 02009   7.40 %  2012               5.00          115.04           5.2180
 02009   7.40 %  2012               5.00          115.04           5.2180
 02009   7.40 %  2012               5.00          115.04           5.2180
 02009   7.40 %  2012              10.00          115.03           5.2193
 02009   7.40 %  2012               5.00          115.04           5.2180
 02009   7.40 %  2012               5.00          115.04           5.2180
 02009   7.40 %  2012               5.00          115.05           5.2166
 02009   7.40 %  2012               5.00          115.05           5.2166
 02009   7.40 %  2012               5.00          115.03           5.2193
 02009   7.40 %  2012               5.00          115.02           5.2206
 02009   7.40 %  2012               5.00          115.02           5.2206
 02009   7.40 %  2012               5.00          115.04           5.2180
 02009   7.40 %  2012               2.00          115.05           5.2166
 02009   7.40 %  2012               5.00          115.03           5.2193
 02009   7.40 %  2012               5.00          115.01           5.2220
 02009   7.40 %  2012               5.00          115.03           5.2193
 02009   7.40 %  2012               5.00          115.06           5.2153
 02009   7.40 %  2012               2.00          115.10           5.2100
 02009   7.40 %  2012              10.00          115.03           5.2193
 02009   7.40 %  2012               1.25          115.05           5.2166
 02009   7.40 %  2012               5.00          115.14           5.2047
 00012  11.03 %  2012              10.00          140.60           5.2449
 00012  11.03 %  2012              20.00          140.61           5.2437
 00012  11.03 %  2012               5.00          140.60           5.2449
 00012  11.03 %  2012               5.00          140.53           5.2529
 00012  11.03 %  2012               5.00          140.53           5.2529
 00012  11.03 %  2012               5.00          140.57           5.2483
 00012  11.03 %  2012              25.00          140.53           5.2529
 01009   9.40 %  2012               5.00          129.53           5.2471
 01009   9.40 %  2012               5.00          129.460          5.2554
 01009   9.40 %  2012               5.00          129.490          5.2519
 01009   9.40 %  2012              25.00          129.50           5.2507
 01009   9.40 %  2012               5.00          129.50           5.2507
 82005   9.00 %  2013               1.00          125.65           5.5481
 01005   9.81 %  2013               5.00          134.13           5.2795
 01005   9.81 %  2013               5.00          134.13           5.2795
 01005   9.81 %  2013               5.00          134.14           5.2784
 01005   9.81 %  2013               5.00          134.10           5.2828
 01005   9.81 %  2013               5.00          134.09           5.2839
 01005   9.81 %  2013               5.00          134.08           5.2850
 01005   9.81 %  2013               5.00          134.10           5.2828
 01005   9.81 %  2013               5.00          134.12           5.2806
 01005   9.81 %  2013               5.00          134.12           5.2806
 01005   9.81 %  2013              10.00          134.09           5.2839
 01005   9.81 %  2013              10.00          134.10           5.2828
 01005   9.81 %  2013               5.00          134.08           5.2850
 01005   9.81 %  2013              15.00          134.14           5.2784
 02017   7.27 %  2013               5.00          115.36           5.2730
 02017   7.27 %  2013               5.00          115.37           5.2718
 02017   7.27 %  2013               5.00          115.37           5.2718
 02017   7.27 %  2013               0.50          115.40           5.2682
 02017   7.27 %  2013               5.00          115.35           5.2742
 02017   7.27 %  2013               5.00          115.34           5.2754
 02017   7.27 %  2013               5.00          115.35           5.2742 02017   7.27 %  2013               5.00          115.31           5.2789
 02017   7.27 %  2013               5.00          115.31           5.2789
 02017   7.27 %  2013              25.00          115.34           5.2754
 02017   7.27 %  2013              50.00          115.34           5.2754
 02017   7.27 %  2013               5.00          115.37           5.2718
 02017   7.27 %  2013              10.00          115.32           5.2777
 02017   7.27 %  2013               5.00          115.34           5.2754
 02017   7.27 %  2013               5.00          115.34           5.2754
 02017   7.27 %  2013               5.00          115.31           5.2789
 02017   7.27 %  2013               5.00          115.33           5.2766
 02017   7.27 %  2013               5.00          115.33           5.2766
 02017   7.27 %  2013               0.50          115.30           5.2801
 02017   7.27 %  2013               5.00          115.325          5.2772
 02017   7.27 %  2013               5.00          115.33           5.2766
 02017   7.27 %  2013               1.00          115.32           5.2777
 02017   7.27 %  2013              10.00          115.32           5.2777
 02017   7.27 %  2013               2.00          115.40           5.2682
 02017   7.27 %  2013               5.00          115.30           5.2801
 02017   7.27 %  2013               5.00          115.30           5.2801
 02017   7.27 %  2013               5.00          115.39           5.2694
 02017   7.27 %  2013               5.00          115.37           5.2718
 02017   7.27 %  2013               5.00          115.34           5.2754
 02017   7.27 %  2013               5.00          115.46           5.2611
 03009   6.72 %  2014              25.00          111.08           5.3254
 03009   6.72 %  2014              15.00          111.11           5.3219
 03009   6.72 %  2014               5.00          111.05           5.3289
 02008   7.37 %  2014               5.00          116.35           5.3318
 02008   7.37 %  2014               5.00          116.36           5.3307
 02008   7.37 %  2014               5.00          116.32           5.3352
 02008   7.37 %  2014               5.00          116.31           5.3363
 02008   7.37 %  2014               5.00          116.28           5.3397
 02008   7.37 %  2014               5.00          116.30           5.3375
 02008   7.37 %  2014               5.00          116.29           5.3386
 02008   7.37 %  2014               5.00          116.29           5.3386
 02008   7.37 %  2014               5.00          116.29           5.3386
 02008   7.37 %  2014               5.00          116.28           5.3397
 02008   7.37 %  2014               5.00          116.30           5.3375
 02008   7.37 %  2014               5.00          116.30           5.3375
 02008   7.37 %  2014               5.00          116.30           5.3375
 02008   7.37 %  2014              10.00          116.30           5.3375
 02008   7.37 %  2014               5.00          116.28           5.3397
 02008   7.37 %  2014               5.00          116.28           5.3397
 02008   7.37 %  2014               5.00          116.25           5.3431
 02008   7.37 %  2014               5.00          116.25           5.3431
 02008   7.37 %  2014               5.00          116.25           5.3431
 02008   7.37 %  2014               5.00          116.28           5.3397
 02008   7.37 %  2014               5.00          116.33           5.3341
 02008   7.37 %  2014              10.00          116.28           5.3397
 02008   7.37 %  2014               5.00          116.30           5.3375
 83004  10.00 %  2014               0.50          134.60           5.6545
 84010  10.50 %  2014               5.00          140.26           5.5959
 00009  10.79 %  2015               1.00          143.00           5.7026
 00009  10.79 %  2015               0.10          143.60           5.6469
 00015  11.43 %  2015               5.00          149.45           5.6670
 02018   7.38 %  2015               5.00          117.19           5.4129
 02018   7.38 %  2015               5.00          117.14           5.4181
 02018   7.38 %  2015              25.00          117.12           5.4201 02018   7.38 %  2015               1.00          117.12           5.4201
 02018   7.38 %  2015               5.00          117.10           5.4222
 01011   9.85 %  2015               5.00          138.80           5.4347
 01011   9.85 %  2015               5.00          138.80           5.4347
 01011   9.85 %  2015               5.00          138.80           5.4347
 01011   9.85 %  2015               5.00          138.82           5.4329
 01011   9.85 %  2015               5.00          138.80           5.4347
 01011   9.85 %  2015               5.00          138.79           5.4356
 01011   9.85 %  2015               5.00          138.80           5.4347
 01011   9.85 %  2015               5.00          138.80           5.4347
 01011   9.85 %  2015              10.00          138.75           5.4393
 01011   9.85 %  2015              10.00          138.80           5.4347
 01011   9.85 %  2015              10.00          138.78           5.4366
 01011   9.85 %  2015              10.00          138.76           5.4384
 01011   9.85 %  2015              10.00          138.76           5.4384
 01011   9.85 %  2015              10.00          138.74           5.4402
 01003  10.71 %  2016              20.00          145.35           5.6383
 01003  10.71 %  2016               5.00          145.35           5.6383
 01003  10.71 %  2016              10.00          145.30           5.6427
 01003  10.71 %  2016              10.00          145.30           5.6427
 02001   8.07 %  2017               5.00          122.84           5.6158
 02001   8.07 %  2017               5.00          122.85           5.6148
 02001   8.07 %  2017               5.00          122.88           5.6120
 02001   8.07 %  2017               5.00          122.84           5.6158
 02001   8.07 %  2017               5.00          122.82           5.6176
 02001   8.07 %  2017               5.00          122.83           5.6167
 02001   8.07 %  2017               5.00          122.83           5.6167
 02001   8.07 %  2017               5.00          122.88           5.6120
 02001   8.07 %  2017               5.00          122.83           5.6167
 02001   8.07 %  2017               5.00          122.83           5.6167
 02001   8.07 %  2017               5.00          122.85           5.6148
 02001   8.07 %  2017               5.00          122.85           5.6148
 02001   8.07 %  2017               5.00          122.85           5.6148
 02001   8.07 %  2017               5.00          122.81           5.6186
 02001   8.07 %  2017               5.00          122.81           5.6186
 02001   8.07 %  2017               5.00          122.86           5.6139
 02001   8.07 %  2017               5.00          122.83           5.6167
 02001   8.07 %  2017               5.00          122.81           5.6186
 02001   8.07 %  2017               5.00          122.80           5.6195
 02001   8.07 %  2017               5.00          122.83           5.6167
 02001   8.07 %  2017               5.00          122.83           5.6167
 02001   8.07 %  2017               5.00          122.815          5.6181
 02001   8.07 %  2017               5.00          122.82           5.6176
 02001   8.07 %  2017               5.00          122.77           5.6223
 02001   8.07 %  2017              10.00          122.81           5.6186
 02001   8.07 %  2017               5.00          122.81           5.6186
 02001   8.07 %  2017               5.00          122.77           5.6223
 02001   8.07 %  2017              10.00          122.77           5.6223
 02001   8.07 %  2017               5.00          122.77           5.6223
 02001   8.07 %  2017               5.00          122.78           5.6214
 02001   8.07 %  2017               5.00          122.78           5.6214
 02001   8.07 %  2017               5.00          122.86           5.6139
 02001   8.07 %  2017               5.00          122.81           5.6186
 02001   8.07 %  2017               5.00          122.81           5.6186
 02001   8.07 %  2017               5.00          122.82           5.6176
 02001   8.07 %  2017               5.00          122.80           5.6195
 02001   8.07 %  2017               0.22          123.10           5.5914 02001   8.07 %  2017               5.00          122.75           5.6242
 02001   8.07 %  2017              15.00          122.76           5.6233
 02001   8.07 %  2017               5.00          122.78           5.6214
 02001   8.07 %  2017              10.00          122.79           5.6205
 02001   8.07 %  2017               5.00          122.86           5.6139
 02001   8.07 %  2017               5.00          122.78           5.6214
 02001   8.07 %  2017               5.00          122.78           5.6214
 02007   7.49 %  2017               1.00          117.69           5.6132
 02007   7.49 %  2017               5.00          117.59           5.6227
 02007   7.49 %  2017               5.00          117.585          5.6232
 02007   7.49 %  2017               5.00          117.58           5.6237
 02007   7.49 %  2017               5.00          117.58           5.6237
 02007   7.49 %  2017               5.00          117.58           5.6237
 02007   7.49 %  2017               5.00          117.60           5.6218
 02007   7.49 %  2017              10.00          117.54           5.6275
 02007   7.49 %  2017               5.00          117.56           5.6256
 02007   7.49 %  2017               5.00          117.57           5.6246
 02007   7.49 %  2017               5.00          117.57           5.6246
 02007   7.49 %  2017               5.00          117.58           5.6237
 02007   7.49 %  2017               5.00          117.535          5.6280
 02007   7.49 %  2017               5.00          117.55           5.6265
 02007   7.49 %  2017              10.00          117.50           5.6313
 02007   7.49 %  2017               5.00          117.50           5.6313
 02007   7.49 %  2017               5.00          117.50           5.6313
 02007   7.49 %  2017              10.00          117.50           5.6313
 02007   7.49 %  2017               5.00          117.51           5.6304
 02007   7.49 %  2017              10.00          117.50           5.6313
 02007   7.49 %  2017               5.00          117.53           5.6285
 02007   7.49 %  2017               5.00          117.495          5.6318
 02007   7.49 %  2017               5.00          117.50           5.6313
 02007   7.49 %  2017              25.00          117.49           5.6323
 02007   7.49 %  2017              10.00          117.55           5.6265
 02014   7.46 %  2017              10.00          117.65           5.6203
 02014   7.46 %  2017               1.00          117.70           5.6156
 02014   7.46 %  2017               1.00          117.73           5.6128
 02014   7.46 %  2017               5.00          117.65           5.6203
 02014   7.46 %  2017               5.00          117.65           5.6203
 02014   7.46 %  2017               5.00          117.64           5.6212
 02014   7.46 %  2017               5.00          117.64           5.6212
 02014   7.46 %  2017               5.00          117.59           5.6259
 02014   7.46 %  2017              10.00          117.65           5.6203
 02014   7.46 %  2017              10.00          117.60           5.6249
 02014   7.46 %  2017               5.00          117.65           5.6203
 02014   7.46 %  2017               5.00          117.64           5.6212
 02014   7.46 %  2017               5.00          117.63           5.6221
 02014   7.46 %  2017               5.00          117.59           5.6259
 02014   7.46 %  2017               5.00          117.595          5.6254
 02014   7.46 %  2017               5.00          117.65           5.6203
 02014   7.46 %  2017               5.00          117.60           5.6249
 02014   7.46 %  2017              10.00          117.62           5.6231
 02014   7.46 %  2017               5.00          117.62           5.6231
 02014   7.46 %  2017               5.00          117.59           5.6259
 02014   7.46 %  2017               5.00          117.595          5.6254
 02014   7.46 %  2017               5.00          117.64           5.6212
 02014   7.46 %  2017               5.00          117.64           5.6212
 02014   7.46 %  2017              25.00          117.56           5.6287
 02014   7.46 %  2017               5.00          117.62           5.6231 02014   7.46 %  2017               0.75          117.68           5.6175
 02014   7.46 %  2017               5.00          117.62           5.6231
 02014   7.46 %  2017               5.00          117.60           5.6249
 02014   7.46 %  2017               5.00          117.63           5.6221
 02014   7.46 %  2017               5.00          117.60           5.6249
 02014   7.46 %  2017               5.00          117.60           5.6249
 02014   7.46 %  2017               5.00          117.61           5.6240
 02014   7.46 %  2017               5.00          117.56           5.6287
 02014   7.46 %  2017               0.50          117.60           5.6249
 02014   7.46 %  2017               5.00          117.55           5.6296
 02014   7.46 %  2017              10.00          117.53           5.6315
 02014   7.46 %  2017               5.00          117.58           5.6268
 02014   7.46 %  2017               0.50          117.62           5.6231
 02014   7.46 %  2017               0.50          117.76           5.6100
 02014   7.46 %  2017              25.00          117.55           5.6296
 02014   7.46 %  2017               0.50          117.50           5.6343
 02014   7.46 %  2017               0.30          117.56           5.6287
 02014   7.46 %  2017               1.00          117.69           5.6165
 02014   7.46 %  2017               5.00          117.57           5.6278
 02014   7.46 %  2017               1.00          117.61           5.6240
 02014   7.46 %  2017               5.00          117.585          5.6263
 02014   7.46 %  2017               0.25          117.52           5.6324
 02014   7.46 %  2017               1.00          117.48           5.6362
 02014   7.46 %  2017               4.00          117.58           5.6268
 02014   7.46 %  2017               5.00          117.60           5.6249
 02014   7.46 %  2017               5.00          117.62           5.6231
 03003   6.25 %  2018               0.50          105.73           5.6598
 03003   6.25 %  2018               1.00          105.73           5.6598
 03003   6.25 %  2018               5.00          105.57           5.6757
 03003   6.25 %  2018               5.00          105.57           5.6757
 03003   6.25 %  2018               5.00          105.66           5.6668
 03003   6.25 %  2018               5.00          105.60           5.6727
 03003   6.25 %  2018               0.50          105.77           5.6559
 03003   6.25 %  2018               5.00          105.60           5.6727
 03003   6.25 %  2018               5.00          105.57           5.6757
 03003   6.25 %  2018               5.00          105.60           5.6727
 03003   6.25 %  2018               5.00          105.60           5.6727
 03003   6.25 %  2018               5.00          105.60           5.6727
 03003   6.25 %  2018               5.00          105.60           5.6727
 03003   6.25 %  2018              10.00          105.52           5.6807
 03003   6.25 %  2018               5.00          105.60           5.6727
 03003   6.25 %  2018               5.00          105.60           5.6727
 03003   6.25 %  2018               5.00          105.60           5.6727
 03003   6.25 %  2018               0.50          105.77           5.6559
 03003   6.25 %  2018               5.00          105.57           5.6757
 03003   6.25 %  2018               5.00          105.585          5.6742
 03003   6.25 %  2018               5.00          105.60           5.6727
 03003   6.25 %  2018               1.00          105.60           5.6727
 03003   6.25 %  2018               1.25          105.58           5.6747
 03003   6.25 %  2018               5.00          105.57           5.6757
 03003   6.25 %  2018               5.00          105.55           5.6777
 03003   6.25 %  2018               1.00          105.59           5.6737
 03003   6.25 %  2018               0.25          105.72           5.6608
 03003   6.25 %  2018               1.50          105.57           5.6757
 03003   6.25 %  2018               0.25          105.76           5.6568
 03003   6.25 %  2018               0.15          105.75           5.6578
 03003   6.25 %  2018               0.25          105.67           5.6658 03003   6.25 %  2018              10.00          100.00           6.2488
 03003   6.25 %  2018               5.00          105.56           5.6767
 03003   6.25 %  2018               5.00          105.59           5.6737
 03003   6.25 %  2018               5.00          105.55           5.6777
 03003   6.25 %  2018              10.00          105.63           5.6697
 03003   6.25 %  2018               1.45          105.55           5.6777
 03003   6.25 %  2018               0.20          105.73           5.6598
 03003   6.25 %  2018               5.00          105.72           5.6608
 01004  10.45 %  2018               0.20          144.60           5.8687
 03017   6.05 %  2019               1.25          103.75           5.6857
 03017   6.05 %  2019              10.00          103.20           5.7379
 03017   6.05 %  2019              10.00          103.25           5.7331
 03017   6.05 %  2019               5.00          103.14           5.7436
 03017   6.05 %  2019              10.00          103.12           5.7455
 03017   6.05 %  2019               5.00          103.12           5.7455
 03017   6.05 %  2019              10.00          103.12           5.7455
 03017   6.05 %  2019              20.00          103.27           5.7312
 03017   6.05 %  2019               0.25          103.30           5.7284
 03017   6.05 %  2019               1.00          103.40           5.7189
 03017   6.05 %  2019              15.00          103.15           5.7426
 03017   6.05 %  2019               1.00          103.48           5.7113
 03017   6.05 %  2019               0.60          103.49           5.7103
 01008  10.03 %  2019              20.00          141.50           5.9586
 03004   6.35 %  2020               5.00          105.71           5.8031
 03004   6.35 %  2020               0.15          105.88           5.7875
 03004   6.35 %  2020               5.00          105.80           5.7948
 03004   6.35 %  2020               5.00          105.77           5.7976
 03004   6.35 %  2020               5.00          105.66           5.8077
 03004   6.35 %  2020               5.00          105.58           5.8151
 03004   6.35 %  2020               5.00          105.71           5.8031
 03004   6.35 %  2020               5.00          105.63           5.8105
 03004   6.35 %  2020               2.00          105.79           5.7957
 03004   6.35 %  2020               5.00          105.63           5.8105
 03004   6.35 %  2020               5.00          105.63           5.8105
 03004   6.35 %  2020               5.00          105.60           5.8132
 03004   6.35 %  2020               5.00          105.60           5.8132
 03004   6.35 %  2020               5.00          105.62           5.8114
 03004   6.35 %  2020               5.00          105.68           5.8059
 03004   6.35 %  2020               5.00          105.62           5.8114
 03004   6.35 %  2020              10.00          105.60           5.8132
 03004   6.35 %  2020              10.00          105.60           5.8132
 03004   6.35 %  2020               5.00          105.60           5.8132
 03004   6.35 %  2020              10.00          105.60           5.8132
 03004   6.35 %  2020               5.00          105.65           5.8086
 03004   6.35 %  2020               5.00          105.60           5.8132
 03004   6.35 %  2020               5.00          105.62           5.8114
 03004   6.35 %  2020               0.50          105.65           5.8086
 03004   6.35 %  2020               5.00          105.60           5.8132
 03004   6.35 %  2020               1.25          105.72           5.8022
 03004   6.35 %  2020               5.00          105.60           5.8132
 03004   6.35 %  2020               5.00          105.66           5.8077
 03004   6.35 %  2020               5.00          105.63           5.8105
 03004   6.35 %  2020               5.00          105.62           5.8114
 03004   6.35 %  2020               5.00          105.63           5.8105
 03004   6.35 %  2020               5.00          105.64           5.8095
 03004   6.35 %  2020               5.00          105.64           5.8095
 03004   6.35 %  2020               5.00          105.60           5.8132 03004   6.35 %  2020               5.00          105.62           5.8114
 03004   6.35 %  2020               5.00          105.51           5.8215
 03004   6.35 %  2020               5.00          105.52           5.8206
 03004   6.35 %  2020               5.00          105.51           5.8215
 03004   6.35 %  2020               0.50          105.68           5.8059
 03004   6.35 %  2020               5.00          105.50           5.8225
 03004   6.35 %  2020               5.00          105.50           5.8225
 03004   6.35 %  2020              10.00          105.60           5.8132
 03004   6.35 %  2020               5.00          105.59           5.8142
 03004   6.35 %  2020               5.00          105.57           5.8160
 03004   6.35 %  2020               5.00          105.57           5.8160
 03004   6.35 %  2020              10.00          105.52           5.8206
 03004   6.35 %  2020               1.10          105.67           5.8068
 03004   6.35 %  2020              15.00          105.52           5.8206
 03004   6.35 %  2020              25.00          105.55           5.8178
 03004   6.35 %  2020              20.00          105.51           5.8215
 03004   6.35 %  2020               0.10          105.76           5.7985
 00008  10.70 %  2020               0.50          149.97           5.9312
 00008  10.70 %  2020               2.00          149.00           6.0008
 00008  10.70 %  2020               0.07          150.48           5.8949
 00008  10.70 %  2020               0.12          150.48           5.8949
 01006  10.25 %  2021              10.00          145.55           6.0310
 02011   8.35 %  2022               5.00          126.94           5.9425
 02011   8.35 %  2022               5.00          126.76           5.9561
 02011   8.35 %  2022               5.00          126.67           5.9628
 02011   8.35 %  2022               5.00          126.63           5.9659
 02011   8.35 %  2022               5.00          126.52           5.9742
 02011   8.35 %  2022               5.00          126.55           5.9719
 02011   8.35 %  2022              25.00          126.54           5.9727
 02011   8.35 %  2022               5.00          126.60           5.9681
 02011   8.35 %  2022              10.00          126.60           5.9681
 03013   6.30 %  2023               1.00          104.35           5.9213
 03013   6.30 %  2023               5.00          103.95           5.9551
 03013   6.30 %  2023               5.00          100.00           6.2993
 03013   6.30 %  2023               0.75          104.00           5.9509
 03018   6.17 %  2023               5.00          101.96           5.9984
 03018   6.17 %  2023               5.00          102.26           5.9727
 03018   6.17 %  2023               5.00          102.26           5.9727
 03018   6.17 %  2023               0.50          102.29           5.9701
 03018   6.17 %  2023               2.00          102.04           5.9915
 03018   6.17 %  2023               1.00          102.04           5.9915
 03018   6.17 %  2023               1.00          102.04           5.9915
 03018   6.17 %  2023               2.00          102.04           5.9915
 03018   6.17 %  2023               1.00          102.04           5.9915
 03018   6.17 %  2023               0.50          102.04           5.9915
 03018   6.17 %  2023               1.00          102.04           5.9915
 03018   6.17 %  2023               1.00          102.04           5.9915
 03018   6.17 %  2023               2.00          102.04           5.9915
 03018   6.17 %  2023               5.00          102.10           5.9864
 03018   6.17 %  2023               5.00          102.20           5.9778
 03018   6.17 %  2023               0.50          102.32           5.9676
 03018   6.17 %  2023               5.00          102.30           5.9693
 03018   6.17 %  2023               0.60          102.31           5.9684
 03018   6.17 %  2023               1.00          102.38           5.9625
 03018   6.17 %  2023               2.00          102.04           5.9915
 03018   6.17 %  2023               0.50          102.06           5.9898
 03018   6.17 %  2023               0.50          102.06           5.9898 03018   6.17 %  2023               2.00          102.06           5.9898
 03018   6.17 %  2023               0.25          102.35           5.9650
 03018   6.17 %  2023               0.50          102.31           5.9684
 03018   6.17 %  2023               0.25          102.31           5.9684
 03018   6.17 %  2023               1.00          102.06           5.9898
 03018   6.17 %  2023              10.00          102.21           5.9770
 03018   6.17 %  2023               0.50          102.06           5.9898
 03018   6.17 %  2023               5.00          102.21           5.9770
 03018   6.17 %  2023               5.00          102.25           5.9736
 03018   6.17 %  2023               0.25          102.25           5.9736
 03018   6.17 %  2023               0.50          102.25           5.9736
 03018   6.17 %  2023               1.00          102.29           5.9701
 03018   6.17 %  2023               0.50          102.29           5.9701
 03018   6.17 %  2023               1.50          102.28           5.9710
 03018   6.17 %  2023               0.25          102.30           5.9693
 03018   6.17 %  2023               0.50          102.25           5.9736
 03018   6.17 %  2023               5.00          102.15           5.9821
 03018   6.17 %  2023               0.50          102.27           5.9719
 03018   6.17 %  2023               0.50          102.28           5.9710
 03018   6.17 %  2023               5.00          102.21           5.9770
 03018   6.17 %  2023               5.00          102.13           5.9838
 03018   6.17 %  2023               5.00          102.17           5.9804
 03018   6.17 %  2023               5.00          102.16           5.9813
 03018   6.17 %  2023               1.50          102.22           5.9761
 03018   6.17 %  2023               5.00          102.18           5.9796
 03018   6.17 %  2023               5.00          102.17           5.9804
 03018   6.17 %  2023               5.00          102.10           5.9864
 03018   6.17 %  2023               5.00          102.10           5.9864
 03018   6.17 %  2023               0.25          102.26           5.9727
 03018   6.17 %  2023               1.00          102.04           5.9915
 03018   6.17 %  2023               1.596         102.15           5.9821
 03018   6.17 %  2023               1.00          102.04           5.9915
 03018   6.17 %  2023               5.00          102.10           5.9864
 03018   6.17 %  2023               1.00          102.04           5.9915
 03018   6.17 %  2023               3.00          102.18           5.9796
 03018   6.17 %  2023               5.00          102.14           5.9830
 03018   6.17 %  2023               2.00          102.04           5.9915
 03018   6.17 %  2023               1.50          102.06           5.9898
 03018   6.17 %  2023               0.50          102.06           5.9898
 03018   6.17 %  2023               5.00          102.10           5.9864
 03018   6.17 %  2023               5.00          102.12           5.9847
 03018   6.17 %  2023               1.00          102.05           5.9907
 03018   6.17 %  2023               5.00          101.96           5.9984
 03018   6.17 %  2023               2.00          102.04           5.9915
 03018   6.17 %  2023               5.00          102.145          5.9826
 03018   6.17 %  2023               2.00          102.04           5.9915
 03018   6.17 %  2023               5.00          102.15           5.9821
 03018   6.17 %  2023               5.00          102.14           5.9830
 03018   6.17 %  2023               5.00          102.11           5.9855
 03018   6.17 %  2023              50.00          102.08           5.9881
 03018   6.17 %  2023               1.00          102.18           5.9796
 03018   6.17 %  2023              10.00          102.17           5.9804
 03018   6.17 %  2023               5.00          102.16           5.9813
 03018   6.17 %  2023               5.00          102.05           5.9907
 03018   6.17 %  2023               5.00          102.23           5.9753
 03018   6.17 %  2023               0.50          102.20           5.9778
 03018   6.17 %  2023              50.00          102.08           5.9881 03018   6.17 %  2023               0.50          102.24           5.9744
 03018   6.17 %  2023               0.25          102.20           5.9778
 03018   6.17 %  2023               1.00          102.21           5.9770
 03018   6.17 %  2023              10.00          102.12           5.9847
 03018   6.17 %  2023               0.50          102.20           5.9778
 03018   6.17 %  2023               0.25          102.05           5.9907
 03018   6.17 %  2023               2.00          102.31           5.9684
 03018   6.17 %  2023               0.25          102.28           5.9710
 03018   6.17 %  2023               0.50          102.05           5.9907
 03018   6.17 %  2023               0.25          102.25           5.9736
 03018   6.17 %  2023               0.85          102.06           5.9898
 03018   6.17 %  2023               0.25          102.20           5.9778
 03018   6.17 %  2023               1.00          102.06           5.9898
 03018   6.17 %  2023               0.30          102.08           5.9881
 03018   6.17 %  2023               0.25          102.06           5.9898
 03018   6.17 %  2023               2.00          102.06           5.9898
 03018   6.17 %  2023               0.50          102.06           5.9898
 03018   6.17 %  2023              10.00          102.12           5.9847
 03018   6.17 %  2023               1.00          102.06           5.9898
 03018   6.17 %  2023               5.00          102.18           5.9796
 03018   6.17 %  2023              10.00          102.22           5.9761
 03018   6.17 %  2023               0.15          102.33           5.9667
 03018   6.17 %  2023               5.00          102.22           5.9761
 03020   6.01 %  2028               5.00          100.43           5.9760
 03020   6.01 %  2028               3.75          100.50           5.9706
 03020   6.01 %  2028               1.00          100.70           5.9550
 03020   6.01 %  2028               1.00          100.70           5.9550
 03020   6.01 %  2028               3.00          101.30           5.9087
 03020   6.01 %  2028               1.00          100.70           5.9550
 03020   6.01 %  2028               1.50          100.55           5.9667
 03020   6.01 %  2028               0.45          101.05           5.9280
 03020   6.01 %  2028               0.50          100.70           5.9550
 03020   6.01 %  2028               0.30          100.50           5.9706
 03020   6.01 %  2028               0.50          100.80           5.9473
 03015   6.13 %  2028               0.13          101.80           5.9887
 03015   6.13 %  2028               2.00          101.51           6.0111
 03015   6.13 %  2028               1.00          101.41           6.0188
 03015   6.13 %  2028               0.20          102.30           5.9504
 02015   7.95 %  2032               0.045         125.80           6.0512
     Total                       5094.231
B. State Government Securities
          Contract Date : September 04, 2003
 03364 6.20% PUNJAB SDL 2015        5.56          100.84          6.0999
 03358 6.20% MAHARASHTRA SDL
       2015                        15.728         100.84          6.0999
 03351 6.20% HARYANA SDL 2015       8.562         100.84          6.0999
          Contract Date : September 05, 2003
 99227 12.25% UTTAR PRADESH SDL
       2009                         2.8836        130.69          5.7804
 99227 12.25% UTTAR PRADESH SDL
       2009                         1.501         130.69          5.7804
 02228 7.80% KARNATAKA GOVT.
       STOCK 2012                   0.25          111.48          6.0488
 02235 8.00% GUJRAT SDL 2012        2.9775        100.00          7.9995
 02261 7.80% GUJRAT SDL 2012        4.00          112.50          5.9276
 02327 6.80% GUJARAT SDL 2012       0.50          105.05          6.0794 02333 6.80% KERALA SDL 2012        0.15          105.12          6.0697
 03251 6.75% RAJASTHAN SDL 2013     5.00          105.00          6.0511
 03358 6.20% MAHARASHTRA SDL
       2015                         1.00          101.85          5.9811
 03344 6.20% ANDHRA PRADESH SDL
       2015                         0.35          101.36          6.0385
     Total                         48.4621
C. Treasury Bills
   (i) 14 Day Bills (Maturity-wise)
       (DD/MM/YYYY)
                                           NIL
   (ii) 91 Day Bills (Maturity-wise)
       (DD/MM/YYYY)
          Contract Date : September 04, 2003
        24/10/2003                  0.56           99.3730         4.5934
        31/10/2003                  0.26           99.2871         4.5852
        15/11/2003                  1.00           99.0979         4.6021
        21/11/2003                  0.52           99.0182         4.6272
        28/11/2003                  0.73           98.9344         4.6124
          Contract Date : September 05, 2003
        12/09/2003                 10.00           99.9166         4.3404
        03/10/2003                  5.00           99.6476         4.5974
        03/10/2003                  0.20           99.6415         4.6773
        17/10/2003                  8.00           99.4723         4.5977
        31/10/2003                 21.00           99.2977         4.5972
        31/10/2003                  0.7525         99.2977         4.5972
        15/11/2003                  7.60           99.1036         4.6372
        15/11/2003                  4.50           99.1074         4.6174
        15/11/2003                  3.10           99.1036         4.6372
        15/11/2003                  1.38           99.1036         4.6372
        15/11/2003                  1.00           99.1036         4.6372
        15/11/2003                  7.00           99.0998         4.6570
        21/11/2003                 20.00           99.0368         4.5976
        21/11/2003                 25.00           99.0389         4.5875
        21/11/2003                  5.00           99.0368         4.5976
        21/11/2003                  0.33           99.0244         4.6574
        28/11/2003                  5.02           98.9299         4.6873
        28/11/2003                  5.00           98.9367         4.6572
        05/12/2003                100.00           98.8600         4.6126
        05/12/2003                109.3225         98.8500         4.6535
        05/12/2003                 36.44           98.8500         4.6535
        05/12/2003                 10.00           98.8600         4.6126
        05/12/2003                 14.575          98.8500         4.6535
     Total                        403.29
   (iii) 182 Day Bills (Maturity-wise)
       (DD/MM/YYYY)
                                           NIL
   (iv) 364 Day Bills (Maturity-wise)
       (DD/MM/YYYY)
          Contract Date : September 04, 2003
        19/09/2003                 10.00           99.8277         4.1884
        17/10/2003                  2.50           99.4701         4.5096
        30/04/2004                  1.04           97.0265         4.6675
        06/08/2004                 40.00           95.8952         4.6235
        06/08/2004                 26.00           95.8952         4.6235
        03/09/2004                  4.355          95.5200         4.6773          Contract Date : September 05, 2003
        12/12/2003                  0.01           98.7669         4.6373
        30/04/2004                  5.00           97.0387         4.6673
        15/05/2004                  0.35           96.9035         4.5974
        28/05/2004                  6.00           96.7223         4.6373
        09/07/2004                  1.00           96.1931         4.6771
        23/07/2004                 40.00           96.1165         4.5674
        23/07/2004                 25.00           96.0676         4.6273
        23/07/2004                 25.00           96.0676         4.6273
        23/07/2004                 15.00           96.0676         4.6273
        06/08/2004                  0.15           95.8952         4.6372
        20/08/2004                 25.00           95.7226         4.6473
        20/08/2004                 15.00           95.7226         4.6473
        20/08/2004                 25.00           95.7490         4.6173
        20/08/2004                 30.00           95.7314         4.6373
        03/09/2004                  3.8925         95.5200         4.6901
        03/09/2004                 19.00           95.5200         4.6901
        03/09/2004                 50.00           95.5774         4.6272
        03/09/2004                 35.00           95.5500         4.6572
        03/09/2004                  4.85           95.5200         4.6901
        03/09/2004                  4.875          95.5200         4.6901
        03/09/2004                  3.90           95.5200         4.6901
        03/09/2004                  2.92           95.5409         4.6672
     Total                        420.8425
II.  REPO Transactions *
    (Other than with RBI)
---------------------------------------------------------------------------
 Loan  Nomenclature                Amount      Price *   Repo Rate   Repo
 Code                            (Face Value) Per Rs.100   (%pa)    Period
                                 (in Rs.Crore) Nominal              (Days)
           (1)                      (2)          (3)        (4)      (5)
---------------------------------------------------------------------------
A. Government of India Dated Securities
 94003  12.50 %  2004              32.00      104.18        4.00       3
 94003  12.50 %  2004              45.50      104.23        4.00       3
 97007  12.59 %  2004              50.00      106.02        4.05       3
 97007  12.59 %  2004              50.00      106.02        4.05       1
 98017  11.95 %  2004              50.00      106.20        4.00       1
 98017  11.95 %  2004              50.00      106.20        4.00       1
 98017  11.95 %  2004              39.50      106.20        4.00       1
 98017  11.95 %  2004              27.80      106.20        4.05       1
 98017  11.95 %  2004              35.00      106.20        4.25       3
 98017  11.95 %  2004              30.00      106.20        4.25       3
 00007   9.90 %  2005              25.00      108.00        4.10       3
 97010  11.19 %  2005              45.00      111.78        4.65       3
 97010  11.19 %  2005              50.00      111.78        4.15       1
 99008  11.68 %  2006              70.00      116.50        4.00       3
 99008  11.68 %  2006              45.00      116.50        4.10       3
 99008  11.68 %  2006              10.00      116.65        4.15       1
 98005  11.75 %  2006              78.00      116.75        4.00       3
 00013  11.00 %  2006              21.50      116.20        4.20       3
 98007  12.00 %  2008              25.00      129.00        4.20       3
 88008  11.50 %  2008              25.00      126.50        4.20       3
 00016  11.40 %  2008              27.00      128.25        4.20       3
 00016  11.40 %  2008               7.40      128.45        4.50       1 99006  11.99 %  2009             110.00      133.80        4.00       3
 99006  11.99 %  2009              22.00      133.50        4.20       1
 01013   5.16 %  2009              50.00      100.00        4.10       3
 01013   5.16 %  2009               9.00      100.00        4.00       3
 01013   5.16 %  2009              50.00      100.00        4.15       3
 01013   5.16 %  2009              25.00      100.00        4.05       3
 01013   5.16 %  2009              30.00      100.00        4.05       3
 01013   5.16 %  2009               5.20      100.00        4.00       1
 03007   6.20 %  2010              25.00      105.35        4.05       1
 03007   6.20 %  2010              15.00      105.35        4.00       3
 03007   6.20 %  2010              35.00      105.35        4.05       3
 98015  12.25 %  2010              50.00      139.50        4.20       3
 00014  11.30 %  2010              30.00      135.70        4.20       3
 00014  11.30 %  2010              35.00      135.70        4.20       3
 00014  11.30 %  2010              25.00      135.75        4.05       3
 99005  12.32 %  2011              52.25      142.00        4.15       3
 99005  12.32 %  2011              25.00      142.20        4.20       3
 99005  12.32 %  2011              17.50      142.00        4.05       3
 99005  12.32 %  2011              24.60      141.50        4.20       3
 00010  10.95 %  2011              15.00      136.20        4.20       3
 00010  10.95 %  2011              20.00      136.10        4.10       3
 01007   9.39 %  2011              30.00      126.82        4.05       3
 03019   5.03 %  2011             100.00      100.10        4.20       4
 03019   5.03 %  2011              12.75      100.00        4.25       1
 02009   7.40 %  2012              10.77      115.06        4.10       3
 02009   7.40 %  2012               8.42      115.08        4.05       3
 01005   9.81 %  2013              20.00      134.10        4.10       3
 01005   9.81 %  2013              15.00      134.10        4.25       3
 03014   5.09 %  2014              57.50      100.00        4.50       3
 02014   7.46 %  2017              30.00      117.60        4.05       3
 03004   6.35 %  2020              14.00      105.60        4.00       1
 03004   6.35 %  2020              23.50      105.55        3.80       1
 01006  10.25 %  2021              20.00      145.75        4.05       3
 02011   8.35 %  2022              27.00      126.75        4.00       3
 02011   8.35 %  2022              25.00      127.00        4.05       3
 03013   6.30 %  2023              47.00      104.25        4.00       3
 03013   6.30 %  2023              50.00      104.20        4.10       3
 03018   6.17 %  2023             100.00      102.30        4.05       3
 03020   6.01 %  2028              49.00      100.00        4.00       3
 03020   6.01 %  2028              20.00      100.00        4.00       3
 03015   6.13 %  2028              14.50      101.50        4.00       3
 03015   6.13 %  2028              49.00      101.50        4.00       3
 03015   6.13 %  2028              22.80      101.50        4.00       3
 02015   7.95 %  2032              80.00      125.25        4.00       3
 02015   7.95 %  2032              40.00      125.50        4.10       3
     Total                       2375.49
B. State Government Securities
 03350 7.95% G.S 2032              23.00      101.30        4.05       3
 03364 7.95% G.S 2032              20.00      101.30        4.05       3
 03352 7.95% G.S 2032              20.00      101.30        4.05       3
     Total                         63.00
C. Treasury Bills
   (i) 14 Day Bills (Maturity-wise)
      (DD/MM/YYYY)
                                           NIL
   (ii) 91 Day Bills (Maturity-wise)
      (DD/MM/YYYY)        19/09/2003                 25.00       99.8239      4.65       3
        17/10/2003                 50.00       99.4900      4.05       3
        24/10/2003                 35.00       99.3863      4.10       3
        28/11/2003                 50.00       98.9700      4.10       3
     Total                        160.00
   (iii) 182 Day Bills (Maturity-wise)
      (DD/MM/YYYY)
                                           NIL
   (iv) 364 Day Bills (Maturity-wise)
       (DD/MM/YYYY)
        23/01/2004                 15.00       98.2477      4.40       1
        06/02/2004                 10.00       98.0961      4.20       3
        20/02/2004                 20.00       97.9266      4.00       3
        05/03/2004                 20.00       97.7577      4.20       3
        19/03/2004                 10.00       97.5894      4.20       3
        02/04/2004                 35.00       97.4217      4.65       3
        28/05/2004                 15.00       96.7564      4.65       3
        11/06/2004                 25.00       96.5915      4.65       3
        25/06/2004                 25.00       96.4272      4.65       3
     Total                        175.00
-----------------------------------------------------------------------------
* Relate to the first leg of Repos
# YTM(indicative) will depend upon assumed rate of inflation
Date :  05 September 2003