Reserve Bank of India - Foreign Exchange Data from  15/09/2003 to 19/09/2003
All Figures are in USD Millions
MERCHANT INTER BANK
FCY/INR FCY/FCY FCY/INR FCY/FCY
Position Spot Forwd Forwd Spot Forwd Forwd Spot Swap Forwd Spot Swap Forwd
Date Cancel Cancel
Purchases
15/09/2003 431 221 67 14 114 72 676 965 17 405 209 22
16/09/2003 479 277 70 20 113 16 1,046 1,754 66 661 165 10
17/09/2003 391 166 76 66 43 19 1,056 1,171 22 572 137 17
18/09/2003 555 416 237 13 79 54 2,010 1,842 87 758 193 37
19/09/2003 505 214 110 35 131 196 814 1,884 47 554 367 29
Sales
15/09/2003 390 116 196 30 111 60 649 784 57 428 187 11
16/09/2003 434 194 233 21 103 23 1,032 1,341 46 620 164 11
17/09/2003 425 189 152 66 39 45 862 1,124 93 577 127 10
18/09/2003 464 284 330 13 91 77 1,782 1,896 119 762 193 15
19/09/2003 365 177 292 32 106 163 791 1,755 288 615 288 38