Subsidiary General Ledger Account Transactions
in Government Dated Securities and Treasury Bills
at RBI, Mumbai on 23 January 2003
---------------------------------------------------------------------------
 Loan  Nomenclature              Amount           Price *        YTM %
 Code                            (Face Value)     Per Rs.100   Indicative
                                 (in Rs.Crore)    nominal
---------------------------------------------------------------------------
I.  Outright Transactions
A.Government of India Dated Securities
          Contract Date : January 22, 2003
 03002   5.87 %  2010              25.00          100.78           5.7315
 99004  12.29 %  2010               2.00          136.20           5.9134
 02010   7.55 %  2010              25.00          110.55           5.7594
 02010   7.55 %  2010               5.00          110.50           5.7674
 99005  12.32 %  2011              10.00          139.90           5.9827
 01007   9.39 %  2011               5.00          123.44           5.8340
 01007   9.39 %  2011               5.00          123.40           5.8393
 01007   9.39 %  2011              50.00          123.43           5.8354
 01007   9.39 %  2011             100.00          123.43           5.8354
 01007   9.39 %  2011               5.00          123.44           5.8340
 00017  11.50 %  2011              50.00          138.40           5.8674
 00017  11.50 %  2011              50.00          138.40           5.8674
 02009   7.40 %  2012              50.00          111.00           5.8456
 02009   7.40 %  2012              50.00          111.00           5.8456
 02009   7.40 %  2012              10.00          110.98           5.8483
 02009   7.40 %  2012               5.00          111.00           5.8456
 02009   7.40 %  2012              25.00          110.96           5.8509
 00012  11.03 %  2012              50.00          137.05           5.8796
 00012  11.03 %  2012              50.00          137.05           5.8796
 02017   7.27 %  2013               5.00          111.15           5.8442
 02017   7.27 %  2013               5.00          111.15           5.8442
 02018   7.38 %  2015              25.00          112.46           5.9597
 02018   7.38 %  2015               5.00          112.57           5.9482
 01011   9.85 %  2015              25.00          134.45           5.9510
 02001   8.07 %  2017               5.00          119.42           5.9982
 02001   8.07 %  2017              25.00          119.40           6.0001
 02001   8.07 %  2017               5.00          119.40           6.0001
 02001   8.07 %  2017               4.00          119.40           6.0001
 02007   7.49 %  2017               5.00          113.75           6.0352
 02014   7.46 %  2017               7.00          113.84           6.0209
 02014   7.46 %  2017              25.00          113.80           6.0247
 02014   7.46 %  2017              25.00          113.80           6.0247
 02014   7.46 %  2017             200.00          113.79           6.0257
 03003   6.25 %  2018               2.00          102.50           5.9940
 03003   6.25 %  2018              50.00          102.48           5.9960
 03003   6.25 %  2018              25.00          102.46           5.9980
 01008  10.03 %  2019             200.00          140.07           6.1391
 02011   8.35 %  2022               5.00          123.95           6.2036
 02011   8.35 %  2022               5.00          123.92           6.2059
 01010  10.18 %  2026              25.00          146.60           6.3461          Contract Date : January 23, 2003
 98004  11.10 %  2003               5.00          101.09           5.6007
 98004  11.10 %  2003               5.00          101.09           5.6007
 98004  11.10 %  2003               1.00          101.175          5.1939
 98004  11.10 %  2003               2.08          101.175          5.1939
 97008  11.83 %  2003               5.00          102.92           5.6162
 97008  11.83 %  2003               0.20          103.18           5.0813
 97008  11.83 %  2003               1.00          103.03           5.3896
 94003  12.50 %  2004              10.00          107.82           5.4728
 94003  12.50 %  2004              15.00          107.88           5.4221
 94003  12.50 %  2004               0.045         107.35           5.8717
 94003  12.50 %  2004               0.057         107.35           5.8717
 94003  12.50 %  2004               0.03          107.35           5.8717
 94003  12.50 %  2004               0.02          107.35           5.8717
 94003  12.50 %  2004               5.00          107.80           5.4897
 94003  12.50 %  2004              10.00          107.82           5.4728
 98008  11.50 %  2004               0.018         107.63           5.3082
 99008  11.68 %  2006              15.00          117.95           5.5034
 99008  11.68 %  2006               5.00          117.89           5.5220
 00013  11.00 %  2006               0.26          117.57           5.4387
 97001  13.65 %  2007              10.00          100.00          13.6402
 97002  13.05 %  2007               5.00          127.70           5.6217
 00016  11.40 %  2008               5.00          127.57           5.5988
 00016  11.40 %  2008              75.00          127.575          5.5979
 00016  11.40 %  2008               5.00          127.55           5.6024
 00016  11.40 %  2008               5.00          127.53           5.6061
 00016  11.40 %  2008               5.00          127.46           5.6187
 00016  11.40 %  2008               5.00          127.44           5.6223
 00016  11.40 %  2008               5.00          127.44           5.6223
 00016  11.40 %  2008               5.00          127.40           5.6296
 02004   6.96 %  2009               5.00          105.18           5.9447
 02005   6.65 %  2009              10.00          105.10           5.6610
 99006  11.99 %  2009               5.00          132.30           5.7279
 99006  11.99 %  2009               5.00          132.28           5.7311
 99006  11.99 %  2009              10.00          132.20           5.7441
 99006  11.99 %  2009               5.00          100.00          11.9801
 03002   5.87 %  2010               5.00          100.75           5.7367
 03002   5.87 %  2010               5.00          100.75           5.7367
 03002   5.87 %  2010               2.00          100.80           5.7280
 03002   5.87 %  2010               5.00          100.73           5.7403
 03002   5.87 %  2010               5.00          100.75           5.7367
 03002   5.87 %  2010               5.00          100.70           5.7455
 03002   5.87 %  2010               5.00          100.65           5.7543
 03002   5.87 %  2010               5.00          100.65           5.7543
 03002   5.87 %  2010               5.00          100.62           5.7596
 03002   5.87 %  2010               5.00          100.65           5.7543
 03002   5.87 %  2010               5.00          100.62           5.7596
 03002   5.87 %  2010               5.00          100.75           5.7367
 99004  12.29 %  2010               0.25          137.00           5.7965
 80003   7.50 %  2010               1.50          108.58           6.0280
 80003   7.50 %  2010               0.50          108.15           6.0981
 02010   7.55 %  2010               5.00          110.57           5.7557
 02010   7.55 %  2010               5.00          110.55           5.7589
 02010   7.55 %  2010               5.00          110.43           5.7780
 02010   7.55 %  2010               5.00          110.48           5.7700
 02010   7.55 %  2010               5.00          110.33           5.7940
 90010  11.50 %  2010               0.24          130.65           6.2512 90010  11.50 %  2010               0.06          130.65           6.2512
 90010  11.50 %  2010               0.12          130.65           6.2512
 90010  11.50 %  2010               0.08          130.65           6.2512
 00014  11.30 %  2010               1.00          132.90           5.8298
 82013   8.75 %  2010               3.00          118.72           5.7619
 99005  12.32 %  2011               5.00          140.04           5.9635
 99005  12.32 %  2011               5.00          140.00           5.9687
 99005  12.32 %  2011              10.00          140.00           5.9687
 99005  12.32 %  2011              10.00          139.87           5.9853
 99005  12.32 %  2011               5.00          139.90           5.9814
 81005   8.00 %  2011               0.25          112.90           5.9949
 81005   8.00 %  2011               0.25          113.50           5.9089
 00010  10.95 %  2011               5.00          132.84           5.9094
 00010  10.95 %  2011               5.00          132.85           5.9081
 00010  10.95 %  2011               5.00          132.85           5.9081
 00010  10.95 %  2011               5.00          132.95           5.8953
 00010  10.95 %  2011              10.00          132.82           5.9119
 00010  10.95 %  2011               5.00          132.80           5.9145
 00010  10.95 %  2011               5.00          132.85           5.9081
 00010  10.95 %  2011              10.00          100.00          10.9444
 01007   9.39 %  2011               5.00          123.40           5.8385
 01007   9.39 %  2011               5.00          123.44           5.8332
 01007   9.39 %  2011               5.00          123.44           5.8332
 01007   9.39 %  2011              10.00          123.40           5.8385
 01007   9.39 %  2011              10.00          123.37           5.8425
 01007   9.39 %  2011               5.00          123.38           5.8412
 01007   9.39 %  2011               5.00          123.38           5.8412
 01007   9.39 %  2011               5.00          123.44           5.8332
 01007   9.39 %  2011               5.00          123.44           5.8332
 01007   9.39 %  2011               5.00          123.40           5.8385
 01007   9.39 %  2011               5.00          123.40           5.8385
 01007   9.39 %  2011               5.00          123.40           5.8385
 01007   9.39 %  2011               5.00          123.45           5.8319
 01007   9.39 %  2011               5.00          123.39           5.8398
 01007   9.39 %  2011               5.00          123.40           5.8385
 01007   9.39 %  2011               5.00          123.45           5.8319
 01007   9.39 %  2011               5.00          123.44           5.8332
 01007   9.39 %  2011              10.00          123.45           5.8319
 01007   9.39 %  2011               5.00          123.40           5.8385
 01007   9.39 %  2011               5.00          123.39           5.8398
 01007   9.39 %  2011               5.00          123.40           5.8385
 01007   9.39 %  2011               5.00          123.31           5.8505
 01007   9.39 %  2011               5.00          123.35           5.8452
 01007   9.39 %  2011               5.00          123.39           5.8398
 01007   9.39 %  2011               5.00          123.30           5.8518
 01007   9.39 %  2011               5.00          123.28           5.8545
 01007   9.39 %  2011               5.00          123.30           5.8518
 01007   9.39 %  2011               5.00          123.34           5.8465
 01007   9.39 %  2011               5.00          123.30           5.8518
 01007   9.39 %  2011               5.00          123.31           5.8505
 01007   9.39 %  2011               5.00          123.45           5.8319
 01007   9.39 %  2011               5.00          123.29           5.8531
 01007   9.39 %  2011               5.00          123.28           5.8545
 01007   9.39 %  2011               5.00          123.30           5.8518
 01007   9.39 %  2011               5.00          123.30           5.8518
 01007   9.39 %  2011               5.00          123.30           5.8518
 01007   9.39 %  2011               5.00          123.32           5.8491 01007   9.39 %  2011               5.00          123.30           5.8518
 01007   9.39 %  2011               5.00          123.30           5.8518
 01007   9.39 %  2011              10.00          123.32           5.8491
 01007   9.39 %  2011               5.00          123.30           5.8518
 01007   9.39 %  2011               5.00          123.32           5.8491
 01007   9.39 %  2011               5.00          123.28           5.8545
 01007   9.39 %  2011               5.00          123.28           5.8545
 01007   9.39 %  2011               5.00          123.32           5.8491
 01007   9.39 %  2011               5.00          123.30           5.8518
 01007   9.39 %  2011               5.00          123.36           5.8438
 01007   9.39 %  2011              10.00          123.30           5.8518
 01007   9.39 %  2011               5.00          123.29           5.8531
 01007   9.39 %  2011               5.00          123.30           5.8518
 01007   9.39 %  2011               5.00          123.32           5.8491
 01007   9.39 %  2011               5.00          123.30           5.8518
 01007   9.39 %  2011               5.00          123.30           5.8518
 01007   9.39 %  2011               5.00          123.32           5.8491
 01007   9.39 %  2011               5.00          123.32           5.8491
 01007   9.39 %  2011               5.00          123.29           5.8531
 01007   9.39 %  2011               5.00          123.31           5.8505
 01007   9.39 %  2011               5.00          123.22           5.8624
 01007   9.39 %  2011               5.00          123.20           5.8651
 01007   9.39 %  2011              25.00          123.22           5.8624
 91012  11.50 %  2011               5.00          136.58           5.9667
 00017  11.50 %  2011               5.00          138.40           5.8663
 00017  11.50 %  2011               5.00          138.40           5.8663
 00017  11.50 %  2011               5.00          138.40           5.8663
 00017  11.50 %  2011               5.00          138.43           5.8627
 00017  11.50 %  2011               5.00          138.38           5.8686
 00017  11.50 %  2011               5.00          138.41           5.8651
 00017  11.50 %  2011               5.00          138.40           5.8663
 00017  11.50 %  2011               5.00          138.39           5.8675
 00017  11.50 %  2011               5.00          138.37           5.8698
 00017  11.50 %  2011               5.00          138.39           5.8675
 00017  11.50 %  2011               5.00          138.37           5.8698
 00017  11.50 %  2011               5.00          138.40           5.8663
 00017  11.50 %  2011               5.00          138.37           5.8698
 00017  11.50 %  2011               5.00          138.33           5.8746
 00017  11.50 %  2011               5.00          138.38           5.8686
 00017  11.50 %  2011               5.00          138.40           5.8663
 00017  11.50 %  2011               5.00          138.31           5.8770
 00017  11.50 %  2011               5.00          138.30           5.8781
 00017  11.50 %  2011               5.00          138.34           5.8734
 00017  11.50 %  2011               5.00          138.44           5.8615
 00017  11.50 %  2011               5.00          138.30           5.8781
 00017  11.50 %  2011               5.00          138.37           5.8698
 00017  11.50 %  2011               5.00          138.27           5.8817
 00017  11.50 %  2011               5.00          138.44           5.8615
 00017  11.50 %  2011               5.00          138.44           5.8615
 00017  11.50 %  2011               5.00          138.21           5.8888
 00017  11.50 %  2011               5.00          138.23           5.8865
 00017  11.50 %  2011               5.00          138.22           5.8877
 00017  11.50 %  2011               5.00          138.28           5.8805
 00017  11.50 %  2011              15.00          138.15           5.8960
 00017  11.50 %  2011               5.00          138.35           5.8722
 00017  11.50 %  2011               6.50          100.00          11.4935
 02006   6.85 %  2012               1.00          107.00           5.8535 02006   6.85 %  2012               4.00          106.78           5.8835
 02006   6.85 %  2012               5.00          106.75           5.8876
 02006   6.85 %  2012               0.10          105.25           6.0943
 02006   6.85 %  2012               2.00          106.90           5.8671
 02006   6.85 %  2012               1.00          106.90           5.8671
 02009   7.40 %  2012               5.00          111.005          5.8446
 02009   7.40 %  2012              10.00          111.00           5.8453
 02009   7.40 %  2012               5.00          111.00           5.8453
 02009   7.40 %  2012               5.00          111.00           5.8453
 02009   7.40 %  2012              10.00          110.98           5.8479
 02009   7.40 %  2012               5.00          111.00           5.8453
 02009   7.40 %  2012               1.00          110.87           5.8625
 02009   7.40 %  2012               5.00          110.98           5.8479
 02009   7.40 %  2012               5.00          110.98           5.8479
 02009   7.40 %  2012               5.00          110.97           5.8492
 02009   7.40 %  2012               5.00          110.96           5.8506
 02009   7.40 %  2012               5.00          110.97           5.8492
 02009   7.40 %  2012               5.00          111.005          5.8446
 02009   7.40 %  2012               5.00          110.97           5.8492
 02009   7.40 %  2012               5.00          110.98           5.8479
 02009   7.40 %  2012               5.00          110.96           5.8506
 02009   7.40 %  2012               5.00          110.95           5.8519
 02009   7.40 %  2012              25.00          110.97           5.8492
 02009   7.40 %  2012               5.00          111.00           5.8453
 02009   7.40 %  2012               1.50          111.00           5.8453
 02009   7.40 %  2012               5.00          111.00           5.8453
 02009   7.40 %  2012              25.00          111.00           5.8453
 02009   7.40 %  2012               5.00          111.00           5.8453
 02009   7.40 %  2012              10.00          111.00           5.8453
 02009   7.40 %  2012               5.00          111.00           5.8453
 02009   7.40 %  2012               5.00          111.02           5.8426
 02009   7.40 %  2012               5.00          111.00           5.8453
 02009   7.40 %  2012               5.00          111.00           5.8453
 02009   7.40 %  2012               5.00          110.98           5.8479
 02009   7.40 %  2012               5.00          111.02           5.8426
 02009   7.40 %  2012               5.00          111.02           5.8426
 02009   7.40 %  2012               5.00          111.02           5.8426
 02009   7.40 %  2012               1.00          110.95           5.8519
 02009   7.40 %  2012               5.00          110.95           5.8519
 02009   7.40 %  2012               5.00          111.00           5.8453
 02009   7.40 %  2012               1.00          110.96           5.8506
 02009   7.40 %  2012               5.00          110.93           5.8545
 02009   7.40 %  2012               5.00          110.95           5.8519
 02009   7.40 %  2012               5.00          110.95           5.8519
 02009   7.40 %  2012              10.00          110.97           5.8492
 02009   7.40 %  2012               5.00          110.95           5.8519
 02009   7.40 %  2012               5.00          110.98           5.8479
 02009   7.40 %  2012               5.00          110.98           5.8479
 02009   7.40 %  2012               5.00          110.96           5.8506
 02009   7.40 %  2012               5.00          110.95           5.8519
 02009   7.40 %  2012               5.00          110.91           5.8572
 02009   7.40 %  2012               5.00          110.90           5.8585
 02009   7.40 %  2012               5.00          110.90           5.8585
 02009   7.40 %  2012               5.00          110.90           5.8585
 02009   7.40 %  2012               5.00          110.90           5.8585
 02009   7.40 %  2012               5.00          110.91           5.8572
 02009   7.40 %  2012               5.00          110.88           5.8611 02009   7.40 %  2012               5.00          110.91           5.8572
 02009   7.40 %  2012               5.00          110.97           5.8492
 02009   7.40 %  2012               5.00          110.92           5.8559
 02009   7.40 %  2012               5.00          110.90           5.8585
 02009   7.40 %  2012               5.00          110.90           5.8585
 02009   7.40 %  2012               5.00          110.90           5.8585
 02009   7.40 %  2012              10.00          110.97           5.8492
 02009   7.40 %  2012               5.00          110.90           5.8585
 02009   7.40 %  2012               5.00          110.97           5.8492
 02009   7.40 %  2012               1.00          111.01           5.8440
 02009   7.40 %  2012               5.00          110.88           5.8611
 02009   7.40 %  2012               5.00          110.91           5.8572
 02009   7.40 %  2012               5.00          110.92           5.8559
 02009   7.40 %  2012               5.00          110.88           5.8611
 02009   7.40 %  2012               3.40          110.80           5.8717
 02009   7.40 %  2012               1.00          110.93           5.8545
 02009   7.40 %  2012               5.00          110.895          5.8592
 02009   7.40 %  2012               5.00          110.98           5.8479
 02009   7.40 %  2012               5.00          110.95           5.8519
 02009   7.40 %  2012               5.00          110.87           5.8625
 02009   7.40 %  2012               5.00          110.88           5.8611
 02009   7.40 %  2012               0.25          111.03           5.8413
 02009   7.40 %  2012               5.00          110.86           5.8638
 02009   7.40 %  2012               5.00          111.00           5.8453
 02009   7.40 %  2012               5.00          110.95           5.8519
 02009   7.40 %  2012               5.00          110.86           5.8638
 02009   7.40 %  2012               5.00          110.88           5.8611
 02009   7.40 %  2012               5.00          110.83           5.8678
 02009   7.40 %  2012               5.00          110.83           5.8678
 02009   7.40 %  2012               5.00          110.82           5.8691
 02009   7.40 %  2012               0.20          110.95           5.8519
 02009   7.40 %  2012               5.00          110.81           5.8704
 02009   7.40 %  2012               3.10          111.01           5.8440
 02009   7.40 %  2012               0.50          111.00           5.8453
 02009   7.40 %  2012               5.00          110.77           5.8757
 02009   7.40 %  2012               0.50          110.93           5.8545
 02009   7.40 %  2012               5.00          110.89           5.8598
 02009   7.40 %  2012               5.00          110.72           5.8823
 02009   7.40 %  2012              10.00          110.75           5.8784
 02009   7.40 %  2012               5.00          110.75           5.8784
 02009   7.40 %  2012               5.00          110.70           5.8850
 02009   7.40 %  2012              10.00          110.70           5.8850
 02009   7.40 %  2012               5.00          110.72           5.8823
 02009   7.40 %  2012              10.00          100.00           7.3975
 02009   7.40 %  2012               1.50          100.00           7.3975
 02009   7.40 %  2012               5.00          110.92           5.8559
 02009   7.40 %  2012              25.00          111.00           5.8453
 02009   7.40 %  2012               5.00          110.95           5.8519
 02009   7.40 %  2012               2.50          110.80           5.8717
 02009   7.40 %  2012               5.00          110.93           5.8545
 02009   7.40 %  2012               5.00          110.93           5.8545
 02009   7.40 %  2012               5.00          110.93           5.8545
 02009   7.40 %  2012              25.00          110.97           5.8492
 00012  11.03 %  2012               5.00          137.00           5.8843
 00012  11.03 %  2012               5.00          136.96           5.8888
 00012  11.03 %  2012               5.00          136.96           5.8888
 00012  11.03 %  2012               5.00          137.00           5.8843 00012  11.03 %  2012               5.00          137.01           5.8831
 00012  11.03 %  2012               5.00          136.98           5.8865
 00012  11.03 %  2012               5.00          136.94           5.8911
 00012  11.03 %  2012               5.00          137.00           5.8843
 00012  11.03 %  2012               5.00          136.94           5.8911
 00012  11.03 %  2012               5.00          136.90           5.8956
 00012  11.03 %  2012               5.00          136.90           5.8956
 00012  11.03 %  2012               5.00          136.92           5.8933
 00012  11.03 %  2012               5.00          137.00           5.8843
 00012  11.03 %  2012               5.00          136.92           5.8933
 00012  11.03 %  2012               5.00          136.88           5.8979
 00012  11.03 %  2012               5.00          136.88           5.8979
 00012  11.03 %  2012               5.00          136.93           5.8922
 00012  11.03 %  2012              10.00          136.94           5.8911
 00012  11.03 %  2012               5.00          137.04           5.8797
 00012  11.03 %  2012               5.00          136.98           5.8865
 00012  11.03 %  2012               5.00          136.85           5.9013
 00012  11.03 %  2012               5.00          136.82           5.9047
 00012  11.03 %  2012              15.00          136.70           5.9183
 00012  11.03 %  2012               5.00          136.68           5.9206
 00012  11.03 %  2012               5.00          136.70           5.9183
 00012  11.03 %  2012               5.00          136.75           5.9126
 01009   9.40 %  2012               5.00          125.62           5.8772
 01009   9.40 %  2012               0.50          125.40           5.9034
 01009   9.40 %  2012               5.00          125.55           5.8855
 01009   9.40 %  2012              10.00          125.53           5.8879
 01009   9.40 %  2012               5.00          125.53           5.8879
 01009   9.40 %  2012               5.00          125.50           5.8915
 01009   9.40 %  2012              10.00          125.55           5.8855
 01009   9.40 %  2012               5.00          125.42           5.9010
 01009   9.40 %  2012              10.00          125.42           5.9010
 82005   9.00 %  2013               1.00          121.33           6.1755
 82005   9.00 %  2013               1.00          123.15           5.9652
 82005   9.00 %  2013               1.25          120.02           6.3294
 82005   9.00 %  2013               0.50          122.00           6.0976
 01005   9.81 %  2013              10.00          130.420          5.8493
 01005   9.81 %  2013              10.00          130.420          5.8493
 01005   9.81 %  2013              10.00          130.41           5.8504
 01005   9.81 %  2013               5.00          130.41           5.8504
 01005   9.81 %  2013               5.00          130.40           5.8515
 01005   9.81 %  2013               5.00          130.37           5.8548
 01005   9.81 %  2013               5.00          130.37           5.8548
 01005   9.81 %  2013               5.00          130.37           5.8548
 01005   9.81 %  2013               5.00          130.40           5.8515
 01005   9.81 %  2013               5.00          130.32           5.8603
 01005   9.81 %  2013               5.00          130.365          5.8553
 01005   9.81 %  2013               5.00          130.300          5.8625
 01005   9.81 %  2013               5.00          130.300          5.8625
 01005   9.81 %  2013               5.00          130.37           5.8548
 01005   9.81 %  2013               5.00          130.260          5.8668
 01005   9.81 %  2013               5.00          130.260          5.8668
 01005   9.81 %  2013               5.00          130.240          5.8690
 01005   9.81 %  2013               5.00          130.365          5.8553
 01005   9.81 %  2013               5.00          130.200          5.8734
 01005   9.81 %  2013               5.00          130.300          5.8625
 02017   7.27 %  2013              25.00          111.00           5.8619
 99020  11.83 %  2014               0.195         145.00           6.3512 99020  11.83 %  2014               0.135         145.00           6.3512
 99020  11.83 %  2014               0.245         145.00           6.3512
 01001  10.47 %  2015               5.00          137.80           6.0150
 01001  10.47 %  2015               5.00          137.80           6.0150
 00015  11.43 %  2015               5.00          146.40           6.0857
 00015  11.43 %  2015              10.00          146.22           6.1017
 00015  11.43 %  2015              25.00          146.16           6.1070
 02018   7.38 %  2015              20.00          112.46           5.9596
 02018   7.38 %  2015              10.00          112.50           5.9554
 02018   7.38 %  2015              10.00          112.49           5.9564
 02018   7.38 %  2015               1.00          112.65           5.9396
 02018   7.38 %  2015               1.00          112.60           5.9448
 02018   7.38 %  2015               1.00          112.38           5.9680
 02018   7.38 %  2015               4.00          112.50           5.9554
 02018   7.38 %  2015              10.00          112.45           5.9606
 02018   7.38 %  2015               5.00          112.45           5.9606
 02018   7.38 %  2015               5.00          112.45           5.9606
 02018   7.38 %  2015               5.00          112.35           5.9712
 02018   7.38 %  2015              10.00          112.35           5.9712
 02018   7.38 %  2015               5.00          112.44           5.9617
 02018   7.38 %  2015               5.00          112.35           5.9712
 02018   7.38 %  2015               1.00          112.30           5.9765
 02018   7.38 %  2015               6.00          112.48           5.9575
 01011   9.85 %  2015               5.00          134.45           5.9505
 01011   9.85 %  2015              10.00          134.45           5.9505
 01011   9.85 %  2015              10.00          134.45           5.9505
 01011   9.85 %  2015               5.00          134.38           5.9570
 01011   9.85 %  2015               5.00          134.39           5.9561
 01011   9.85 %  2015               5.00          134.38           5.9570
 01011   9.85 %  2015               5.00          134.38           5.9570
 01011   9.85 %  2015               5.00          134.37           5.9579
 01011   9.85 %  2015               5.00          134.38           5.9570
 01011   9.85 %  2015               5.00          134.38           5.9570
 01011   9.85 %  2015               5.00          134.38           5.9570
 01011   9.85 %  2015               5.00          134.38           5.9570
 01011   9.85 %  2015               5.00          134.42           5.9533
 01011   9.85 %  2015               5.00          134.37           5.9579
 01011   9.85 %  2015               5.00          134.38           5.9570
 01011   9.85 %  2015               5.00          134.38           5.9570
 01011   9.85 %  2015               5.00          134.38           5.9570
 01011   9.85 %  2015               5.00          134.26           5.9681
 01011   9.85 %  2015              10.00          134.26           5.9681
 01011   9.85 %  2015              10.00          134.24           5.9700
 01011   9.85 %  2015               5.00          134.28           5.9663
 01011   9.85 %  2015               5.00          134.28           5.9663
 01011   9.85 %  2015               5.00          134.25           5.9690
 01011   9.85 %  2015               5.00          134.27           5.9672
 01011   9.85 %  2015               5.00          134.25           5.9690
 01011   9.85 %  2015               5.00          134.23           5.9709
 01011   9.85 %  2015               1.00          134.32           5.9625
 01011   9.85 %  2015              15.00          134.10           5.9830
 01011   9.85 %  2015               5.00          134.30           5.9644
 01003  10.71 %  2016               5.00          142.24           6.0304
 01003  10.71 %  2016               5.00          142.23           6.0313
 01003  10.71 %  2016               5.00          142.23           6.0313
 01003  10.71 %  2016               5.00          142.24           6.0304
 01003  10.71 %  2016              10.00          142.25           6.0296 01003  10.71 %  2016               5.00          142.15           6.0383
 01003  10.71 %  2016               5.00          142.15           6.0383
 01003  10.71 %  2016               5.00          142.18           6.0357
 01003  10.71 %  2016               5.00          142.15           6.0383
 01003  10.71 %  2016              10.00          142.02           6.0496
 01003  10.71 %  2016               5.00          142.04           6.0478
 01003  10.71 %  2016               5.00          142.04           6.0478
 01003  10.71 %  2016               5.00          142.00           6.0513
 01003  10.71 %  2016               1.00          142.05           6.0470
 01003  10.71 %  2016               5.00          142.15           6.0383
 01003  10.71 %  2016               5.00          142.30           6.0252
 02001   8.07 %  2017               5.00          119.42           5.9980
 02001   8.07 %  2017               5.00          119.41           5.9989
 02001   8.07 %  2017               5.00          119.43           5.9970
 02001   8.07 %  2017               5.00          119.41           5.9989
 02001   8.07 %  2017              10.00          119.42           5.9980
 02001   8.07 %  2017               5.00          119.45           5.9951
 02001   8.07 %  2017               5.00          119.39           6.0008
 02001   8.07 %  2017               5.00          119.40           5.9999
 02001   8.07 %  2017               5.00          119.40           5.9999
 02001   8.07 %  2017               5.00          119.39           6.0008
 02001   8.07 %  2017               5.00          119.40           5.9999
 02001   8.07 %  2017               5.00          119.40           5.9999
 02001   8.07 %  2017               5.00          119.40           5.9999
 02001   8.07 %  2017              25.00          119.37           6.0027
 02001   8.07 %  2017               5.00          119.415          5.9984
 02001   8.07 %  2017               5.00          119.405          5.9994
 02001   8.07 %  2017               0.25          119.34           6.0055
 02001   8.07 %  2017               5.00          119.39           6.0008
 02001   8.07 %  2017               5.00          119.36           6.0036
 02001   8.07 %  2017              10.00          119.43           5.9970
 02001   8.07 %  2017               5.00          119.40           5.9999
 02001   8.07 %  2017               5.00          119.38           6.0018
 02001   8.07 %  2017               5.00          119.36           6.0036
 02001   8.07 %  2017               5.00          119.36           6.0036
 02001   8.07 %  2017               5.00          119.43           5.9970
 02001   8.07 %  2017               5.00          119.35           6.0046
 02001   8.07 %  2017              10.00          119.34           6.0055
 02001   8.07 %  2017               5.00          119.34           6.0055
 02001   8.07 %  2017               5.00          119.38           6.0018
 02001   8.07 %  2017               5.00          119.37           6.0027
 02001   8.07 %  2017               5.00          119.25           6.0141
 02001   8.07 %  2017               5.00          119.25           6.0141
 02001   8.07 %  2017               5.00          119.28           6.0112
 02001   8.07 %  2017               5.00          119.25           6.0141
 02001   8.07 %  2017               1.00          119.38           6.0018
 02001   8.07 %  2017               5.00          119.25           6.0141
 02001   8.07 %  2017               0.25          119.38           6.0018
 02001   8.07 %  2017               5.00          119.37           6.0027
 02001   8.07 %  2017               5.00          119.315          6.0079
 02001   8.07 %  2017               5.00          119.31           6.0084
 02001   8.07 %  2017               5.00          119.25           6.0141
 02001   8.07 %  2017               5.00          119.29           6.0103
 02001   8.07 %  2017               5.00          119.25           6.0141
 02001   8.07 %  2017               5.00          119.25           6.0141
 02001   8.07 %  2017              10.00          119.27           6.0122
 02001   8.07 %  2017               5.00          119.25           6.0141 02001   8.07 %  2017               5.00          119.29           6.0103
 02001   8.07 %  2017               0.25          119.42           5.9980
 02001   8.07 %  2017               5.00          119.25           6.0141
 02001   8.07 %  2017               5.00          119.30           6.0093
 02001   8.07 %  2017               5.00          119.26           6.0131
 02001   8.07 %  2017               5.00          119.24           6.0150
 02001   8.07 %  2017               5.00          119.24           6.0150
 02001   8.07 %  2017               5.00          119.22           6.0169
 02001   8.07 %  2017              10.00          119.22           6.0169
 02001   8.07 %  2017               5.00          119.28           6.0112
 02001   8.07 %  2017               5.00          119.35           6.0046
 02001   8.07 %  2017               5.00          119.36           6.0036
 02001   8.07 %  2017               5.00          119.22           6.0169
 02001   8.07 %  2017               5.00          119.22           6.0169
 02001   8.07 %  2017               5.00          119.38           6.0018
 02001   8.07 %  2017               5.00          119.24           6.0150
 02001   8.07 %  2017               5.00          119.23           6.0160
 02001   8.07 %  2017               5.00          119.24           6.0150
 02001   8.07 %  2017               5.00          119.27           6.0122
 02001   8.07 %  2017               5.00          119.23           6.0160
 02001   8.07 %  2017               5.00          119.23           6.0160
 02001   8.07 %  2017               5.00          119.24           6.0150
 02001   8.07 %  2017               5.00          119.25           6.0141
 02001   8.07 %  2017               5.00          119.24           6.0150
 02001   8.07 %  2017               5.00          119.27           6.0122
 02001   8.07 %  2017               5.00          119.25           6.0141
 02001   8.07 %  2017               5.00          119.28           6.0112
 02001   8.07 %  2017               5.00          119.22           6.0169
 02001   8.07 %  2017               5.00          119.35           6.0046
 02001   8.07 %  2017               5.00          119.21           6.0179
 02001   8.07 %  2017               5.00          119.22           6.0169
 02001   8.07 %  2017               5.00          119.25           6.0141
 02001   8.07 %  2017               5.00          119.26           6.0131
 02001   8.07 %  2017               5.00          119.18           6.0207
 02001   8.07 %  2017               5.00          119.17           6.0217
 02001   8.07 %  2017               5.00          119.17           6.0217
 02001   8.07 %  2017               5.00          119.25           6.0141
 02001   8.07 %  2017               0.50          119.28           6.0112
 02001   8.07 %  2017               0.50          119.40           5.9999
 02001   8.07 %  2017               0.50          119.37           6.0027
 02001   8.07 %  2017               5.00          119.13           6.0255
 02001   8.07 %  2017               5.00          119.30           6.0093
 02001   8.07 %  2017              10.00          119.42           5.9980
 02007   7.49 %  2017               5.00          113.78           6.0322
 02007   7.49 %  2017               5.00          113.85           6.0254
 02007   7.49 %  2017               5.00          113.79           6.0312
 02007   7.49 %  2017               0.50          113.79           6.0312
 02007   7.49 %  2017               5.00          113.76           6.0341
 02007   7.49 %  2017               5.00          113.75           6.0351
 02007   7.49 %  2017               5.00          113.74           6.0360
 02007   7.49 %  2017               1.00          113.77           6.0331
 02007   7.49 %  2017               5.00          113.80           6.0302
 02007   7.49 %  2017               5.00          113.80           6.0302
 02007   7.49 %  2017              10.00          113.82           6.0283
 02007   7.49 %  2017               5.00          113.75           6.0351
 02007   7.49 %  2017               2.00          113.77           6.0331
 02007   7.49 %  2017               5.00          113.65           6.0448 02007   7.49 %  2017               5.00          113.68           6.0419
 02007   7.49 %  2017               5.00          113.70           6.0399
 02007   7.49 %  2017               5.00          113.65           6.0448
 02007   7.49 %  2017               5.00          113.80           6.0302
 02007   7.49 %  2017               0.10          113.83           6.0273
 02007   7.49 %  2017               1.00          113.50           6.0593
 02007   7.49 %  2017               5.00          113.70           6.0399
 02007   7.49 %  2017               0.25          113.88           6.0225
 02007   7.49 %  2017               1.00          113.82           6.0283
 02007   7.49 %  2017               5.00          113.66           6.0438
 02007   7.49 %  2017               5.00          113.63           6.0467
 02007   7.49 %  2017               5.00          113.64           6.0457
 02007   7.49 %  2017               1.00          113.76           6.0341
 02007   7.49 %  2017               1.00          113.70           6.0399
 02007   7.49 %  2017               5.00          113.60           6.0496
 02007   7.49 %  2017               0.20          113.69           6.0409
 02007   7.49 %  2017               0.70          113.69           6.0409
 02007   7.49 %  2017               1.00          113.69           6.0409
 02007   7.49 %  2017               0.30          113.69           6.0409
 02007   7.49 %  2017               1.00          100.00           7.4880
 02007   7.49 %  2017               4.00          113.75           6.0351
 02007   7.49 %  2017               5.00          113.68           6.0419
 02007   7.49 %  2017               0.50          113.82           6.0283
 02014   7.46 %  2017               5.00          113.81           6.0236
 02014   7.46 %  2017               5.00          113.80           6.0246
 02014   7.46 %  2017               5.00          113.80           6.0246
 02014   7.46 %  2017              10.00          113.80           6.0246
 02014   7.46 %  2017              10.00          113.81           6.0236
 02014   7.46 %  2017              10.00          113.80           6.0246
 02014   7.46 %  2017              10.00          113.77           6.0274
 02014   7.46 %  2017              15.00          113.78           6.0265
 02014   7.46 %  2017              25.00          113.76           6.0284
 02014   7.46 %  2017               5.00          113.78           6.0265
 02014   7.46 %  2017               5.00          113.80           6.0246
 02014   7.46 %  2017               5.00          113.77           6.0274
 02014   7.46 %  2017               5.00          113.77           6.0274
 02014   7.46 %  2017               5.00          113.80           6.0246
 02014   7.46 %  2017               1.00          113.65           6.0389
 02014   7.46 %  2017               0.25          113.70           6.0341
 02014   7.46 %  2017               1.00          113.82           6.0227
 02014   7.46 %  2017               0.40          113.85           6.0198
 02014   7.46 %  2017               5.00          113.80           6.0246
 02014   7.46 %  2017               5.00          113.82           6.0227
 02014   7.46 %  2017              25.00          113.82           6.0227
 02014   7.46 %  2017               5.00          113.82           6.0227
 02014   7.46 %  2017               0.50          113.82           6.0227
 02014   7.46 %  2017               5.00          113.79           6.0255
 02014   7.46 %  2017               5.00          113.81           6.0236
 02014   7.46 %  2017               5.00          113.81           6.0236
 02014   7.46 %  2017               5.00          113.82           6.0227
 02014   7.46 %  2017               0.50          113.82           6.0227
 02014   7.46 %  2017               5.00          113.76           6.0284
 02014   7.46 %  2017              10.00          113.76           6.0284
 02014   7.46 %  2017               0.10          113.75           6.0293
 02014   7.46 %  2017               5.00          113.77           6.0274
 02014   7.46 %  2017               5.00          113.82           6.0227
 02014   7.46 %  2017               5.00          113.81           6.0236 02014   7.46 %  2017               5.00          113.82           6.0227
 02014   7.46 %  2017               5.00          113.79           6.0255
 02014   7.46 %  2017               5.00          113.75           6.0293
 02014   7.46 %  2017               5.00          113.72           6.0322
 02014   7.46 %  2017               5.00          113.78           6.0265
 02014   7.46 %  2017               5.00          113.77           6.0274
 02014   7.46 %  2017               5.00          113.76           6.0284
 02014   7.46 %  2017               5.00          113.76           6.0284
 02014   7.46 %  2017               5.00          113.65           6.0389
 02014   7.46 %  2017               5.00          113.66           6.0379
 02014   7.46 %  2017               5.00          113.69           6.0350
 02014   7.46 %  2017               5.00          113.65           6.0389
 02014   7.46 %  2017               5.00          113.70           6.0341
 02014   7.46 %  2017               5.00          113.77           6.0274
 02014   7.46 %  2017               0.50          113.81           6.0236
 02014   7.46 %  2017               5.00          113.65           6.0389
 02014   7.46 %  2017               5.00          113.70           6.0341
 02014   7.46 %  2017               5.00          113.70           6.0341
 02014   7.46 %  2017               5.00          113.70           6.0341
 02014   7.46 %  2017               5.00          113.70           6.0341
 02014   7.46 %  2017               5.00          113.71           6.0331
 02014   7.46 %  2017               5.00          113.66           6.0379
 02014   7.46 %  2017               5.00          113.66           6.0379
 02014   7.46 %  2017               5.00          113.66           6.0379
 02014   7.46 %  2017               5.00          113.65           6.0389
 02014   7.46 %  2017               0.25          113.78           6.0265
 02014   7.46 %  2017               5.00          113.70           6.0341
 02014   7.46 %  2017               5.00          113.68           6.0360
 02014   7.46 %  2017               5.00          113.65           6.0389
 02014   7.46 %  2017               5.00          113.69           6.0350
 02014   7.46 %  2017               5.00          113.71           6.0331
 02014   7.46 %  2017               5.00          113.83           6.0217
 02014   7.46 %  2017               1.00          113.88           6.0169
 02014   7.46 %  2017               5.00          113.70           6.0341
 02014   7.46 %  2017               1.00          113.82           6.0227
 02014   7.46 %  2017               1.00          113.62           6.0417
 02014   7.46 %  2017               0.11          112.00           6.1979
 02014   7.46 %  2017               5.00          113.64           6.0398
 02014   7.46 %  2017               5.00          113.67           6.0370
 02014   7.46 %  2017               5.00          113.65           6.0389
 02014   7.46 %  2017               5.00          113.66           6.0379
 02014   7.46 %  2017               0.50          113.81           6.0236
 02014   7.46 %  2017               0.50          113.76           6.0284
 02014   7.46 %  2017               0.25          113.87           6.0179
 02014   7.46 %  2017               0.50          113.80           6.0246
 02014   7.46 %  2017               5.00          113.82           6.0227
 02014   7.46 %  2017               1.00          113.84           6.0207
 02014   7.46 %  2017               2.00          113.70           6.0341
 02014   7.46 %  2017               1.50          113.70           6.0341
 02014   7.46 %  2017               1.00          113.78           6.0265
 02014   7.46 %  2017               1.50          113.70           6.0341
 02014   7.46 %  2017               5.00          113.69           6.0350
 02014   7.46 %  2017               5.00          113.65           6.0389
 02014   7.46 %  2017               5.00          113.645          6.0393
 02014   7.46 %  2017               5.00          113.63           6.0408
 02014   7.46 %  2017               5.00          113.65           6.0389
 02014   7.46 %  2017               5.00          113.64           6.0398 02014   7.46 %  2017               5.00          113.62           6.0417
 02014   7.46 %  2017               5.00          113.70           6.0341
 02014   7.46 %  2017              10.00          113.62           6.0417
 02014   7.46 %  2017               2.50          113.83           6.0217
 02014   7.46 %  2017               5.00          113.78           6.0265
 02014   7.46 %  2017               5.00          113.60           6.0436
 02014   7.46 %  2017               1.00          113.71           6.0331
 02014   7.46 %  2017               5.00          113.77           6.0274
 02014   7.46 %  2017               1.00          113.73           6.0312
 02014   7.46 %  2017               2.00          113.72           6.0322
 02014   7.46 %  2017               5.00          113.65           6.0389
 02014   7.46 %  2017               5.00          113.66           6.0379
 02014   7.46 %  2017               5.00          113.77           6.0274
 02014   7.46 %  2017               5.00          113.75           6.0293
 02014   7.46 %  2017              10.00          113.80           6.0246
 02014   7.46 %  2017               3.00          113.61           6.0427
 02014   7.46 %  2017               5.00          113.63           6.0408
 02014   7.46 %  2017               5.00          113.73           6.0312
 03003   6.25 %  2018              10.00          100.54           6.1936
 03003   6.25 %  2018               5.00          102.47           5.9969
 03003   6.25 %  2018               5.00          102.45           5.9989
 03003   6.25 %  2018               5.00          102.44           5.9999
 03003   6.25 %  2018               5.00          102.45           5.9989
 03003   6.25 %  2018               5.00          102.45           5.9989
 03003   6.25 %  2018               5.00          102.42           6.0020
 03003   6.25 %  2018               5.00          102.43           6.0009
 03003   6.25 %  2018               5.00          102.45           5.9989
 03003   6.25 %  2018               5.00          102.51           5.9929
 03003   6.25 %  2018               1.00          102.52           5.9919
 03003   6.25 %  2018               2.00          102.55           5.9889
 03003   6.25 %  2018               5.00          102.44           5.9999
 03003   6.25 %  2018               2.00          102.50           5.9939
 03003   6.25 %  2018              10.00          102.45           5.9989
 03003   6.25 %  2018               1.00          102.54           5.9899
 03003   6.25 %  2018               2.00          102.54           5.9899
 03003   6.25 %  2018               2.50          102.50           5.9939
 03003   6.25 %  2018               2.00          102.65           5.9788
 03003   6.25 %  2018               5.00          102.44           5.9999
 03003   6.25 %  2018               0.50          102.55           5.9889
 03003   6.25 %  2018              10.00          102.46           5.9979
 03003   6.25 %  2018               5.00          102.45           5.9989
 03003   6.25 %  2018               5.00          102.48           5.9959
 03003   6.25 %  2018               0.50          102.55           5.9889
 03003   6.25 %  2018               5.00          102.45           5.9989
 03003   6.25 %  2018               5.00          102.44           5.9999
 03003   6.25 %  2018               5.00          102.43           6.0009
 03003   6.25 %  2018              10.00          102.42           6.0020
 03003   6.25 %  2018               1.00          102.485          5.9954
 03003   6.25 %  2018               5.00          102.42           6.0020
 03003   6.25 %  2018               5.00          102.42           6.0020
 03003   6.25 %  2018              10.00          102.40           6.0040
 03003   6.25 %  2018               5.00          102.40           6.0040
 03003   6.25 %  2018               5.00          102.48           5.9959
 03003   6.25 %  2018               1.00          102.23           6.0211
 03003   6.25 %  2018               1.00          102.32           6.0120
 03003   6.25 %  2018               5.00          102.43           6.0009
 03003   6.25 %  2018               0.50          102.53           5.9909 03003   6.25 %  2018               0.40          102.50           5.9939
 03003   6.25 %  2018               5.00          102.39           6.0050
 03003   6.25 %  2018              10.00          102.36           6.0080
 03003   6.25 %  2018               0.25          102.55           5.9889
 03003   6.25 %  2018               5.00          102.42           6.0020
 03003   6.25 %  2018               5.00          102.35           6.0090
 03003   6.25 %  2018               0.30          102.56           5.9879
 03003   6.25 %  2018              10.00          102.37           6.0070
 03003   6.25 %  2018               5.00          102.36           6.0080
 03003   6.25 %  2018               0.25          102.55           5.9889
 03003   6.25 %  2018               0.25          102.54           5.9899
 03003   6.25 %  2018               5.00          102.37           6.0070
 03003   6.25 %  2018               5.00          102.37           6.0070
 03003   6.25 %  2018               5.00          102.44           5.9999
 03003   6.25 %  2018              20.00          102.36           6.0080
 03003   6.25 %  2018               0.50          102.55           5.9889
 03003   6.25 %  2018               0.10          102.55           5.9889
 03003   6.25 %  2018               5.00          102.42           6.0020
 03003   6.25 %  2018               5.00          102.36           6.0080
 03003   6.25 %  2018               1.00          102.54           5.9899
 03003   6.25 %  2018               5.00          102.41           6.0030
 03003   6.25 %  2018               3.00          102.52           5.9919
 03003   6.25 %  2018               5.00          102.43           6.0009
 03003   6.25 %  2018               0.50          102.48           5.9959
 03003   6.25 %  2018               0.50          102.55           5.9889
 03003   6.25 %  2018               2.00          102.42           6.0020
 03003   6.25 %  2018               1.50          102.42           6.0020
 03003   6.25 %  2018               0.50          102.55           5.9889
 03003   6.25 %  2018               6.00          102.39           6.0050
 03003   6.25 %  2018               1.00          102.45           5.9989
 03003   6.25 %  2018               5.00          102.37           6.0070
 03003   6.25 %  2018               5.00          102.38           6.0060
 03003   6.25 %  2018               0.15          102.55           5.9889
 03003   6.25 %  2018               5.00          102.38           6.0060
 03003   6.25 %  2018               0.25          102.50           5.9939
 03003   6.25 %  2018               5.00          102.38           6.0060
 03003   6.25 %  2018               5.00          102.365          6.0075
 03003   6.25 %  2018               0.50          102.44           5.9999
 03003   6.25 %  2018               0.50          102.45           5.9989
 03003   6.25 %  2018               0.50          102.60           5.9839
 03003   6.25 %  2018               0.50          102.55           5.9889
 03003   6.25 %  2018               5.00          102.342          6.0098
 03003   6.25 %  2018               5.00          102.30           6.0140
 03003   6.25 %  2018               2.00          102.54           5.9899
 03003   6.25 %  2018               0.50          102.51           5.9929
 03003   6.25 %  2018               0.50          102.50           5.9939
 03003   6.25 %  2018               1.00          102.48           5.9959
 03003   6.25 %  2018               0.25          102.50           5.9939
 03003   6.25 %  2018               0.50          102.54           5.9899
 03003   6.25 %  2018              10.00          102.50           5.9939
 03003   6.25 %  2018              20.00          102.50           5.9939
 03003   6.25 %  2018               5.00          102.42           6.0020
 03003   6.25 %  2018               5.00          102.50           5.9939
 03003   6.25 %  2018              10.00          102.50           5.9939
 03003   6.25 %  2018               2.70          102.53           5.9909
 03003   6.25 %  2018               1.00          102.46           5.9979
 03003   6.25 %  2018               0.50          102.52           5.9919 03003   6.25 %  2018               0.50          102.50           5.9939
 03003   6.25 %  2018               0.60          102.39           6.0050
 03003   6.25 %  2018               0.20          102.39           6.0050
 03003   6.25 %  2018               0.9741        102.30           6.0140
 98025  12.60 %  2018               0.08          157.10           6.6940
 98025  12.60 %  2018               0.14          157.10           6.6940
 98025  12.60 %  2018               0.255         157.10           6.6940
 98025  12.60 %  2018               0.175         157.10           6.6940
 01008  10.03 %  2019               5.00          139.95           6.1480
 01008  10.03 %  2019               5.00          140.10           6.1365
 01008  10.03 %  2019               5.00          140.10           6.1365
 01008  10.03 %  2019              10.00          140.05           6.1404
 01008  10.03 %  2019               5.00          140.05           6.1404
 01008  10.03 %  2019               1.00          140.00           6.1442
 01008  10.03 %  2019               5.00          140.05           6.1404
 01008  10.03 %  2019               5.00          140.05           6.1404
 01008  10.03 %  2019               5.00          140.00           6.1442
 01008  10.03 %  2019               5.00          140.04           6.1411
 01008  10.03 %  2019              25.00          140.05           6.1404
 01008  10.03 %  2019               5.00          140.00           6.1442
 01008  10.03 %  2019              10.00          140.04           6.1411
 01008  10.03 %  2019               5.00          139.90           6.1518
 01008  10.03 %  2019               5.00          139.95           6.1480
 01008  10.03 %  2019              10.00          139.75           6.1633
 01008  10.03 %  2019               5.00          139.72           6.1656
 01008  10.03 %  2019               5.00          139.70           6.1672
 01008  10.03 %  2019              10.00          139.75           6.1633
 01008  10.03 %  2019               5.00          139.73           6.1649
 01008  10.03 %  2019               5.00          139.75           6.1633
 01008  10.03 %  2019               5.00          139.73           6.1649
 01008  10.03 %  2019               5.00          139.73           6.1649
 01008  10.03 %  2019              25.00          140.05           6.1404
 01006  10.25 %  2021               5.00          143.73           6.2195
 01006  10.25 %  2021               5.00          143.60           6.2287
 01006  10.25 %  2021              10.00          143.61           6.2279
 01006  10.25 %  2021               0.10          143.75           6.2180
 01006  10.25 %  2021               5.00          143.53           6.2336
 01006  10.25 %  2021               0.25          143.62           6.2272
 01006  10.25 %  2021               5.00          143.55           6.2322
 01006  10.25 %  2021              10.00          143.37           6.2450
 01006  10.25 %  2021               5.00          143.67           6.2237
 02011   8.35 %  2022               5.00          123.925          6.2054
 02011   8.35 %  2022               5.00          123.90           6.2073
 02011   8.35 %  2022               5.00          123.85           6.2112
 02011   8.35 %  2022              10.00          123.88           6.2089
 02011   8.35 %  2022              10.00          123.88           6.2089
 02011   8.35 %  2022              10.00          123.88           6.2089
 02011   8.35 %  2022               5.00          123.86           6.2104
 02011   8.35 %  2022               5.00          123.85           6.2112
 02011   8.35 %  2022               5.00          123.85           6.2112
 02011   8.35 %  2022               5.00          123.80           6.2150
 02011   8.35 %  2022               5.00          123.88           6.2089
 02011   8.35 %  2022              25.00          123.80           6.2150
 02011   8.35 %  2022               5.00          123.85           6.2112
 02011   8.35 %  2022               5.00          123.85           6.2112
 02011   8.35 %  2022               5.00          123.82           6.2135
 02011   8.35 %  2022               5.00          123.805          6.2146 02011   8.35 %  2022              25.00          123.82           6.2135
 02011   8.35 %  2022               5.00          123.91           6.2066
 02011   8.35 %  2022               5.00          123.85           6.2112
 02011   8.35 %  2022               5.00          123.85           6.2112
 02011   8.35 %  2022               5.00          123.85           6.2112
 02011   8.35 %  2022               5.00          123.84           6.2119
 02011   8.35 %  2022               5.00          123.85           6.2112
 02011   8.35 %  2022               1.00          123.23           6.2589
 02011   8.35 %  2022               5.00          123.85           6.2112
 02011   8.35 %  2022               5.00          123.80           6.2150
 02011   8.35 %  2022               5.00          123.90           6.2073
 02011   8.35 %  2022               5.00          123.88           6.2089
 02011   8.35 %  2022               5.00          123.83           6.2127
 02011   8.35 %  2022               5.00          123.85           6.2112
 02011   8.35 %  2022               5.00          123.70           6.2227
 02011   8.35 %  2022               5.00          123.70           6.2227
 02011   8.35 %  2022               5.00          123.68           6.2242
 02011   8.35 %  2022               5.00          123.65           6.2265
 02011   8.35 %  2022               5.00          123.65           6.2265
 02011   8.35 %  2022               5.00          123.90           6.2073
 02011   8.35 %  2022               5.00          123.68           6.2242
 02011   8.35 %  2022               5.00          123.68           6.2242
 02011   8.35 %  2022               5.00          123.65           6.2265
 02011   8.35 %  2022               5.00          123.65           6.2265
 02011   8.35 %  2022              10.00          123.67           6.2250
 02011   8.35 %  2022               5.00          123.65           6.2265
 02011   8.35 %  2022               5.00          123.68           6.2242
 02011   8.35 %  2022              20.00          123.67           6.2250
 02011   8.35 %  2022               5.00          123.67           6.2250
 02011   8.35 %  2022               5.00          123.70           6.2227
 02011   8.35 %  2022               5.00          123.65           6.2265
 02011   8.35 %  2022               5.00          123.65           6.2265
 02011   8.35 %  2022               5.00          123.67           6.2250
 02011   8.35 %  2022               5.00          123.70           6.2227
 02011   8.35 %  2022               5.00          123.65           6.2265
 02011   8.35 %  2022               5.00          123.655          6.2261
 02011   8.35 %  2022               5.00          123.65           6.2265
 02011   8.35 %  2022              10.00          123.65           6.2265
 02011   8.35 %  2022               0.25          100.00           8.3479
 01010  10.18 %  2026              10.00          146.75           6.3368
 01010  10.18 %  2026               5.00          146.75           6.3368
 01010  10.18 %  2026               5.00          146.75           6.3368
 01010  10.18 %  2026               5.00          146.75           6.3368
 01010  10.18 %  2026               5.00          146.60           6.3459
 01010  10.18 %  2026               0.30          146.63           6.3441
 01010  10.18 %  2026               0.40          146.45           6.3551
 01010  10.18 %  2026              10.00          146.50           6.3520
 01010  10.18 %  2026               0.40          146.20           6.3705
 01010  10.18 %  2026               5.00          146.35           6.3612
 02015   7.95 %  2032               5.00          121.30           6.3452
 02015   7.95 %  2032               5.00          121.23           6.3497
 02015   7.95 %  2032               0.10          121.50           6.3323
 02015   7.95 %  2032               0.50          121.10           6.3581
 02015   7.95 %  2032               0.50          121.30           6.3452
 02015   7.95 %  2032               0.01          121.70           6.3195
 02015   7.95 %  2032               0.80          121.47           6.3343
 02015   7.95 %  2032               5.00          121.30           6.3452     Total                       5672.4291
B. State Government Securities
          Contract Date : January 23, 2003
 94202 12.50% ANDHRA PRADESH SDL
       2004                         0.0375        107.25          6.3792
 94202 12.50% ANDHRA PRADESH SDL
       2004                         0.0625        107.25          6.3792
 94223 12.50% TAMILNADU SDL 2004    0.15          107.25          6.3792
 95206 14.00% GUJARAT S.D.L.
       2005                         0.0675        116.00          6.4810
 95206 14.00% GUJARAT S.D.L.
       2005                         0.0222        116.00          6.4810
 96228 13.85% UTTAR PRADESH SDL
       2006                         1.00          121.80          6.4271
 96228 13.85% UTTAR PRADESH SDL
       2006                         1.10          121.80          6.4271
 98212 12.15% MAHARASHTRA SDL
       2008                         0.75          126.40          6.1729
 00208 11% MP SDL 2010              0.6048        126.50          6.3372
 00208 11% MP SDL 2010              0.6048        126.25          6.3751
 01238 10.35% MAHARASHTRA SDL
       2011                         0.8953        125.80          6.3039
 91244 12.00% UTTAR PRADESH S.D.
       2011                         0.071         136.90          6.3975
 91234 12.00% KERALA S.D. 2011      0.15          136.88          6.3999
 01266 9.45% GUJARAT S.D.L 2011     4.50          117.35          6.7778
 02240 8.00% KARNATAKA SDL 2012     0.50          110.80          6.4178
 02240 8.00% KARNATAKA SDL 2012     0.25          111.29          6.3508
 02240 8.00% KARNATAKA SDL 2012     0.0544        110.10          6.5141
 02251 8.00% T.N. SDL 2012          0.30          110.35          6.4796
 02229 8.00% A.P. SDL 2012          0.25          111.00          6.3904
 02243 8.00% MAHARASHTRA SDL
       2012                         0.25          111.00          6.3904
 02276 7.80% TAMILNADU SDL 2012     0.06          110.77          6.2473
 02327 6.80% GUJARAT SDL 2012       0.29          104.25          6.2184
     Total                         11.97
C. Treasury Bills
   (i) 14 Day Bills (Maturity-wise)
       (DD/MM/YYYY)
                                           NIL
   (ii) 91 Day Bills (Maturity-wise)
       (DD/MM/YYYY)
          Contract Date : January 22, 2003
        18/04/2003                 25.00           98.7422         5.3915
          Contract Date : January 23, 2003
        31/01/2003                  2.04           99.8785         5.5350
        14/02/2003                  0.095          99.6756         5.3848
        14/03/2003                 29.50           99.2522         5.4850
        21/03/2003                 15.00           99.1469         5.4947
        28/03/2003                  4.25           99.0620         5.3854
        28/03/2003                  1.00           99.0242         5.6046
        28/03/2003                 35.00           99.0431         5.4949
        04/04/2003                  0.30           98.9891         5.2356
        04/04/2003                  0.05           98.9891         5.2356
        04/04/2003                  0.01           98.9891         5.2356        04/04/2003                 10.00           98.9357         5.5151
        18/04/2003                 15.00           98.7331         5.4949
        18/04/2003                 25.00           98.7331         5.4949
        18/04/2003                 25.00           98.7331         5.4949
        18/04/2003                 75.00           98.7331         5.4949
     Total                        262.245
   (iii) 182 Day Bills (Maturity-wise)
       (DD/MM/YYYY)
                                           NIL
   (iv) 364 Day Bills (Maturity-wise)
       (DD/MM/YYYY)
          Contract Date : January 22, 2003
        30/05/2003                  4.00           98.1222         5.4422
        13/06/2003                 45.00           97.9121         5.4662
        31/10/2003                  0.50           95.9732         5.4158
          Contract Date : January 23, 2003
        24/01/2003                  4.00          100.0000         0.0000
        07/03/2003                  6.00           99.3446         5.5846
        26/12/2003                  3.00           95.1673         5.4850
     Total                         62.50
---------------------------------------------------------------------------
 Loan  Nomenclature                Amount      Price *   Repo Rate   Repo
 Code                            (Face Value) Per Rs.100   (%pa)    Period
                                 (in Rs.Crore) Nominal              (Days)
       (1)                          (2)          (3)        (4)      (5)
---------------------------------------------------------------------------
II.  REPO Transactions *
    (Other than with RBI)
A. Government of India Dated Securities
 97008  11.83 %  2003              25.00      102.90        5.65       4
 97008  11.83 %  2003              30.00      102.90        5.65       4
 94003  12.50 %  2004             100.00      107.80        5.70       6
 94003  12.50 %  2004             100.00      107.80        5.70       6
 94003  12.50 %  2004              25.00      107.80        5.70       6
 94003  12.50 %  2004              10.00      107.80        5.65       1
 94003  12.50 %  2004              25.00      107.80        5.70       4
 94003  12.50 %  2004              22.90      107.80        5.70       1
 97010  11.19 %  2005              65.00      113.45        5.75       4
 99008  11.68 %  2006              35.00      117.95        5.75       4
 01012   5.72 %  2006              75.00      100.00        5.65       2
 01012   5.72 %  2006              24.80      100.00        5.55       1
 01012   5.72 %  2006              20.00      100.00        5.50       1
 01012   5.72 %  2006              30.00      100.00        5.60       1
 01012   5.72 %  2006              25.00      100.00        5.60       1
 01012   5.72 %  2006              15.00      100.00        5.60       1
 98007  12.00 %  2008              50.00      128.35        5.55       4
 98007  12.00 %  2008              25.00      128.35        5.55       4
 98007  12.00 %  2008              20.00      128.00        5.65       1
 00016  11.40 %  2008              80.00      127.45        5.70       1
 00016  11.40 %  2008              38.00      127.45        5.75       1
 00016  11.40 %  2008              23.00      127.50        5.75       1
 99006  11.99 %  2009              38.00      132.30        5.75       4
 01007   9.39 %  2011               1.00      123.15        7.10       1
 00017  11.50 %  2011             125.00      138.45        6.15       1 00017  11.50 %  2011              16.65      138.20        5.50       1
 00017  11.50 %  2011               8.00      138.15        5.40       1
 00012  11.03 %  2012              15.00      136.95        5.75       4
 00012  11.03 %  2012               8.00      137.00        5.75       1
 01009   9.40 %  2012              40.00      125.50        5.75       1
 02008   7.37 %  2014             100.00      111.75        5.75       5
 02008   7.37 %  2014              65.00      111.75        5.80       1
 99020  11.83 %  2014              60.00      147.50        5.75       5
 01001  10.47 %  2015               9.00      136.00        7.10       4
 00015  11.43 %  2015              20.00      146.25        5.80       1
 01011   9.85 %  2015              30.00      134.35        5.75       4
 02001   8.07 %  2017              58.00      119.35        5.75       4
 02001   8.07 %  2017              25.00      119.30        5.70       1
 02007   7.49 %  2017               5.00      113.75        5.75       1
 02007   7.49 %  2017               3.00      113.75        5.75       4
 01004  10.45 %  2018              20.00      142.75        5.80       1
 01004  10.45 %  2018              42.00      142.75        5.80       1
 01004  10.45 %  2018              35.00      142.75        5.85       1
 01004  10.45 %  2018              10.00      142.25        7.10       1
 01006  10.25 %  2021              30.00      143.50        5.75       1
 02011   8.35 %  2022              10.00      123.85        5.75       4
 02011   8.35 %  2022              35.00      123.90        5.80       1
 01010  10.18 %  2026              25.00      146.55        5.75       4
 01010  10.18 %  2026              35.00      146.60        5.70       6
 01010  10.18 %  2026              10.98      146.50        5.75       1
 02015   7.95 %  2032              24.00      121.00        5.75       1
     Total                       1767.33
B. State Government Securities
                                           NIL
C. Treasury Bills
   (i) 14 Day Bills (Maturity-wise)
      (DD/MM/YYYY)
                                           NIL
   (ii) 91 Day Bills (Maturity-wise)
      (DD/MM/YYYY)
        28/03/2003                 25.00       99.0448      5.60       1
        04/04/2003                 55.00       98.9320      5.70       4
        04/04/2003                 35.50       98.9415      5.65       1
        04/04/2003                 26.00       98.9415      5.60       1
        18/04/2003                 55.75       98.7354      5.55       4
     Total                        197.25
   (iii) 182 Day Bills (Maturity-wise)
      (DD/MM/YYYY)
                                           NIL
   (iv) 364 Day Bills (Maturity-wise)
       (DD/MM/YYYY)
        07/03/2003                 25.00       99.3504      5.80       4
        07/03/2003                 25.00       99.3504      5.80       4
        07/03/2003                 25.00       99.3504      5.80       4
        07/03/2003                 25.00       99.3504      5.80       4
        07/03/2003                 25.00       99.3504      5.80       4
        21/03/2003                 25.00       99.1407      5.80       4
        04/04/2003                 66.00       98.9700      5.80       1
        02/05/2003                 35.00       98.5697      5.80       1
        16/05/2003                 25.00       98.3108      5.65       1
        16/05/2003                 25.00       98.3108      5.65       1
        16/05/2003                 25.00       98.3108      5.65       1        30/05/2003                 25.00       98.1055      5.65       1
        30/05/2003                 25.00       98.1055      5.65       1
        13/06/2003                 25.00       97.9010      5.90       1
        13/06/2003                 25.00       97.9010      5.90       1
        13/06/2003                 25.00       97.9010      5.90       1
        13/06/2003                 25.00       97.9010      5.90       1
        13/06/2003                 25.00       97.9010      5.90       1
        13/06/2003                 25.00       97.9010      5.90       1
        17/10/2003                 42.00       96.2338      5.75       1
        28/11/2003                101.00       95.6671      5.75       4
        12/12/2003                105.00       95.3700      5.75       4
        26/12/2003                 50.00       95.1700      5.75       4
     Total                        824.00
--------------------------------------------------------------------------
  * Relate to the first leg of Repos
  # YTM(indicative) will depend upon assumed rate of inflation
Date :  23 January 2003