Reserve Bank of India - Foreign Exchange Data from  01/04/2003 to 11/04/2003
All Figures are in USD Millions
MERCHANT INTER BANK
FCY/ INR FCY/ FCY FCY/ INR FCY/ FCY
Position Spot Forwd Forwd Spot Forwd Forwd Spot Swap Forwd Spot Swap Forwd
Date Cancel Cancel
PURCHASES
03/04/2003 567 278 37 5 80 9 1,177 1,321 73 369 178 8
04/04/2003 406 229 19 7 32 28 713 1,123 62 382 229 4
07/04/2003 497 198 19 15 57 65 875 1,560 59 427 233 5
08/04/2003 373 203 27 9 60 17 835 1,480 43 471 210 5
09/04/2003 347 306 45 5 52 17 932 1,748 92 297 250 4
10/04/2003 346 181 26 10 99 20 785 1,102 95 385 379 2
SALES
03/04/2003 376 199 123 7 78 10 1,561 1,117 36 361 184 8
04/04/2003 342 167 42 10 31 47 864 1,662 55 386 229 0
07/04/2003 454 139 129 39 33 48 949 1,455 75 428 223 5
08/04/2003 308 217 61 33 36 22 751 1,431 54 436 197 8
09/04/2003 408 173 95 26 32 16 901 1,610 89 322 217 5
10/04/2003 438 140 90 10 100 27 772 1,101 96 376 378 2