Subsidiary General Ledger Account Transactions
in Government Dated Securities and Treasury Bills
at RBI, Mumbai on 12 August 2003
---------------------------------------------------------------------------
 Loan  Nomenclature              Amount           Price *        YTM %
 Code                            (Face Value)     Per Rs.100   Indicative
                                 (in Rs.Crore)    nominal
---------------------------------------------------------------------------
I.  Outright Transactions
A.Government of India Dated Securities
          Contract Date : August 11, 2003
 98007  12.00 %  2008               5.00          128.020          5.2262
 00016  11.40 %  2008              10.00          127.33           5.1838
 00016  11.40 %  2008              10.00          127.33           5.1838
 00016  11.40 %  2008              25.00          127.40           5.1701
 99006  11.99 %  2009               5.00          132.445          5.2764
 99006  11.99 %  2009               5.00          132.45           5.2756
 99006  11.99 %  2009              15.00          132.45           5.2756
 99006  11.99 %  2009               5.00          132.41           5.2825
 99006  11.99 %  2009              25.00          132.41           5.2825
 98015  12.25 %  2010               3.00          137.75           5.5752
 98015  12.25 %  2010              10.00          137.84           5.5623
 00014  11.30 %  2010              10.00          133.89           5.3964
 00014  11.30 %  2010               5.00          133.89           5.3964
 00014  11.30 %  2010              10.00          133.89           5.3964
 00010  10.95 %  2011               5.00          134.27           5.4887
 01007   9.39 %  2011               5.00          124.98           5.4511
 01007   9.39 %  2011               5.00          124.98           5.4511
 00017  11.50 %  2011               5.00          139.59           5.4869
 00017  11.50 %  2011               5.00          139.59           5.4869
 02006   6.85 %  2012               5.00          109.255          5.4902
 02006   6.85 %  2012               5.00          109.25           5.4909
 02009   7.40 %  2012               5.00          113.165          5.4802
 02009   7.40 %  2012               5.00          113.17           5.4795
 02009   7.40 %  2012               5.00          113.17           5.4795
 02009   7.40 %  2012               5.00          113.17           5.4795
 02009   7.40 %  2012               5.00          113.17           5.4795
 02009   7.40 %  2012               5.00          113.16           5.4809
 02009   7.40 %  2012               5.00          113.17           5.4795
 02009   7.40 %  2012               5.00          113.15           5.4822
 02009   7.40 %  2012               5.00          113.15           5.4822
 02009   7.40 %  2012               5.00          113.15           5.4822
 02009   7.40 %  2012               5.00          113.14           5.4836
 02009   7.40 %  2012               5.00          113.15           5.4822
 02009   7.40 %  2012              10.00          113.17           5.4795
 02009   7.40 %  2012               5.00          113.16           5.4809
 02009   7.40 %  2012               5.00          113.145          5.4829
 02009   7.40 %  2012               5.00          113.12           5.4863
 02009   7.40 %  2012               5.00          113.12           5.4863
 02009   7.40 %  2012               5.00          113.12           5.4863
 02009   7.40 %  2012               4.00          113.20           5.4755
 02009   7.40 %  2012               1.00          113.21           5.4741 02009   7.40 %  2012               1.50          113.23           5.4715
 00012  11.03 %  2012               5.00          138.38           5.5281
 00012  11.03 %  2012              10.00          138.38           5.5281
 00012  11.03 %  2012               5.00          138.38           5.5281
 00012  11.03 %  2012               5.00          138.38           5.5281
 00012  11.03 %  2012              10.00          138.38           5.5281
 01009   9.40 %  2012               5.00          127.40           5.5221
 01009   9.40 %  2012               5.00          127.39           5.5233
 01009   9.40 %  2012              10.00          127.38           5.5245
 01009   9.40 %  2012              10.00          127.38           5.5245
 01009   9.40 %  2012              25.00          127.39           5.5233
 01009   9.40 %  2012              10.00          127.39           5.5233
 01009   9.40 %  2012               5.00          127.40           5.5221
 01009   9.40 %  2012              15.00          127.37           5.5257
 01009   9.40 %  2012              10.00          127.36           5.5270
 98021  12.40 %  2013               5.00          149.65           5.7990
 98021  12.40 %  2013               5.00          149.75           5.7888
 98021  12.40 %  2013              10.00          149.74           5.7899
 02017   7.27 %  2013               5.00          113.39           5.5172
 02017   7.27 %  2013              10.00          113.37           5.5197
 02017   7.27 %  2013               5.00          113.38           5.5184
 02017   7.27 %  2013               5.00          113.39           5.5172
 02017   7.27 %  2013               5.00          113.34           5.5233
 02017   7.27 %  2013               5.00          113.35           5.5221
 02017   7.27 %  2013               5.00          113.36           5.5209
 02017   7.27 %  2013               5.00          113.35           5.5221
 02017   7.27 %  2013               5.00          113.35           5.5221
 02017   7.27 %  2013              25.00          113.40           5.5160
 02017   7.27 %  2013               5.00          113.40           5.5160
 02008   7.37 %  2014               5.00          114.23           5.5818
 02008   7.37 %  2014               5.00          114.23           5.5818
 02008   7.37 %  2014               2.00          114.19           5.5865
 02008   7.37 %  2014               5.00          114.21           5.5842
 02008   7.37 %  2014               5.00          114.10           5.5969
 02008   7.37 %  2014               5.00          114.19           5.5865
 02008   7.37 %  2014               5.00          114.175          5.5882
 02008   7.37 %  2014              25.00          114.22           5.5830
 01001  10.47 %  2015               5.00          138.30           5.8489
 01001  10.47 %  2015               5.00          138.36           5.8431
 01001  10.47 %  2015               5.00          138.39           5.8402
 01001  10.47 %  2015              20.00          138.35           5.8440
 01001  10.47 %  2015               5.00          138.37           5.8421
 01001  10.47 %  2015               5.00          138.38           5.8411
 01001  10.47 %  2015               5.00          138.30           5.8489
 01001  10.47 %  2015              20.00          138.37           5.8421
 00015  11.43 %  2015               5.00          147.55           5.8547
 00015  11.43 %  2015               5.00          147.55           5.8547
 02018   7.38 %  2015               5.00          114.90           5.6581
 01011   9.85 %  2015               5.00          136.47           5.6630
 01011   9.85 %  2015              15.00          136.47           5.6630
 01011   9.85 %  2015               5.00          136.47           5.6630
 01011   9.85 %  2015               5.00          136.47           5.6630
 02001   8.07 %  2017               5.00          121.27           5.7713
 02001   8.07 %  2017               5.00          121.27           5.7713
 02001   8.07 %  2017              25.00          121.275          5.7708
 02001   8.07 %  2017               5.00          121.27           5.7713
 02001   8.07 %  2017              20.00          121.25           5.7732 02001   8.07 %  2017              10.00          121.255          5.7727
 02001   8.07 %  2017               5.00          121.255          5.7727
 02001   8.07 %  2017               5.00          121.25           5.7732
 02001   8.07 %  2017               5.00          121.27           5.7713
 02001   8.07 %  2017               5.00          121.28           5.7703
 02001   8.07 %  2017               5.00          121.245          5.7737
 02001   8.07 %  2017               5.00          121.24           5.7741
 02001   8.07 %  2017              10.00          121.24           5.7741
 02001   8.07 %  2017               5.00          121.23           5.7751
 02001   8.07 %  2017               5.00          121.235          5.7746
 02001   8.07 %  2017              15.00          121.25           5.7732
 02001   8.07 %  2017               1.00          121.23           5.7751
 02001   8.07 %  2017               5.00          121.25           5.7732
 02001   8.07 %  2017               1.00          121.31           5.7675
 02007   7.49 %  2017               5.00          115.48           5.8309
 02007   7.49 %  2017               5.00          115.47           5.8318
 02007   7.49 %  2017               5.00          115.44           5.8348
 02007   7.49 %  2017               5.00          115.47           5.8318
 02014   7.46 %  2017               5.00          115.80           5.7997
 02014   7.46 %  2017               5.00          115.775          5.8020
 02014   7.46 %  2017               5.00          115.77           5.8025
 02014   7.46 %  2017               5.00          115.76           5.8035
 02014   7.46 %  2017               5.00          115.76           5.8035
 02014   7.46 %  2017               5.00          115.75           5.8044
 02014   7.46 %  2017               5.00          115.76           5.8035
 02014   7.46 %  2017               5.00          115.76           5.8035
 02014   7.46 %  2017               5.00          115.77           5.8025
 02014   7.46 %  2017               5.00          115.77           5.8025
 02014   7.46 %  2017              10.00          115.77           5.8025
 02014   7.46 %  2017               5.00          115.76           5.8035
 02014   7.46 %  2017              10.00          115.75           5.8044
 02014   7.46 %  2017               1.50          115.73           5.8063
 02014   7.46 %  2017               5.00          115.76           5.8035
 02014   7.46 %  2017              25.00          115.70           5.8092
 02014   7.46 %  2017               5.00          115.74           5.8054
 02014   7.46 %  2017              15.00          115.72           5.8073
 02014   7.46 %  2017              10.00          115.72           5.8073
 02014   7.46 %  2017               3.00          115.85           5.7949
 02014   7.46 %  2017               1.00          115.78           5.8016
 02014   7.46 %  2017               1.20          115.67           5.8121
 02014   7.46 %  2017               5.00          115.78           5.8016
 02014   7.46 %  2017               0.50          115.83           5.7968
 03003   6.25 %  2018               5.00          104.29           5.8054
 03003   6.25 %  2018               1.00          104.22           5.8124
 03003   6.25 %  2018               5.00          104.29           5.8054
 03003   6.25 %  2018               5.00          104.28           5.8064
 03003   6.25 %  2018               5.00          104.24           5.8104
 03003   6.25 %  2018              25.00          104.34           5.8004
 03003   6.25 %  2018               0.50          104.37           5.7973
 03003   6.25 %  2018               5.00          104.33           5.8014
 03003   6.25 %  2018               0.50          104.34           5.8004
 03003   6.25 %  2018              10.00          104.28           5.8064
 03003   6.25 %  2018               0.50          104.25           5.8094
 03003   6.25 %  2018               0.50          104.25           5.8094
 03017   6.05 %  2019               5.00          102.03           5.8507
 03017   6.05 %  2019               5.00          102.01           5.8526
 03017   6.05 %  2019               1.00          102.05           5.8488 03004   6.35 %  2020               5.00          104.67           5.9008
 03004   6.35 %  2020               5.00          104.67           5.9008
 03004   6.35 %  2020               5.00          104.65           5.9027
 03004   6.35 %  2020              20.00          104.68           5.8999
 03004   6.35 %  2020               5.00          104.69           5.8990
 03004   6.35 %  2020               5.00          104.66           5.9017
 03004   6.35 %  2020               5.00          104.68           5.8999
 03004   6.35 %  2020              15.00          104.65           5.9027
 03004   6.35 %  2020               5.00          104.68           5.8999
 03004   6.35 %  2020               1.00          104.71           5.8971
 03004   6.35 %  2020               1.00          104.72           5.8962
 03004   6.35 %  2020               0.30          104.70           5.8980
 01006  10.25 %  2021               5.00          145.30           6.0555
 01006  10.25 %  2021               5.00          145.30           6.0555
 02011   8.35 %  2022              10.00          126.30           5.9947
 02011   8.35 %  2022              10.00          126.30           5.9947
 02011   8.35 %  2022               5.00          126.29           5.9954
 02011   8.35 %  2022               5.00          126.29           5.9954
 02011   8.35 %  2022               5.00          126.26           5.9977
 02011   8.35 %  2022               5.00          126.27           5.9970
 03013   6.30 %  2023               5.00          103.90           5.9597
 01010  10.18 %  2026               5.00          149.30           6.1518
 03020   6.01 %  2028               5.00          100.18           5.9953
 03020   6.01 %  2028              10.00          100.185          5.9949
 03020   6.01 %  2028               5.00          100.16           5.9968
 03020   6.01 %  2028              10.00          100.16           5.9968
 03020   6.01 %  2028               5.00          100.16           5.9968
 03020   6.01 %  2028              10.00          100.15           5.9976
 03015   6.13 %  2028               4.00          101.35           6.0237
 03015   6.13 %  2028              10.00          101.31           6.0268
 03015   6.13 %  2028               5.00          101.27           6.0298
 03015   6.13 %  2028               1.00          101.27           6.0298
 03015   6.13 %  2028               0.47          101.40           6.0198
 03015   6.13 %  2028               2.40          101.45           6.0159
 02015   7.95 %  2032              10.00          124.70           6.1204
 02015   7.95 %  2032               5.00          124.65           6.1235
          Contract Date : August 12, 2003
 94003  12.50 %  2004              15.00          104.612          4.7652
 84002   9.50 %  2008               0.50          115.90           5.4818
 00016  11.40 %  2008               5.00          127.30           5.1871
 00016  11.40 %  2008               5.00          100.00          11.3960
 99006  11.99 %  2009               5.00          132.43           5.2767
 99006  11.99 %  2009               5.00          132.42           5.2784
 99006  11.99 %  2009               5.00          132.40           5.2819
 99006  11.99 %  2009               5.00          132.40           5.2819
 99006  11.99 %  2009               5.00          132.42           5.2784
 99006  11.99 %  2009               5.00          132.40           5.2819
 99006  11.99 %  2009               5.00          100.00          11.9808
 03002   5.87 %  2010               5.00          102.70           5.3640
 03005   6.00 %  2010               5.00          102.51           5.5294
 99004  12.29 %  2010               5.00          136.22           5.5450
 99004  12.29 %  2010               5.00          136.28           5.5358
 99004  12.29 %  2010               5.00          136.28           5.5358
 99004  12.29 %  2010               5.00          136.25           5.5404
 03007   6.20 %  2010               5.00          103.63           5.5251
 80003   7.50 %  2010               0.50          110.50           5.6077
 80003   7.50 %  2010               0.50          110.10           5.6756 00014  11.30 %  2010               5.00          133.80           5.4078
 00014  11.30 %  2010               5.00          133.82           5.4049
 00014  11.30 %  2010               5.00          133.83           5.4034
 00014  11.30 %  2010               5.00          133.83           5.4034
 82013   8.75 %  2010               1.00          118.97           5.5632
 00010  10.95 %  2011              10.00          134.27           5.4873
 00010  10.95 %  2011               5.00          134.23           5.4926
 00010  10.95 %  2011               5.00          134.23           5.4926
 00010  10.95 %  2011               5.00          134.23           5.4926
 00010  10.95 %  2011               5.00          134.20           5.4966
 00010  10.95 %  2011               5.00          134.21           5.4953
 00010  10.95 %  2011               5.00          134.22           5.4940
 00010  10.95 %  2011               5.00          134.22           5.4940
 00010  10.95 %  2011               5.00          134.22           5.4940
 00010  10.95 %  2011              10.00          134.22           5.4940
 00010  10.95 %  2011               5.00          134.22           5.4940
 00010  10.95 %  2011               5.00          134.22           5.4940
 00010  10.95 %  2011               5.00          100.00          10.9432
 01007   9.39 %  2011               5.00          124.96           5.4529
 01007   9.39 %  2011              10.00          124.96           5.4529
 01007   9.39 %  2011               5.00          124.955          5.4536
 01007   9.39 %  2011               5.00          124.96           5.4529
 01007   9.39 %  2011               5.00          124.96           5.4529
 01007   9.39 %  2011               5.00          124.94           5.4556
 01007   9.39 %  2011               5.00          124.95           5.4543
 01007   9.39 %  2011               5.00          124.95           5.4543
 01007   9.39 %  2011               5.00          124.95           5.4543
 01007   9.39 %  2011               5.00          124.96           5.4529
 01007   9.39 %  2011               5.00          124.97           5.4515
 01007   9.39 %  2011               5.00          124.95           5.4543
 01007   9.39 %  2011               5.00          124.95           5.4543
 01007   9.39 %  2011               5.00          124.95           5.4543
 01007   9.39 %  2011              25.00          124.95           5.4543
 01007   9.39 %  2011               5.00          124.96           5.4529
 01007   9.39 %  2011               5.00          124.93           5.4570
 01007   9.39 %  2011              10.00          124.95           5.4543
 01007   9.39 %  2011              25.00          124.92           5.4584
 01007   9.39 %  2011               5.00          124.94           5.4556
 91012  11.50 %  2011               5.00          137.80           5.5683
 00017  11.50 %  2011              10.00          139.50           5.4967
 00017  11.50 %  2011              20.00          139.50           5.4967
 00017  11.50 %  2011              15.00          139.55           5.4905
 00017  11.50 %  2011               5.00          139.53           5.4930
 00017  11.50 %  2011              10.00          139.53           5.4930
 00017  11.50 %  2011               5.00          139.53           5.4930
 00017  11.50 %  2011               5.00          139.55           5.4905
 00017  11.50 %  2011              10.00          139.52           5.4942
 00017  11.50 %  2011               5.00          139.52           5.4942
 00017  11.50 %  2011              10.00          139.53           5.4930
 00017  11.50 %  2011               5.00          139.52           5.4942
 02006   6.85 %  2012              10.00          109.26           5.4892
 02006   6.85 %  2012               5.00          109.23           5.4933
 02006   6.85 %  2012               0.50          109.18           5.5003
 02006   6.85 %  2012              10.00          109.205          5.4968
 02006   6.85 %  2012               5.00          109.22           5.4947
 02006   6.85 %  2012               5.00          109.20           5.4975
 02006   6.85 %  2012              15.00          109.205          5.4968 02006   6.85 %  2012               5.00          109.21           5.4961
 02006   6.85 %  2012               5.00          109.21           5.4961
 02006   6.85 %  2012               5.00          109.21           5.4961
 02006   6.85 %  2012               5.00          109.20           5.4975
 02006   6.85 %  2012               0.25          108.50           5.5953
 02006   6.85 %  2012               5.00          109.21           5.4961
 02006   6.85 %  2012               0.50          109.23           5.4933
 02006   6.85 %  2012               1.00          109.16           5.5031
 02006   6.85 %  2012              10.00          109.21           5.4961
 02006   6.85 %  2012              10.00          109.21           5.4961
 02006   6.85 %  2012              15.00          109.21           5.4961
 02006   6.85 %  2012               5.00          109.215          5.4954
 02006   6.85 %  2012              15.00          109.21           5.4961
 02006   6.85 %  2012               0.022         110.30           5.3455
 02009   7.40 %  2012               5.00          113.17           5.4791
 02009   7.40 %  2012              15.00          113.18           5.4778
 02009   7.40 %  2012               5.00          113.14           5.4832
 02009   7.40 %  2012               0.50          113.21           5.4737
 02009   7.40 %  2012               5.00          113.08           5.4913
 02009   7.40 %  2012               5.00          113.10           5.4886
 02009   7.40 %  2012              10.00          113.12           5.4859
 02009   7.40 %  2012              10.00          113.10           5.4886
 02009   7.40 %  2012              25.00          113.12           5.4859
 02009   7.40 %  2012               5.00          113.14           5.4832
 02009   7.40 %  2012               5.00          113.14           5.4832
 02009   7.40 %  2012               5.00          113.12           5.4859
 02009   7.40 %  2012               5.00          113.12           5.4859
 02009   7.40 %  2012               5.00          113.09           5.4899
 02009   7.40 %  2012               5.00          113.10           5.4886
 02009   7.40 %  2012               5.00          113.13           5.4845
 02009   7.40 %  2012              10.00          113.12           5.4859
 02009   7.40 %  2012               5.00          113.10           5.4886
 02009   7.40 %  2012               5.00          113.14           5.4832
 02009   7.40 %  2012               5.00          113.11           5.4872
 02009   7.40 %  2012               5.00          113.12           5.4859
 02009   7.40 %  2012               5.00          113.08           5.4913
 02009   7.40 %  2012               5.00          113.08           5.4913
 02009   7.40 %  2012               5.00          113.12           5.4859
 02009   7.40 %  2012               5.00          113.08           5.4913
 02009   7.40 %  2012               5.00          113.08           5.4913
 02009   7.40 %  2012               5.00          113.10           5.4886
 02009   7.40 %  2012               5.00          113.13           5.4845
 02009   7.40 %  2012              10.00          113.10           5.4886
 02009   7.40 %  2012               5.00          113.11           5.4872
 02009   7.40 %  2012               5.00          113.09           5.4899
 02009   7.40 %  2012               5.00          113.10           5.4886
 02009   7.40 %  2012               5.00          113.10           5.4886
 02009   7.40 %  2012              10.00          113.11           5.4872
 02009   7.40 %  2012               5.00          113.09           5.4899
 02009   7.40 %  2012              10.00          113.12           5.4859
 02009   7.40 %  2012               5.00          113.09           5.4899
 02009   7.40 %  2012              10.00          113.12           5.4859
 02009   7.40 %  2012              30.00          113.105          5.4879
 02009   7.40 %  2012               5.00          113.08           5.4913
 02009   7.40 %  2012               5.00          113.08           5.4913
 02009   7.40 %  2012               5.00          113.08           5.4913
 02009   7.40 %  2012               5.00          113.08           5.4913 02009   7.40 %  2012               5.00          113.08           5.4913
 02009   7.40 %  2012              25.00          113.11           5.4872
 02009   7.40 %  2012               5.00          113.08           5.4913
 02009   7.40 %  2012              25.00          113.08           5.4913
 02009   7.40 %  2012              10.00          113.08           5.4913
 02009   7.40 %  2012              10.00          113.10           5.4886
 02009   7.40 %  2012               5.00          113.12           5.4859
 02009   7.40 %  2012               5.00          113.12           5.4859
 02009   7.40 %  2012               5.00          113.08           5.4913
 02009   7.40 %  2012              10.00          113.11           5.4872
 02009   7.40 %  2012               5.00          113.08           5.4913
 02009   7.40 %  2012              10.00          113.11           5.4872
 02009   7.40 %  2012               5.00          113.08           5.4913
 02009   7.40 %  2012               2.00          113.15           5.4818
 02009   7.40 %  2012               5.00          113.10           5.4886
 02009   7.40 %  2012               5.00          113.08           5.4913
 02009   7.40 %  2012               5.00          113.09           5.4899
 02009   7.40 %  2012               1.00          113.17           5.4791
 02009   7.40 %  2012               1.00          113.07           5.4926
 02009   7.40 %  2012               5.00          113.085          5.4906
 02009   7.40 %  2012               5.00          113.11           5.4872
 02009   7.40 %  2012               3.00          100.00           7.3974
 02009   7.40 %  2012              10.00          113.16           5.4805
 02009   7.40 %  2012               5.00          113.15           5.4818
 02009   7.40 %  2012               5.00          113.10           5.4886
 00012  11.03 %  2012               5.00          138.33           5.5328
 00012  11.03 %  2012              25.00          138.36           5.5293
 00012  11.03 %  2012               5.00          138.35           5.5305
 00012  11.03 %  2012               5.00          138.35           5.5305
 00012  11.03 %  2012               5.00          138.33           5.5328
 00012  11.03 %  2012               5.00          138.33           5.5328
 00012  11.03 %  2012               5.00          138.33           5.5328
 00012  11.03 %  2012               5.00          138.34           5.5317
 00012  11.03 %  2012               5.00          138.34           5.5317
 00012  11.03 %  2012               5.00          138.34           5.5317
 01009   9.40 %  2012               5.00          127.34           5.5286
 01009   9.40 %  2012               5.00          127.34           5.5286
 01009   9.40 %  2012              25.00          127.30           5.5335
 01009   9.40 %  2012               5.00          127.335          5.5292
 01009   9.40 %  2012              10.00          127.31           5.5323
 01005   9.81 %  2013               5.00          132.06           5.5269
 01005   9.81 %  2013               5.00          132.00           5.5336
 01005   9.81 %  2013               5.00          132.02           5.5314
 01005   9.81 %  2013               5.00          132.00           5.5336
 01005   9.81 %  2013               5.00          132.03           5.5303
 01005   9.81 %  2013               5.00          132.04           5.5292
 01005   9.81 %  2013               5.00          132.00           5.5336
 01005   9.81 %  2013               5.00          131.98           5.5359
 01005   9.81 %  2013               5.00          132.01           5.5325
 01005   9.81 %  2013               5.00          131.99           5.5348
 01005   9.81 %  2013               5.00          131.99           5.5348
 01005   9.81 %  2013               5.00          132.03           5.5303
 01005   9.81 %  2013              10.00          132.00           5.5336
 01005   9.81 %  2013               5.00          131.95           5.5392
 01005   9.81 %  2013               5.00          131.97           5.5370
 01005   9.81 %  2013               5.00          131.98           5.5359
 01005   9.81 %  2013               5.00          132.02           5.5314 01005   9.81 %  2013               5.00          131.94           5.5403
 01005   9.81 %  2013               5.00          131.95           5.5392
 01005   9.81 %  2013               5.00          132.03           5.5303
 01005   9.81 %  2013               5.00          131.95           5.5392
 01005   9.81 %  2013               5.00          131.95           5.5392
 01005   9.81 %  2013               5.00          131.94           5.5403
 01005   9.81 %  2013               5.00          131.95           5.5392
 01005   9.81 %  2013              10.00          131.96           5.5381
 01005   9.81 %  2013               5.00          131.95           5.5392
 01005   9.81 %  2013               5.00          131.95           5.5392
 01005   9.81 %  2013               5.00          131.95           5.5392
 01005   9.81 %  2013               5.00          131.95           5.5392
 01005   9.81 %  2013               5.00          132.00           5.5336
 01005   9.81 %  2013               5.00          131.96           5.5381
 01005   9.81 %  2013              10.00          131.97           5.5370
 01005   9.81 %  2013               5.00          131.98           5.5359
 98021  12.40 %  2013               5.00          149.73           5.7899
 98021  12.40 %  2013               5.00          149.73           5.7899
 98021  12.40 %  2013               5.00          149.73           5.7899
 02017   7.27 %  2013               5.00          113.33           5.5242
 02017   7.27 %  2013              10.00          113.38           5.5181
 02017   7.27 %  2013               5.00          113.33           5.5242
 02017   7.27 %  2013               0.25          113.37           5.5193
 02017   7.27 %  2013               5.00          113.35           5.5218
 02017   7.27 %  2013               5.00          113.35           5.5218
 02017   7.27 %  2013               5.00          113.32           5.5254
 02017   7.27 %  2013               5.00          113.32           5.5254
 02017   7.27 %  2013               5.00          113.32           5.5254
 02017   7.27 %  2013               5.00          113.325          5.5248
 02017   7.27 %  2013               5.00          113.31           5.5266
 02017   7.27 %  2013               5.00          113.33           5.5242
 02017   7.27 %  2013               5.00          113.325          5.5248
 02017   7.27 %  2013               5.00          113.325          5.5248
 02017   7.27 %  2013              25.00          113.34           5.5230
 02017   7.27 %  2013              25.00          113.325          5.5248
 02017   7.27 %  2013               5.00          113.30           5.5278
 02017   7.27 %  2013               5.00          113.325          5.5248
 02017   7.27 %  2013               5.00          113.30           5.5278
 02017   7.27 %  2013               5.00          113.30           5.5278
 02017   7.27 %  2013               5.00          113.30           5.5278
 02017   7.27 %  2013               5.00          113.305          5.5272
 02017   7.27 %  2013               5.00          113.285          5.5296
 03009   6.72 %  2014               5.00          108.885          5.5920
 03009   6.72 %  2014               5.00          108.92           5.5878
 03009   6.72 %  2014              50.00          108.93           5.5866
 03009   6.72 %  2014              10.00          108.92           5.5878
 02008   7.37 %  2014               5.00          114.22           5.5827
 02008   7.37 %  2014               5.00          114.18           5.5873
 02008   7.37 %  2014              10.00          114.18           5.5873
 02008   7.37 %  2014               5.00          114.18           5.5873
 02008   7.37 %  2014              10.00          114.18           5.5873
 02008   7.37 %  2014              10.00          114.17           5.5885
 02008   7.37 %  2014              15.00          114.17           5.5885
 02008   7.37 %  2014              10.00          114.17           5.5885
 02008   7.37 %  2014               5.00          114.17           5.5885
 02008   7.37 %  2014               5.00          114.19           5.5862
 02008   7.37 %  2014               5.00          114.18           5.5873 02008   7.37 %  2014               5.00          114.19           5.5862
 02008   7.37 %  2014              25.00          114.175          5.5879
 02008   7.37 %  2014              10.00          114.17           5.5885
 02008   7.37 %  2014              10.00          114.17           5.5885
 02008   7.37 %  2014               0.25          114.19           5.5862
 02008   7.37 %  2014              10.00          114.17           5.5885
 02008   7.37 %  2014               5.00          114.17           5.5885
 02008   7.37 %  2014              10.00          114.17           5.5885
 02008   7.37 %  2014               5.00          114.17           5.5885
 02008   7.37 %  2014               5.00          114.19           5.5862
 02008   7.37 %  2014               5.00          114.15           5.5908
 02008   7.37 %  2014              10.00          114.15           5.5908
 02008   7.37 %  2014               5.00          114.15           5.5908
 02008   7.37 %  2014              20.00          114.19           5.5862
 02008   7.37 %  2014              10.00          114.18           5.5873
 02008   7.37 %  2014              10.00          114.19           5.5862
 02008   7.37 %  2014              10.00          114.19           5.5862
 02008   7.37 %  2014               5.00          114.17           5.5885
 02008   7.37 %  2014               5.00          114.16           5.5896
 02008   7.37 %  2014               5.00          114.19           5.5862
 02008   7.37 %  2014               5.00          114.14           5.5919
 99020  11.83 %  2014               1.00          148.70           5.8562
 01001  10.47 %  2015               5.00          138.32           5.8464
 01001  10.47 %  2015               5.00          138.30           5.8483
 01001  10.47 %  2015               5.00          138.33           5.8454
 01001  10.47 %  2015               5.00          138.30           5.8483
 01001  10.47 %  2015               4.00          138.10           5.8678
 00009  10.79 %  2015               1.00          141.85           5.8252
 85007  11.50 %  2015               0.75          146.50           5.9490
 00015  11.43 %  2015              10.00          147.70           5.8404
 00015  11.43 %  2015               5.00          147.50           5.8584
 00015  11.43 %  2015               5.00          147.60           5.8494
 00015  11.43 %  2015               5.00          147.65           5.8449
 02018   7.38 %  2015               5.00          114.89           5.6590
 01011   9.85 %  2015               5.00          136.48           5.6616
 01011   9.85 %  2015               5.00          136.48           5.6616
 01011   9.85 %  2015               5.00          136.44           5.6653
 01011   9.85 %  2015               5.00          136.44           5.6653
 01011   9.85 %  2015               5.00          136.43           5.6662
 01011   9.85 %  2015               5.00          136.38           5.6709
 01011   9.85 %  2015               5.00          136.44           5.6653
 01011   9.85 %  2015               5.00          136.42           5.6672
 01011   9.85 %  2015               5.00          136.44           5.6653
 01011   9.85 %  2015               5.00          136.44           5.6653
 01011   9.85 %  2015               5.00          136.41           5.6681
 01011   9.85 %  2015               5.00          136.43           5.6662
 01011   9.85 %  2015               5.00          136.43           5.6662
 01011   9.85 %  2015               5.00          136.40           5.6690
 01011   9.85 %  2015              10.00          136.45           5.6644
 01011   9.85 %  2015               5.00          136.385          5.6704
 01011   9.85 %  2015               5.00          136.44           5.6653
 01011   9.85 %  2015               5.00          136.43           5.6662
 01011   9.85 %  2015               5.00          136.38           5.6709
 01011   9.85 %  2015               5.00          136.39           5.6700
 01011   9.85 %  2015               5.00          136.41           5.6681
 01011   9.85 %  2015               5.00          136.39           5.6700
 01011   9.85 %  2015               5.00          136.41           5.6681 01011   9.85 %  2015               5.00          136.40           5.6690
 01011   9.85 %  2015              15.00          136.40           5.6690
 01011   9.85 %  2015               5.00          136.40           5.6690
 01011   9.85 %  2015               5.00          136.40           5.6690
 01011   9.85 %  2015               5.00          136.40           5.6690
 01011   9.85 %  2015               5.00          136.39           5.6700
 01011   9.85 %  2015               5.00          136.385          5.6704
 01011   9.85 %  2015               5.00          136.38           5.6709
 01011   9.85 %  2015               5.00          136.38           5.6709
 01011   9.85 %  2015              50.00          136.42           5.6672
 01011   9.85 %  2015               5.00          136.38           5.6709
 01011   9.85 %  2015               5.00          136.41           5.6681
 01011   9.85 %  2015              10.00          136.41           5.6681
 01011   9.85 %  2015               5.00          136.40           5.6690
 01011   9.85 %  2015               5.00          136.43           5.6662
 01011   9.85 %  2015               5.00          136.41           5.6681
 01011   9.85 %  2015               5.00          136.43           5.6662
 01011   9.85 %  2015               5.00          136.44           5.6653
 01011   9.85 %  2015               5.00          100.00           9.8461
 01003  10.71 %  2016               5.00          143.25           5.8352
 01003  10.71 %  2016               5.00          143.25           5.8352
 02001   8.07 %  2017               2.00          121.24           5.7738
 02001   8.07 %  2017               5.00          121.29           5.7691
 02001   8.07 %  2017               5.00          121.27           5.7710
 02001   8.07 %  2017              10.00          121.29           5.7691
 02001   8.07 %  2017               0.50          121.28           5.7700
 02001   8.07 %  2017               5.00          121.26           5.7719
 02001   8.07 %  2017               5.00          121.20           5.7776
 02001   8.07 %  2017               5.00          121.18           5.7795
 02001   8.07 %  2017               5.00          121.25           5.7729
 02001   8.07 %  2017               5.00          121.20           5.7776
 02001   8.07 %  2017               5.00          121.21           5.7767
 02001   8.07 %  2017               5.00          121.22           5.7757
 02001   8.07 %  2017               5.00          121.23           5.7748
 02001   8.07 %  2017               5.00          121.225          5.7753
 02001   8.07 %  2017               5.00          121.225          5.7753
 02001   8.07 %  2017               5.00          121.17           5.7805
 02001   8.07 %  2017               5.00          121.18           5.7795
 02001   8.07 %  2017               5.00          121.20           5.7776
 02001   8.07 %  2017               5.00          121.22           5.7757
 02001   8.07 %  2017               5.00          121.18           5.7795
 02001   8.07 %  2017              10.00          121.20           5.7776
 02001   8.07 %  2017               5.00          121.23           5.7748
 02001   8.07 %  2017               5.00          121.22           5.7757
 02001   8.07 %  2017               5.00          121.20           5.7776
 02001   8.07 %  2017               5.00          121.20           5.7776
 02001   8.07 %  2017               5.00          121.20           5.7776
 02001   8.07 %  2017               5.00          121.23           5.7748
 02001   8.07 %  2017               5.00          121.18           5.7795
 02001   8.07 %  2017               5.00          121.22           5.7757
 02001   8.07 %  2017               5.00          121.22           5.7757
 02001   8.07 %  2017               5.00          121.22           5.7757
 02001   8.07 %  2017               5.00          121.20           5.7776
 02001   8.07 %  2017               5.00          121.23           5.7748
 02001   8.07 %  2017               5.00          121.23           5.7748
 02001   8.07 %  2017              10.00          121.19           5.7786
 02001   8.07 %  2017               5.00          121.21           5.7767 02001   8.07 %  2017               5.00          121.22           5.7757
 02001   8.07 %  2017               5.00          121.19           5.7786
 02001   8.07 %  2017               5.00          121.18           5.7795
 02001   8.07 %  2017               5.00          121.18           5.7795
 02001   8.07 %  2017               5.00          121.21           5.7767
 02001   8.07 %  2017               5.00          121.20           5.7776
 02001   8.07 %  2017               5.00          121.20           5.7776
 02001   8.07 %  2017               5.00          121.21           5.7767
 02001   8.07 %  2017               5.00          121.21           5.7767
 02001   8.07 %  2017               5.00          121.23           5.7748
 02001   8.07 %  2017               5.00          121.20           5.7776
 02001   8.07 %  2017               5.00          121.20           5.7776
 02001   8.07 %  2017               5.00          121.18           5.7795
 02001   8.07 %  2017              10.00          121.23           5.7748
 02001   8.07 %  2017               5.00          121.18           5.7795
 02001   8.07 %  2017               5.00          121.17           5.7805
 02001   8.07 %  2017               5.00          121.21           5.7767
 02001   8.07 %  2017               5.00          121.17           5.7805
 02001   8.07 %  2017               5.00          121.18           5.7795
 02001   8.07 %  2017               5.00          121.23           5.7748
 02001   8.07 %  2017               5.00          121.22           5.7757
 02001   8.07 %  2017               5.00          121.20           5.7776
 02001   8.07 %  2017              10.00          121.20           5.7776
 02001   8.07 %  2017              25.00          121.17           5.7805
 02001   8.07 %  2017               5.00          121.18           5.7795
 02001   8.07 %  2017               5.00          121.21           5.7767
 02001   8.07 %  2017               5.00          121.22           5.7757
 02001   8.07 %  2017               5.00          121.215          5.7762
 02001   8.07 %  2017               5.00          121.21           5.7767
 02001   8.07 %  2017               5.00          121.17           5.7805
 02001   8.07 %  2017               5.00          121.17           5.7805
 02001   8.07 %  2017              10.00          121.16           5.7814
 02001   8.07 %  2017               5.00          121.16           5.7814
 02001   8.07 %  2017               5.00          121.23           5.7748
 02001   8.07 %  2017              25.00          121.21           5.7767
 02001   8.07 %  2017               5.00          121.25           5.7729
 02001   8.07 %  2017               5.00          121.18           5.7795
 02001   8.07 %  2017              10.00          121.18           5.7795
 02001   8.07 %  2017              10.00          121.21           5.7767
 02001   8.07 %  2017               5.00          121.16           5.7814
 02001   8.07 %  2017               5.00          121.18           5.7795
 02001   8.07 %  2017               5.00          121.16           5.7814
 02001   8.07 %  2017              25.00          121.18           5.7795
 02001   8.07 %  2017               5.00          121.18           5.7795
 02001   8.07 %  2017               5.00          121.16           5.7814
 02001   8.07 %  2017               5.00          121.20           5.7776
 02001   8.07 %  2017               5.00          121.20           5.7776
 02001   8.07 %  2017              10.00          121.18           5.7795
 02001   8.07 %  2017               5.00          121.18           5.7795
 02001   8.07 %  2017               5.00          121.17           5.7805
 02001   8.07 %  2017               5.00          121.19           5.7786
 02001   8.07 %  2017               5.00          121.18           5.7795
 02001   8.07 %  2017               5.00          121.18           5.7795
 02001   8.07 %  2017               5.00          121.20           5.7776
 02001   8.07 %  2017               5.00          121.17           5.7805
 02001   8.07 %  2017               1.00          121.24           5.7738
 02001   8.07 %  2017               5.00          121.20           5.7776 02001   8.07 %  2017               5.00          121.19           5.7786
 02001   8.07 %  2017               5.00          121.21           5.7767
 02001   8.07 %  2017               5.00          121.28           5.7700
 02001   8.07 %  2017               1.50          121.25           5.7729
 02001   8.07 %  2017               5.00          121.19           5.7786
 02001   8.07 %  2017               5.00          121.18           5.7795
 02001   8.07 %  2017               5.00          121.24           5.7738
 02001   8.07 %  2017               2.00          121.23           5.7748
 02001   8.07 %  2017               1.00          121.16           5.7814
 02007   7.49 %  2017               5.00          115.51           5.8278
 02007   7.49 %  2017               0.50          115.47           5.8316
 02007   7.49 %  2017               5.00          115.42           5.8365
 02007   7.49 %  2017               4.62          115.36           5.8424
 02007   7.49 %  2017               5.00          115.40           5.8385
 02007   7.49 %  2017              10.00          115.40           5.8385
 02007   7.49 %  2017               5.00          115.40           5.8385
 02007   7.49 %  2017               5.00          115.40           5.8385
 02007   7.49 %  2017               5.00          115.40           5.8385
 02007   7.49 %  2017               5.00          115.40           5.8385
 02007   7.49 %  2017               5.00          115.40           5.8385
 02007   7.49 %  2017               5.00          115.40           5.8385
 02007   7.49 %  2017              10.00          115.40           5.8385
 02007   7.49 %  2017               5.00          115.42           5.8365
 02007   7.49 %  2017               5.00          115.40           5.8385
 02007   7.49 %  2017               0.50          115.46           5.8326
 02007   7.49 %  2017               5.00          115.40           5.8385
 02007   7.49 %  2017               5.00          115.41           5.8375
 02007   7.49 %  2017               5.00          115.46           5.8326
 02007   7.49 %  2017               1.6976        115.40           5.8385
 02007   7.49 %  2017               5.00          115.45           5.8336
 02007   7.49 %  2017               1.00          115.37           5.8414
 02007   7.49 %  2017               5.00          115.44           5.8346
 02014   7.46 %  2017               5.00          115.76           5.8033
 02014   7.46 %  2017              10.00          115.78           5.8014
 02014   7.46 %  2017               5.00          115.76           5.8033
 02014   7.46 %  2017               0.25          115.75           5.8043
 02014   7.46 %  2017               0.25          115.79           5.8004
 02014   7.46 %  2017               0.75          115.74           5.8052
 02014   7.46 %  2017               0.50          115.76           5.8033
 02014   7.46 %  2017               0.50          115.74           5.8052
 02014   7.46 %  2017               3.00          115.81           5.7985
 02014   7.46 %  2017               5.00          115.66           5.8128
 02014   7.46 %  2017               5.00          115.72           5.8071
 02014   7.46 %  2017               5.00          115.72           5.8071
 02014   7.46 %  2017               5.00          115.70           5.8090
 02014   7.46 %  2017              10.00          115.68           5.8109
 02014   7.46 %  2017               5.00          115.66           5.8128
 02014   7.46 %  2017               5.00          115.67           5.8119
 02014   7.46 %  2017               5.00          115.70           5.8090
 02014   7.46 %  2017               5.00          115.70           5.8090
 02014   7.46 %  2017               5.00          115.70           5.8090
 02014   7.46 %  2017               5.00          115.71           5.8081
 02014   7.46 %  2017               5.00          115.70           5.8090
 02014   7.46 %  2017              10.00          115.68           5.8109
 02014   7.46 %  2017               5.00          115.70           5.8090
 02014   7.46 %  2017               5.00          115.69           5.8100
 02014   7.46 %  2017               5.00          115.70           5.8090 02014   7.46 %  2017              10.00          115.76           5.8033
 02014   7.46 %  2017               5.00          115.69           5.8100
 02014   7.46 %  2017               5.00          115.70           5.8090
 02014   7.46 %  2017               5.00          115.72           5.8071
 02014   7.46 %  2017              15.00          115.71           5.8081
 02014   7.46 %  2017               5.00          115.67           5.8119
 02014   7.46 %  2017               5.00          115.74           5.8052
 02014   7.46 %  2017               5.00          115.68           5.8109
 02014   7.46 %  2017               5.00          115.70           5.8090
 02014   7.46 %  2017               5.00          115.69           5.8100
 02014   7.46 %  2017               5.00          115.71           5.8081
 02014   7.46 %  2017               5.00          115.68           5.8109
 02014   7.46 %  2017               5.00          115.70           5.8090
 02014   7.46 %  2017               5.00          115.66           5.8128
 02014   7.46 %  2017              10.00          115.72           5.8071
 02014   7.46 %  2017               5.00          115.66           5.8128
 02014   7.46 %  2017              10.00          115.67           5.8119
 02014   7.46 %  2017               5.00          115.72           5.8071
 02014   7.46 %  2017               5.00          115.69           5.8100
 02014   7.46 %  2017               5.00          115.69           5.8100
 02014   7.46 %  2017               5.00          115.67           5.8119
 02014   7.46 %  2017              10.00          115.72           5.8071
 02014   7.46 %  2017               5.00          115.67           5.8119
 02014   7.46 %  2017               5.00          115.695          5.8095
 02014   7.46 %  2017              10.00          115.68           5.8109
 02014   7.46 %  2017               5.00          115.68           5.8109
 02014   7.46 %  2017              10.00          115.68           5.8109
 02014   7.46 %  2017               5.00          115.66           5.8128
 02014   7.46 %  2017              10.00          115.675          5.8114
 02014   7.46 %  2017              25.00          115.66           5.8128
 02014   7.46 %  2017              25.00          115.66           5.8128
 02014   7.46 %  2017              10.00          115.66           5.8128
 02014   7.46 %  2017               5.00          115.66           5.8128
 02014   7.46 %  2017              10.00          115.66           5.8128
 02014   7.46 %  2017              25.00          115.66           5.8128
 02014   7.46 %  2017               5.00          115.67           5.8119
 02014   7.46 %  2017               1.00          115.71           5.8081
 02014   7.46 %  2017               1.00          115.73           5.8062
 02014   7.46 %  2017              25.00          115.68           5.8109
 02014   7.46 %  2017               0.50          115.76           5.8033
 02014   7.46 %  2017               1.00          115.76           5.8033
 02014   7.46 %  2017               5.00          115.70           5.8090
 02014   7.46 %  2017              25.00          115.72           5.8071
 02014   7.46 %  2017               5.00          115.69           5.8100
 02014   7.46 %  2017              20.00          115.68           5.8109
 02014   7.46 %  2017               5.00          115.695          5.8095
 02014   7.46 %  2017               5.00          115.71           5.8081
 02014   7.46 %  2017               1.00          115.73           5.8062
 02014   7.46 %  2017              15.00          115.66           5.8128
 02014   7.46 %  2017               2.00          115.78           5.8014
 02014   7.46 %  2017              10.00          115.66           5.8128
 02014   7.46 %  2017              10.00          115.67           5.8119
 02014   7.46 %  2017               5.00          115.71           5.8081
 02014   7.46 %  2017               0.45          115.75           5.8043
 02014   7.46 %  2017               5.00          115.695          5.8095
 02014   7.46 %  2017               5.00          115.70           5.8090
 02014   7.46 %  2017               5.00          115.72           5.8071 02014   7.46 %  2017               0.50          115.73           5.8062
 02014   7.46 %  2017               5.00          115.72           5.8071
 02014   7.46 %  2017              25.00          115.67           5.8119
 02014   7.46 %  2017               5.00          115.66           5.8128
 02014   7.46 %  2017               5.00          115.67           5.8119
 02014   7.46 %  2017               5.00          115.67           5.8119
 02014   7.46 %  2017               5.00          115.66           5.8128
 02014   7.46 %  2017               5.00          115.67           5.8119
 02014   7.46 %  2017               5.00          115.67           5.8119
 02014   7.46 %  2017               5.00          115.67           5.8119
 02014   7.46 %  2017               5.00          115.67           5.8119
 02014   7.46 %  2017               5.00          115.695          5.8095
 02014   7.46 %  2017               5.00          115.70           5.8090
 02014   7.46 %  2017               1.00          115.72           5.8071
 02014   7.46 %  2017               5.00          115.68           5.8109
 02014   7.46 %  2017               1.00          115.71           5.8081
 02014   7.46 %  2017               5.00          115.675          5.8114
 02014   7.46 %  2017               1.00          115.74           5.8052
 02014   7.46 %  2017               1.00          115.71           5.8081
 02014   7.46 %  2017               5.00          115.68           5.8109
 02014   7.46 %  2017              10.00          115.67           5.8119
 02014   7.46 %  2017               5.00          115.67           5.8119
 02014   7.46 %  2017               5.00          115.67           5.8119
 02014   7.46 %  2017              10.00          115.66           5.8128
 02014   7.46 %  2017               5.00          115.67           5.8119
 02014   7.46 %  2017               5.00          115.67           5.8119
 02014   7.46 %  2017               5.00          115.66           5.8128
 02014   7.46 %  2017               0.50          115.74           5.8052
 02014   7.46 %  2017               5.00          115.67           5.8119
 02014   7.46 %  2017               5.00          115.66           5.8128
 02014   7.46 %  2017               5.00          115.66           5.8128
 02014   7.46 %  2017               5.00          115.70           5.8090
 02014   7.46 %  2017               5.00          115.69           5.8100
 02014   7.46 %  2017               1.00          115.71           5.8081
 02014   7.46 %  2017               2.25          115.70           5.8090
 02014   7.46 %  2017               0.50          115.71           5.8081
 02014   7.46 %  2017               5.00          115.67           5.8119
 02014   7.46 %  2017              10.00          115.67           5.8119
 02014   7.46 %  2017               5.00          115.69           5.8100
 02014   7.46 %  2017              15.00          115.66           5.8128
 02014   7.46 %  2017               5.00          115.69           5.8100
 02014   7.46 %  2017              25.00          115.72           5.8071
 02014   7.46 %  2017               5.00          115.70           5.8090
 02014   7.46 %  2017               5.00          115.70           5.8090
 02014   7.46 %  2017               5.00          115.70           5.8090
 02014   7.46 %  2017              25.00          115.70           5.8090
 02014   7.46 %  2017              10.00          115.70           5.8090
 02014   7.46 %  2017               5.00          115.71           5.8081
 02014   7.46 %  2017               5.00          115.71           5.8081
 02014   7.46 %  2017               5.00          115.71           5.8081
 02014   7.46 %  2017              10.00          115.71           5.8081
 02014   7.46 %  2017               5.00          115.71           5.8081
 02014   7.46 %  2017               0.13          115.85           5.7947
 02014   7.46 %  2017              25.00          115.69           5.8100
 02014   7.46 %  2017              10.00          115.71           5.8081
 02014   7.46 %  2017               5.00          115.715          5.8076
 02014   7.46 %  2017               5.00          115.69           5.8100 02014   7.46 %  2017               5.00          115.73           5.8062
 02014   7.46 %  2017               5.00          115.74           5.8052
 02014   7.46 %  2017               5.00          115.73           5.8062
 02014   7.46 %  2017               5.00          115.71           5.8081
 02014   7.46 %  2017              10.00          115.70           5.8090
 02014   7.46 %  2017               5.00          115.69           5.8100
 02014   7.46 %  2017               1.00          115.72           5.8071
 02014   7.46 %  2017               0.50          115.74           5.8052
 03003   6.25 %  2018               1.00          104.29           5.8053
 03003   6.25 %  2018               5.00          104.29           5.8053
 03003   6.25 %  2018               0.50          104.33           5.8013
 03003   6.25 %  2018               5.00          104.29           5.8053
 03003   6.25 %  2018               5.00          104.29           5.8053
 03003   6.25 %  2018               5.00          104.29           5.8053
 03003   6.25 %  2018              10.00          104.23           5.8114
 03003   6.25 %  2018               5.00          104.20           5.8144
 03003   6.25 %  2018               5.00          104.22           5.8124
 03003   6.25 %  2018               5.00          104.25           5.8094
 03003   6.25 %  2018               5.00          104.24           5.8104
 03003   6.25 %  2018               5.00          104.25           5.8094
 03003   6.25 %  2018              10.00          104.25           5.8094
 03003   6.25 %  2018               5.00          104.24           5.8104
 03003   6.25 %  2018               5.00          104.22           5.8124
 03003   6.25 %  2018               5.00          104.22           5.8124
 03003   6.25 %  2018               5.00          104.22           5.8124
 03003   6.25 %  2018               0.114         104.25           5.8094
 03003   6.25 %  2018               5.00          104.22           5.8124
 03003   6.25 %  2018               5.00          104.21           5.8134
 03003   6.25 %  2018               3.00          104.22           5.8124
 03003   6.25 %  2018               5.00          104.22           5.8124
 03003   6.25 %  2018              10.00          104.22           5.8124
 03003   6.25 %  2018              10.00          104.20           5.8144
 03003   6.25 %  2018               5.00          104.22           5.8124
 03003   6.25 %  2018               5.00          104.20           5.8144
 03003   6.25 %  2018               5.00          104.21           5.8134
 03003   6.25 %  2018               1.00          104.30           5.8043
 03003   6.25 %  2018               5.00          104.20           5.8144
 03003   6.25 %  2018              50.00          104.21           5.8134
 03003   6.25 %  2018               5.00          104.21           5.8134
 03003   6.25 %  2018               1.00          104.28           5.8063
 03003   6.25 %  2018               1.00          104.24           5.8104
 03003   6.25 %  2018               5.00          104.21           5.8134
 03003   6.25 %  2018               5.00          104.21           5.8134
 03003   6.25 %  2018               5.00          104.27           5.8073
 03003   6.25 %  2018               5.00          104.22           5.8124
 03003   6.25 %  2018              10.00          104.20           5.8144
 03003   6.25 %  2018               1.00          104.26           5.8083
 03003   6.25 %  2018               5.00          104.24           5.8104
 03003   6.25 %  2018               1.00          104.30           5.8043
 03003   6.25 %  2018               0.30          104.29           5.8053
 03003   6.25 %  2018               0.50          103.60           5.8751
 03003   6.25 %  2018               5.00          104.22           5.8124
 03003   6.25 %  2018               5.00          104.21           5.8134
 03003   6.25 %  2018               5.00          104.21           5.8134
 03003   6.25 %  2018              15.00          104.21           5.8134
 03003   6.25 %  2018               5.00          104.21           5.8134
 03003   6.25 %  2018               5.00          104.22           5.8124 03003   6.25 %  2018               0.50          104.23           5.8114
 03003   6.25 %  2018               1.00          104.32           5.8023
 03003   6.25 %  2018               0.50          103.90           5.8447
 03003   6.25 %  2018               1.00          104.30           5.8043
 03003   6.25 %  2018               4.00          104.195          5.8149
 03003   6.25 %  2018               1.00          104.20           5.8144
 03003   6.25 %  2018               5.00          104.22           5.8124
 03003   6.25 %  2018               5.50          104.18           5.8164
 03003   6.25 %  2018               0.50          104.26           5.8083
 03003   6.25 %  2018               5.00          104.24           5.8104
 03003   6.25 %  2018               1.00          104.25           5.8094
 03003   6.25 %  2018               0.25          104.26           5.8083
 03003   6.25 %  2018               0.50          104.26           5.8083
 03003   6.25 %  2018               5.00          104.205          5.8139
 03003   6.25 %  2018               5.00          104.28           5.8063
 03003   6.25 %  2018               5.00          104.18           5.8164
 03003   6.25 %  2018               5.00          104.20           5.8144
 03003   6.25 %  2018               5.00          104.20           5.8144
 03003   6.25 %  2018               2.00          104.25           5.8094
 03003   6.25 %  2018               0.25          104.31           5.8033
 03003   6.25 %  2018               0.25          104.26           5.8083
 03003   6.25 %  2018               5.00          104.28           5.8063
 03003   6.25 %  2018               1.00          104.22           5.8124
 03003   6.25 %  2018               1.00          104.22           5.8124
 03003   6.25 %  2018               1.00          104.22           5.8124
 03003   6.25 %  2018               3.00          104.18           5.8164
 03003   6.25 %  2018               0.30          104.25           5.8094
 03003   6.25 %  2018               1.00          104.22           5.8124
 03003   6.25 %  2018               0.50          104.24           5.8104
 03003   6.25 %  2018              10.00          104.23           5.8114
 03003   6.25 %  2018               0.75          104.26           5.8083
 03003   6.25 %  2018              20.00          104.21           5.8134
 03003   6.25 %  2018               5.00          104.20           5.8144
 03003   6.25 %  2018               0.25          104.30           5.8043
 03003   6.25 %  2018              10.00          100.00           6.2491
 03003   6.25 %  2018               0.50          104.37           5.7973
 03003   6.25 %  2018               0.50          104.26           5.8083
 03003   6.25 %  2018               2.00          104.15           5.8194
 03003   6.25 %  2018               5.00          104.20           5.8144
 03003   6.25 %  2018              15.00          104.22           5.8124
 03003   6.25 %  2018               0.40          104.25           5.8094
 03003   6.25 %  2018               0.25          104.24           5.8104
 03003   6.25 %  2018               0.25          104.17           5.8174
 03003   6.25 %  2018               0.10          104.20           5.8144
 03003   6.25 %  2018               0.25          104.29           5.8053
 03003   6.25 %  2018               1.00          104.28           5.8063
 03003   6.25 %  2018               0.50          104.20           5.8144
 03003   6.25 %  2018               0.75          104.20           5.8144
 03003   6.25 %  2018               5.00          104.17           5.8174
 03017   6.05 %  2019               5.00          102.02           5.8516
 03017   6.05 %  2019               5.00          102.00           5.8536
 03017   6.05 %  2019              10.00          101.97           5.8565
 03017   6.05 %  2019               5.00          101.94           5.8594
 03017   6.05 %  2019               5.00          101.945          5.8589
 03017   6.05 %  2019               5.00          101.96           5.8574
 03017   6.05 %  2019               2.00          102.03           5.8507
 03017   6.05 %  2019               5.00          101.93           5.8603 03017   6.05 %  2019               0.50          102.03           5.8507
 03017   6.05 %  2019               2.00          101.95           5.8584
 03017   6.05 %  2019               5.00          101.96           5.8574
 03017   6.05 %  2019               5.00          102.03           5.8507
 03017   6.05 %  2019               5.00          101.92           5.8613
 03017   6.05 %  2019               5.00          101.96           5.8574
 03017   6.05 %  2019               5.00          101.98           5.8555
 03017   6.05 %  2019               0.50          102.10           5.8439
 03017   6.05 %  2019               0.50          101.99           5.8545
 03017   6.05 %  2019               0.25          102.00           5.8536
 03017   6.05 %  2019               5.00          102.01           5.8526
 03017   6.05 %  2019               5.00          101.91           5.8623
 03017   6.05 %  2019              10.00          101.96           5.8574
 03017   6.05 %  2019               5.00          101.95           5.8584
 03017   6.05 %  2019               0.50          102.03           5.8507
 03017   6.05 %  2019               0.30          102.01           5.8526
 03017   6.05 %  2019               5.00          101.92           5.8613
 03017   6.05 %  2019               0.50          102.03           5.8507
 03017   6.05 %  2019               1.00          101.99           5.8545
 03017   6.05 %  2019               0.50          102.02           5.8516
 03017   6.05 %  2019              10.00          101.945          5.8589
 03017   6.05 %  2019               0.50          102.02           5.8516
 03017   6.05 %  2019               5.00          101.94           5.8594
 03017   6.05 %  2019               3.50          102.02           5.8516
 03017   6.05 %  2019               5.00          101.96           5.8574
 03017   6.05 %  2019               0.50          102.03           5.8507
 03017   6.05 %  2019               1.00          102.07           5.8468
 03017   6.05 %  2019               0.50          102.07           5.8468
 03017   6.05 %  2019               0.60          102.02           5.8516
 03017   6.05 %  2019               0.25          102.02           5.8516
 03017   6.05 %  2019               0.25          102.05           5.8488
 03017   6.05 %  2019               0.50          102.02           5.8516
 01008  10.03 %  2019              15.00          141.05           6.0015
 01008  10.03 %  2019              15.00          141.07           5.9999
 03004   6.35 %  2020               0.50          104.72           5.8961
 03004   6.35 %  2020               5.00          104.68           5.8998
 03004   6.35 %  2020               5.00          104.68           5.8998
 03004   6.35 %  2020               5.00          104.60           5.9073
 03004   6.35 %  2020               5.00          104.62           5.9054
 03004   6.35 %  2020               5.00          104.58           5.9091
 03004   6.35 %  2020               5.00          104.58           5.9091
 03004   6.35 %  2020               5.00          104.57           5.9101
 03004   6.35 %  2020               5.00          104.58           5.9091
 03004   6.35 %  2020               5.00          104.60           5.9073
 03004   6.35 %  2020               5.00          104.53           5.9138
 03004   6.35 %  2020              10.00          104.56           5.9110
 03004   6.35 %  2020              10.00          104.55           5.9119
 03004   6.35 %  2020               5.00          104.58           5.9091
 03004   6.35 %  2020              10.00          104.55           5.9119
 03004   6.35 %  2020               5.00          104.54           5.9129
 03004   6.35 %  2020              10.00          104.58           5.9091
 03004   6.35 %  2020               2.00          104.58           5.9091
 03004   6.35 %  2020               0.50          104.75           5.8933
 03004   6.35 %  2020               2.00          104.61           5.9063
 03004   6.35 %  2020               1.00          104.61           5.9063
 03004   6.35 %  2020               5.00          104.55           5.9119
 03004   6.35 %  2020               5.00          104.54           5.9129 03004   6.35 %  2020              25.00          104.53           5.9138
 03004   6.35 %  2020              20.00          104.53           5.9138
 03004   6.35 %  2020              10.00          104.58           5.9091
 03004   6.35 %  2020               5.00          104.60           5.9073
 00008  10.70 %  2020               0.84          147.50           6.1172
 00008  10.70 %  2020               1.00          147.30           6.1318
 00008  10.70 %  2020               2.00          147.35           6.1282
 00008  10.70 %  2020              20.00          148.42           6.0504
 02011   8.35 %  2022              10.00          126.30           5.9945
 02011   8.35 %  2022              10.00          126.32           5.9930
 02011   8.35 %  2022              10.00          126.23           5.9998
 02011   8.35 %  2022               5.00          126.20           6.0021
 02011   8.35 %  2022              10.00          126.22           6.0006
 02011   8.35 %  2022               5.00          126.20           6.0021
 02011   8.35 %  2022               5.00          126.23           5.9998
 02011   8.35 %  2022               5.00          126.21           6.0014
 02011   8.35 %  2022               5.00          126.27           5.9968
 02011   8.35 %  2022               5.00          126.24           5.9991
 02011   8.35 %  2022               5.00          126.23           5.9998
 02011   8.35 %  2022               5.00          126.24           5.9991
 02011   8.35 %  2022               5.00          126.24           5.9991
 02011   8.35 %  2022               5.00          126.21           6.0014
 02011   8.35 %  2022               5.00          126.16           6.0051
 03013   6.30 %  2023               5.00          103.90           5.9597
 03013   6.30 %  2023               0.25          104.00           5.9512
 03013   6.30 %  2023               5.00          103.91           5.9589
 03013   6.30 %  2023               1.00          103.96           5.9546
 03013   6.30 %  2023               0.50          103.93           5.9572
 03013   6.30 %  2023               5.00          103.90           5.9597
 03013   6.30 %  2023               2.00          103.90           5.9597
 03013   6.30 %  2023               1.00          103.84           5.9648
 03013   6.30 %  2023               5.00          103.84           5.9648
 03013   6.30 %  2023               0.25          103.80           5.9682
 03013   6.30 %  2023               1.00          103.92           5.9580
 03013   6.30 %  2023               0.25          103.84           5.9648
 03013   6.30 %  2023               1.00          103.84           5.9648
 03013   6.30 %  2023               1.00          103.90           5.9597
 03013   6.30 %  2023               0.50          103.88           5.9614
 03013   6.30 %  2023               1.00          103.85           5.9639
 03013   6.30 %  2023               1.00          103.90           5.9597
 03013   6.30 %  2023               0.50          103.83           5.9656
 03013   6.30 %  2023               3.00          103.78           5.9699
 03013   6.30 %  2023               5.00          103.80           5.9682
 03013   6.30 %  2023               1.00          103.85           5.9639
 03013   6.30 %  2023               5.00          103.81           5.9673
 01010  10.18 %  2026               5.00          149.20           6.1577
 01010  10.18 %  2026               5.00          149.20           6.1577
 01010  10.18 %  2026               5.00          149.25           6.1547
 03020   6.01 %  2028               1.00          100.24           5.9906
 03020   6.01 %  2028               5.00          100.21           5.9929
 03020   6.01 %  2028               5.00          100.21           5.9929
 03020   6.01 %  2028               0.50          100.30           5.9859
 03020   6.01 %  2028               0.10          100.24           5.9906
 03020   6.01 %  2028               5.00          100.18           5.9953
 03020   6.01 %  2028               3.00          100.24           5.9906
 03020   6.01 %  2028               2.00          100.24           5.9906
 03020   6.01 %  2028               0.50          100.26           5.9890 03020   6.01 %  2028               0.267         100.30           5.9859
 03020   6.01 %  2028               0.088         100.30           5.9859
 03020   6.01 %  2028               0.2671        100.30           5.9859
 03020   6.01 %  2028               1.233         100.13           5.9992
 03020   6.01 %  2028               5.00          100.22           5.9922
 03020   6.01 %  2028               0.50          100.27           5.9883
 03020   6.01 %  2028               1.00          100.23           5.9914
 03020   6.01 %  2028               0.384         100.25           5.9898
 03020   6.01 %  2028               1.00          100.25           5.9898
 03020   6.01 %  2028               0.193         100.23           5.9914
 03020   6.01 %  2028               0.25          100.22           5.9922
 03020   6.01 %  2028               0.50          100.23           5.9914
 03020   6.01 %  2028               0.267         100.23           5.9914
 03020   6.01 %  2028               0.50          100.22           5.9922
 03020   6.01 %  2028               0.50          100.23           5.9914
 03020   6.01 %  2028               0.395         100.18           5.9953
 03020   6.01 %  2028               5.00          100.10           6.0015
 03020   6.01 %  2028              10.00          100.09           6.0023
 03020   6.01 %  2028               1.50          100.18           5.9953
 03020   6.01 %  2028               2.00          100.18           5.9953
 03020   6.01 %  2028              10.00          100.05           6.0055
 03020   6.01 %  2028               1.00          100.18           5.9953
 03020   6.01 %  2028               1.00          100.19           5.9945
 03020   6.01 %  2028               0.50          100.15           5.9976
 03020   6.01 %  2028               5.00          100.06           6.0047
 03020   6.01 %  2028               0.50          100.20           5.9937
 03020   6.01 %  2028               0.75          100.16           5.9969
 03020   6.01 %  2028               1.00          100.15           5.9976
 03020   6.01 %  2028               0.192         100.20           5.9937
 03020   6.01 %  2028               5.00          100.06           6.0047
 03020   6.01 %  2028               5.00          100.06           6.0047
 03020   6.01 %  2028               5.00          100.06           6.0047
 03020   6.01 %  2028               0.349         100.23           5.9914
 03020   6.01 %  2028               0.3835304     100.22           5.9922
 03020   6.01 %  2028               5.00          100.055          6.0051
 03020   6.01 %  2028               5.00          100.045          6.0058
 03020   6.01 %  2028               0.096         100.31           5.9851
 03020   6.01 %  2028               0.05          100.30           5.9859
 03020   6.01 %  2028               2.80          100.15           5.9976
 03020   6.01 %  2028               0.29          100.22           5.9922
 03020   6.01 %  2028               0.70          100.22           5.9922
 03020   6.01 %  2028               0.75          100.22           5.9922
 03020   6.01 %  2028               0.096         100.30           5.9859
 03015   6.13 %  2028               0.50          101.43           6.0175
 03015   6.13 %  2028               5.00          101.36           6.0229
 03015   6.13 %  2028               1.00          101.40           6.0198
 03015   6.13 %  2028               3.00          101.30           6.0275
 03015   6.13 %  2028               0.60          101.42           6.0182
 03015   6.13 %  2028               2.00          101.43           6.0175
 03015   6.13 %  2028               0.50          101.33           6.0252
 03015   6.13 %  2028               0.50          101.33           6.0252
 03015   6.13 %  2028               2.00          101.32           6.0260
 03015   6.13 %  2028               0.9999        101.32           6.0260
 03015   6.13 %  2028               1.00          101.31           6.0267
 03015   6.13 %  2028               2.00          101.45           6.0159
 03015   6.13 %  2028               1.00          101.40           6.0198
 03015   6.13 %  2028               0.25          101.32           6.0260 03015   6.13 %  2028               1.00          101.34           6.0244
 03015   6.13 %  2028               1.00          101.35           6.0236
 03015   6.13 %  2028               1.50          101.35           6.0236
 03015   6.13 %  2028               1.00          101.35           6.0236
 03015   6.13 %  2028               1.00          101.39           6.0206
 03015   6.13 %  2028               1.00          101.26           6.0306
 03015   6.13 %  2028               0.75          101.40           6.0198
 03015   6.13 %  2028               0.50          101.35           6.0236
 03015   6.13 %  2028               0.50          101.34           6.0244
 03015   6.13 %  2028               0.15          101.45           6.0159
 03015   6.13 %  2028               0.15          101.40           6.0198
 02015   7.95 %  2032               2.50          124.57           6.1284
 02015   7.95 %  2032               5.00          124.60           6.1266
 02015   7.95 %  2032               5.00          124.60           6.1266
     Total                       6228.2941304
B. State Government Securities
          Contract Date : August 11, 2003
 03307 6.35% TAMILNADU SDL 2013     5.00          101.81          6.1011
 03307 6.35% TAMILNADU SDL 2013     9.80          101.80          6.1025
 03326 6.20% MAHARASHTRA SDL
       2013                        20.125         100.74          6.0995
 03324 6.20% KERALA PRADESH SDL
       2013                        11.72          100.74          6.0995
 03333 6.20% RAJASTHAN SDL 2013     6.064         100.74          6.0995
 03320 6.20% HIMACHAL PRADESH
       SDL 2013                    13.985         100.74          6.0995
 03318 6.20% GUJARAT SDL 2013       7.548         100.74          6.0995
 03332 6.20% PUNJAB SDL 2013       15.935         100.74          6.0995
          Contract Date : August 12, 2003
 98211 12.15% MADHYA PRADESH SDL
       2008                         0.40          123.87          6.2001
 98223 12.15% UTTAR PRADESH SDL
       2008                         1.00          123.87          6.2001
 98224 12.15% WEST BENGAL SDL
       2008                         0.20          123.87          6.2001
 99215 12.25% MADHYA PRADESH SDL
       2009                         3.00          128.62          6.2007
 00225 10.52% MAHARASHTRA SDL
       2010                         1.20          121.60          6.4908
 02207 8.30% GUJRAT SDL 2012        0.90          114.55          6.0746
 02207 8.30% GUJRAT SDL 2012        7.10          113.55          6.2158
 02241 8.00% KERALA SDL 2012        0.50          112.13          6.1585
 02235 8.00% GUJRAT SDL 2012        0.25          109.15          6.5863
 02302 7.80% MEGHALAYA SDL 2012
       (SECOND SERIES)              0.50          110.20          6.3000
 02288 7.80% ASSAM SDL 2012
       (SECOND SERIES)              1.75          110.20          6.3000
 02327 6.80% GUJARAT SDL 2012       4.00          105.23          6.0585
 02327 6.80% GUJARAT SDL 2012       1.00          104.28          6.1894
 02332 6.80% KARNATAKA SDL 2012     8.3725        104.95          6.0970
 02329 6.80% HIMACHAL PRADESH
       SDL 2012                     0.25          103.80          6.2562
 03215 6.95% KARNATAKA SDL 2013     5.00          106.15          6.0898
 03204 6.95% ANDHRA PRADESH SDL,
       2013                        15.00          106.15          6.0898
 03257 6.40% ANDHRA PRADESH SDL       2013                         5.00          102.16          6.1000
 03270 6.40% MAHARASHTRA SDL
       2013                         5.00          102.50          6.0551
 03307 6.35% TAMILNADU SDL 2013     5.00          101.89          6.0903
 03295 6.35% KARNATAKA SDL 2013     5.00          101.89          6.0903
 03284 6.35% A.P. SDL 2013         10.00          101.89          6.0903
 03307 6.35% TAMILNADU SDL 2013     5.00          101.72          6.1132
 03284 6.35% A.P. SDL 2013          0.50          100.90          6.2248
 03307 6.35% TAMILNADU SDL 2013     2.00          102.30          6.0350
 03323 6.20% KARNATAKA SDL 2013     5.00          100.73          6.1000
 03318 6.20% GUJARAT SDL 2013       0.30          101.02          6.0618
 03323 6.20% KARNATAKA SDL 2013    10.00          100.81          6.0900
 03312 6.20% ANDHRA PRADESH SDL
       2013                         5.00          100.78          6.0940
     Total                        198.3995
C. Treasury Bills
   (i) 14 Day Bills (Maturity-wise)
       (DD/MM/YYYY)
                                           NIL
   (ii) 91 Day Bills (Maturity-wise)
       (DD/MM/YYYY)
        Contract Date : August 12, 2003
        29/08/2003                  0.25           99.7723         4.8866
        24/10/2003                  5.00           99.0197         4.9365
        31/10/2003                  5.67           98.9471         4.8417
        07/11/2003                 10.00           98.8572         4.8366
        07/11/2003                 10.00           98.8525         4.8568
        07/11/2003                 15.27           98.8525         4.8568
     Total                         46.19
   (iii) 182 Day Bills (Maturity-wise)
       (DD/MM/YYYY)
                                           NIL
   (iv) 364 Day Bills (Maturity-wise)
       (DD/MM/YYYY)
          Contract Date : August 12, 2003
        28/05/2004                  1.52           96.2454         4.8965
        23/07/2004                 15.00           95.5439         4.9066
        06/08/2004                 15.00           95.3720         4.9065
     Total                         31.52
II.  REPO Transactions *
    (Other than with RBI)
---------------------------------------------------------------------------
 Loan  Nomenclature                Amount      Price *   Repo Rate   Repo
 Code                            (Face Value) Per Rs.100   (%pa)    Period
                                 (in Rs.Crore) Nominal              (Days)
           (1)                      (2)          (3)        (4)      (5)
---------------------------------------------------------------------------
A. Government of India Dated Securities
 94003  12.50 %  2004              25.00      104.55        4.30       4
 94003  12.50 %  2004              26.00      104.58        4.40       1
 94003  12.50 %  2004               7.50      104.58        4.15       1
 94003  12.50 %  2004              10.00      104.58        4.15       1
 94003  12.50 %  2004              28.10      104.61        4.20       1
 94003  12.50 %  2004               9.60      104.60        4.35       1
 98008  11.50 %  2004              25.00      104.70        4.30       4 97007  12.59 %  2004              25.00      106.35        4.25       2
 97007  12.59 %  2004              25.00      106.35        4.25       2
 97007  12.59 %  2004              25.00      106.35        4.25       2
 97007  12.59 %  2004              25.00      106.35        4.25       2
 97007  12.59 %  2004              25.00      106.35        4.25       2
 97007  12.59 %  2004              25.00      106.35        4.25       2
 97007  12.59 %  2004              25.00      106.35        4.25       2
 97007  12.59 %  2004              25.00      106.35        4.25       2
 97007  12.59 %  2004              25.00      106.35        4.25       1
 97007  12.59 %  2004              25.00      106.35        4.25       1
 97007  12.59 %  2004              22.00      106.35        4.25       1
 97007  12.59 %  2004              25.00      106.35        4.25       1
 97007  12.59 %  2004              20.00      106.30        4.25       2
 00011  10.20 %  2005              27.00      109.40        4.50       1
 97010  11.19 %  2005              25.00      111.70        4.10       1
 97010  11.19 %  2005              50.00      111.73        4.25       2
 95012  14.00 %  2005(INSTALM      25.00      117.45        4.25       2
 95012  14.00 %  2005(INSTALM      25.00      117.45        4.25       2
 95012  14.00 %  2005(INSTALM      30.00      117.45        4.25       2
 99008  11.68 %  2006              83.00      116.53        4.50       1
 00013  11.00 %  2006              35.00      116.00        4.50       1
 01012   5.29 %  2006              50.00      100.00        4.30       2
 01012   5.29 %  2006              50.00      100.00        4.30       2
 01012   5.29 %  2006              50.00      100.00        4.30       2
 01012   5.29 %  2006              50.00      100.00        4.30       2
 01012   5.29 %  2006              50.00      100.00        4.30       2
 01012   5.29 %  2006              50.00      100.00        4.30       2
 01012   5.29 %  2006              50.00      100.00        4.25       1
 01012   5.29 %  2006              50.00      100.00        4.25       1
 01012   5.29 %  2006              50.00      100.00        4.25       1
 01012   5.29 %  2006              50.00      100.00        4.25       1
 01012   5.29 %  2006              50.00      100.00        4.15       1
 97002  13.05 %  2007             100.00      126.20        4.40       6
 97002  13.05 %  2007              75.00      126.20        4.40       6
 98009  11.90 %  2007              13.00      123.20        4.25       2
 98007  12.00 %  2008              25.00      128.05        4.40       6
 98007  12.00 %  2008             140.00      128.00        4.55       1
 98007  12.00 %  2008               3.25      128.00        4.50       1
 88008  11.50 %  2008             156.00      126.00        4.15       1
 00016  11.40 %  2008              25.00      127.30        4.10       1
 00016  11.40 %  2008              30.00      127.30        4.20       1
 00016  11.40 %  2008              16.00      127.32        4.15       1
 99006  11.99 %  2009              15.00      132.40        4.40       6
 99006  11.99 %  2009              11.00      132.40        4.55       1
 99006  11.99 %  2009              25.00      132.40        4.25       2
 99006  11.99 %  2009              25.00      132.40        4.25       2
 99006  11.99 %  2009              20.00      132.40        4.25       2
 99004  12.29 %  2010              50.00      136.40        4.40       6
 02010   7.55 %  2010              25.00      112.20        4.10       1
 98015  12.25 %  2010              25.00      137.80        4.40       6
 00014  11.30 %  2010              37.00      133.80        4.50       1
 99005  12.32 %  2011              75.00      140.40        4.40       7
 99005  12.32 %  2011              20.00      140.40        4.35       1
 99005  12.32 %  2011              71.00      140.41        4.50       1
 00010  10.95 %  2011              11.00      134.24        4.10       1
 03019   5.03 %  2011              50.00       99.95        4.40       6
 00017  11.50 %  2011(NOV) 20      70.00      139.50        4.25       2 00017  11.50 %  2011(NOV) 20      10.00      139.40        4.20       1
 00017  11.50 %  2011(NOV) 20      20.00      139.40        4.25       1
 00012  11.03 %  2012              10.00      138.30        4.40       6
 02013   6.72 %  2012              40.00      105.42        4.55       1
 01005   9.81 %  2013              40.00      131.90        4.70       1
 03014   5.09 %  2014              50.00       99.80        4.40       6
 03014   5.09 %  2014              40.00      100.00        4.50      14
 03014   5.09 %  2014              30.00       99.80        4.25       2
 03014   5.09 %  2014              35.00      100.00        4.25       1
 03014   5.09 %  2014             120.00      100.00        4.25       1
 03014   5.09 %  2014              35.00      100.00        4.25       1
 02018   7.38 %  2015              25.00      114.90        4.10       1
 01011   9.85 %  2015              55.00      136.35        4.55       1
 03017   6.05 %  2019              15.00      102.00        4.20       1
 03004   6.35 %  2020             100.00      104.55        4.40       6
 03004   6.35 %  2020              25.00      104.70        4.40       6
 03004   6.35 %  2020              10.00      104.70        4.40       6
 03004   6.35 %  2020              10.00      104.70        4.25       1
 01006  10.25 %  2021              25.00      145.30        4.00       1
 02011   8.35 %  2022              25.00      126.20        4.40       6
 02011   8.35 %  2022              25.00      126.20        4.40       6
 03013   6.30 %  2023              20.00      103.90        4.15       1
 03013   6.30 %  2023              46.00      103.90        4.20       1
 03013   6.30 %  2023              48.00      103.90        4.20       1
 03013   6.30 %  2023              95.00      103.90        4.25       2
 03020   6.01 %  2028              20.00      100.15        4.40       6
 03020   6.01 %  2028              20.00      100.30        4.50      14
 03020   6.01 %  2028              10.00      100.09        4.00       1
 03015   6.13 %  2028              45.00      101.25        4.20       1
 03015   6.13 %  2028              21.50      101.20        4.20       1
 02015   7.95 %  2032              39.00      124.60        4.15       1
     Total                       3520.95
B. State Government Securities
                                           NIL
C. Treasury Bills
   (i) 14 Day Bills (Maturity-wise)
      (DD/MM/YYYY)
                                           NIL
   (ii) 91 Day Bills (Maturity-wise)
      (DD/MM/YYYY)
        10/10/2003                 30.00       99.2221      4.15       1
        17/10/2003                  3.50       99.1306      4.10       1
     Total                         33.50
   (iii) 182 Day Bills (Maturity-wise)
      (DD/MM/YYYY)
                                           NIL
   (iv) 364 Day Bills (Maturity-wise)
       (DD/MM/YYYY)
        20/02/2004                 25.00       97.4722      4.25       2
        20/02/2004                 25.00       97.4722      4.25       2
        19/03/2004                  6.00       97.1313      4.25       1
        28/05/2004                 30.00       96.2527      4.40       6
        25/06/2004                 10.00       95.9057      4.10       1
        06/08/2004                 25.00       95.3600      4.15       1
     Total                        121.00
  * Relate to the first leg of Repos  # YTM(indicative) will depend upon assumed rate of inflation
Date :  12 August 2003
Ajit Prasad
Manager
Press Release: 2003-04/202