Subsidiary General Ledger Account Transactions
in Government Dated Securities and Treasury Bills
at RBI, Mumbai on 13 June 2003
---------------------------------------------------------------------------
 Loan  Nomenclature              Amount           Price *        YTM %
 Code                            (Face Value)     Per Rs.100   Indicative
                                 (in Rs.Crore)    nominal
---------------------------------------------------------------------------
I.  Outright Transactions
A.Government of India Dated Securities
          Contract Date : June 12, 2003
 98005  11.75 %  2006               3.00          116.85           5.2856
 00013  11.00 %  2006               5.00          116.50           5.2102
 00016  11.40 %  2008               5.00          127.18           5.3575
 00016  11.40 %  2008               5.00          127.18           5.3575
 98023  12.25 %  2008               5.00          130.50           5.4708
 98023  12.25 %  2008               5.00          130.50           5.4708
 99006  11.99 %  2009               5.00          132.14           5.4643
 99006  11.99 %  2009              10.00          132.15           5.4626
 03005   6.00 %  2010               5.00          101.35           5.7498
 03007   6.20 %  2010              15.00          102.37           5.7638
 03007   6.20 %  2010              10.00          102.37           5.7638
 03007   6.20 %  2010              25.00          102.34           5.7692
 02010   7.55 %  2010               5.00          111.235          5.5706
 02010   7.55 %  2010               5.00          111.23           5.5714
 02010   7.55 %  2010               5.00          111.25           5.5681
 02010   7.55 %  2010               5.00          111.25           5.5681
 02010   7.55 %  2010               5.00          111.22           5.5730
 00010  10.95 %  2011               5.00          132.36           5.8161
 00010  10.95 %  2011              10.00          132.35           5.8174
 01007   9.39 %  2011               5.00          123.355          5.7289
 01007   9.39 %  2011               5.00          123.37           5.7268
 01007   9.39 %  2011               5.00          123.37           5.7268
 01007   9.39 %  2011               5.00          123.32           5.7337
 00017  11.50 %  2011              10.00          137.89           5.7701
 02006   6.85 %  2012               5.00          107.77           5.7140
 02006   6.85 %  2012               5.00          107.76           5.7154
 02006   6.85 %  2012               5.00          107.76           5.7154
 02006   6.85 %  2012               5.00          107.77           5.7140
 02006   6.85 %  2012               5.00          107.77           5.7140
 02006   6.85 %  2012               5.00          107.76           5.7154
 02006   6.85 %  2012              10.00          107.76           5.7154
 02006   6.85 %  2012              10.00          107.76           5.7154
 02006   6.85 %  2012               5.00          107.75           5.7168
 02006   6.85 %  2012               5.00          107.755          5.7161
 02006   6.85 %  2012              10.00          107.74           5.7182
 02009   7.40 %  2012               5.00          111.49           5.7313
 02009   7.40 %  2012              10.00          111.49           5.7313
 02009   7.40 %  2012               5.00          111.48           5.7327
 02009   7.40 %  2012               5.00          111.49           5.7313
 02009   7.40 %  2012               5.00          111.475          5.7334 02009   7.40 %  2012               5.00          111.49           5.7313
 02009   7.40 %  2012               5.00          111.49           5.7313
 02009   7.40 %  2012               5.00          111.475          5.7334
 02009   7.40 %  2012               5.00          111.48           5.7327
 02009   7.40 %  2012               5.00          111.49           5.7313
 02009   7.40 %  2012              10.00          111.475          5.7334
 00012  11.03 %  2012               5.00          136.48           5.8101
 01009   9.40 %  2012               5.00          125.30           5.8209
 01005   9.81 %  2013               5.00          130.360          5.7627
 01005   9.81 %  2013               5.00          130.360          5.7627
 02017   7.27 %  2013               5.00          111.725          5.7367
 02017   7.27 %  2013               5.00          111.71           5.7385
 02017   7.27 %  2013               5.00          111.70           5.7398
 02017   7.27 %  2013               5.00          111.70           5.7398
 02017   7.27 %  2013               5.00          111.70           5.7398
 03009   6.72 %  2014               5.00          107.445          5.7760
 03009   6.72 %  2014               5.00          107.46           5.7742
 03009   6.72 %  2014               5.00          107.45           5.7754
 03009   6.72 %  2014               5.00          107.445          5.7760
 03009   6.72 %  2014               5.00          107.46           5.7742
 03009   6.72 %  2014               5.00          107.46           5.7742
 03009   6.72 %  2014               5.00          107.46           5.7742
 03009   6.72 %  2014               5.00          107.47           5.7730
 03009   6.72 %  2014               5.00          107.45           5.7754
 03009   6.72 %  2014              10.00          107.45           5.7754
 03009   6.72 %  2014               5.00          107.45           5.7754
 02008   7.37 %  2014               5.00          112.46           5.8043
 02008   7.37 %  2014               5.00          112.47           5.8031
 02008   7.37 %  2014              10.00          112.47           5.8031
 03014   5.09 %  2014              15.00           99.81           5.1125
 01001  10.47 %  2015               5.00          136.51           6.0581
 01001  10.47 %  2015               5.00          136.53           6.0561
 01001  10.47 %  2015               5.00          136.52           6.0571
 01001  10.47 %  2015               5.00          136.54           6.0552
 00015  11.43 %  2015               5.00          145.75           6.0555
 02018   7.38 %  2015               5.00          113.02           5.8710
 02018   7.38 %  2015               5.00          113.02           5.8710
 02018   7.38 %  2015               5.00          113.05           5.8678
 02018   7.38 %  2015               5.00          113.10           5.8624
 02018   7.38 %  2015               5.00          113.09           5.8635
 02018   7.38 %  2015              10.00          113.12           5.8603
 02018   7.38 %  2015               5.00          113.09           5.8635
 02018   7.38 %  2015               5.00          113.10           5.8624
 02018   7.38 %  2015              10.00          113.10           5.8624
 02018   7.38 %  2015              10.00          113.10           5.8624
 02018   7.38 %  2015              10.00          113.10           5.8624
 02018   7.38 %  2015               5.00          113.12           5.8603
 02018   7.38 %  2015               5.00          113.12           5.8603
 02018   7.38 %  2015               5.00          113.05           5.8678
 02018   7.38 %  2015               5.00          113.10           5.8624
 02018   7.38 %  2015               5.00          113.12           5.8603
 02018   7.38 %  2015               5.00          113.10           5.8624
 02018   7.38 %  2015               5.00          113.09           5.8635
 02018   7.38 %  2015               5.00          113.08           5.8646
 01011   9.85 %  2015               5.00          134.29           5.8985
 01011   9.85 %  2015               5.00          134.29           5.8985
 01011   9.85 %  2015               5.00          134.29           5.8985 01011   9.85 %  2015              25.00          134.28           5.8994
 01003  10.71 %  2016               5.00          141.33           6.0388
 01003  10.71 %  2016               5.00          141.33           6.0388
 02001   8.07 %  2017              10.00          119.38           5.9675
 02001   8.07 %  2017               5.00          119.37           5.9685
 02001   8.07 %  2017              10.00          119.38           5.9675
 02001   8.07 %  2017               5.00          119.34           5.9714
 02001   8.07 %  2017               5.00          119.385          5.9670
 02001   8.07 %  2017               5.00          119.38           5.9675
 02001   8.07 %  2017               5.00          119.385          5.9670
 02001   8.07 %  2017               5.00          119.38           5.9675
 02007   7.49 %  2017               5.00          113.50           6.0362
 02007   7.49 %  2017              25.00          113.44           6.0422
 02007   7.49 %  2017               5.00          113.45           6.0412
 02007   7.49 %  2017               5.00          113.45           6.0412
 02014   7.46 %  2017               5.00          113.77           6.0045
 02014   7.46 %  2017               0.50          113.78           6.0035
 02014   7.46 %  2017               5.00          113.75           6.0064
 02014   7.46 %  2017               5.00          113.76           6.0054
 02014   7.46 %  2017               5.00          113.76           6.0054
 02014   7.46 %  2017               5.00          113.77           6.0045
 02014   7.46 %  2017               5.00          113.78           6.0035
 02014   7.46 %  2017               5.00          113.80           6.0016
 02014   7.46 %  2017              10.00          113.75           6.0064
 02014   7.46 %  2017               5.00          113.78           6.0035
 02014   7.46 %  2017              10.00          113.75           6.0064
 02014   7.46 %  2017               5.00          113.75           6.0064
 02014   7.46 %  2017               5.00          113.76           6.0054
 02014   7.46 %  2017              15.00          113.75           6.0064
 02014   7.46 %  2017              10.00          113.77           6.0045
 02014   7.46 %  2017               5.00          113.76           6.0054
 02014   7.46 %  2017               0.05          113.86           5.9958
 02014   7.46 %  2017               5.00          113.77           6.0045
 03003   6.25 %  2018               5.00          102.80           5.9591
 03003   6.25 %  2018               5.00          102.80           5.9591
 03003   6.25 %  2018               5.00          102.80           5.9591
 03003   6.25 %  2018               5.00          102.80           5.9591
 03003   6.25 %  2018               5.00          102.79           5.9602
 03003   6.25 %  2018              25.00          102.82           5.9571
 03003   6.25 %  2018               5.00          102.80           5.9591
 03003   6.25 %  2018               5.00          102.82           5.9571
 03003   6.25 %  2018              10.00          102.82           5.9571
 03003   6.25 %  2018               5.00          102.81           5.9581
 03003   6.25 %  2018               5.00          102.80           5.9591
 03003   6.25 %  2018               5.00          102.81           5.9581
 03003   6.25 %  2018               5.00          102.80           5.9591
 03003   6.25 %  2018               5.00          102.82           5.9571
 03003   6.25 %  2018               5.00          102.82           5.9571
 03003   6.25 %  2018               5.00          102.81           5.9581
 03003   6.25 %  2018               5.00          102.81           5.9581
 03003   6.25 %  2018               5.00          102.82           5.9571
 03003   6.25 %  2018               5.00          102.82           5.9571
 03003   6.25 %  2018               5.00          102.80           5.9591
 03003   6.25 %  2018              10.00          102.80           5.9591
 03003   6.25 %  2018               5.00          102.80           5.9591
 03003   6.25 %  2018               5.00          102.795          5.9596
 03003   6.25 %  2018               5.00          102.79           5.9602 03003   6.25 %  2018              10.00          102.79           5.9602
 03003   6.25 %  2018               5.00          102.80           5.9591
 03003   6.25 %  2018               2.00          102.84           5.9551
 03003   6.25 %  2018               5.00          102.80           5.9591
 01008  10.03 %  2019               5.00          139.65           6.1279
 01008  10.03 %  2019               5.00          139.60           6.1318
 02011   8.35 %  2022              10.00          124.58           6.1357
 02011   8.35 %  2022              10.00          124.58           6.1357
 02011   8.35 %  2022               5.00          124.57           6.1364
 02011   8.35 %  2022               5.00          124.62           6.1326
 03013   6.30 %  2023               5.00          102.66           6.0666
 03013   6.30 %  2023              10.00          102.66           6.0666
 03013   6.30 %  2023               0.05          102.74           6.0598
 03013   6.30 %  2023               0.25          102.80           6.0546
 03013   6.30 %  2023               4.00          102.71           6.0623
 03015   6.13 %  2028               5.00          100.79           6.0680
          Contract Date : June 13, 2003
 94003  12.50 %  2004              60.00          105.615          5.0231
 94003  12.50 %  2004               0.68          105.40           5.2949
 94003  12.50 %  2004               0.31          105.25           5.4851
 98008  11.50 %  2004              35.00          105.55           5.1364
 97007  12.59 %  2004               0.18          106.76           5.6345
 95006  14.00 %  2005               0.15          115.58           5.6005
 97010  11.19 %  2005              10.00          112.20           5.1519
 97010  11.19 %  2005               5.00          112.22           5.1427
 99008  11.68 %  2006               5.00          116.79           5.2055
 99008  11.68 %  2006               5.00          116.88           5.1741
 78007   6.75 %  2007              15.00          105.00           5.4657
 98007  12.00 %  2008               5.00          127.65           5.4711
 00016  11.40 %  2008              20.00          127.09           5.3723
 00016  11.40 %  2008               5.00          127.09           5.3723
 00016  11.40 %  2008              10.00          127.10           5.3704
 00016  11.40 %  2008               5.00          127.15           5.3608
 00016  11.40 %  2008               5.00          127.15           5.3608
 02004   6.96 %  2009               5.00          106.34           5.6595
 02004   6.96 %  2009               5.00          106.34           5.6595
 02004   6.96 %  2009               5.00          106.37           5.6536
 02004   6.96 %  2009               5.00          106.40           5.6477
 02004   6.96 %  2009              21.37          106.42           5.6437
 99006  11.99 %  2009               5.00          132.09           5.4706
 99006  11.99 %  2009              10.00          132.07           5.4740
 99006  11.99 %  2009              10.00          132.05           5.4774
 99006  11.99 %  2009               5.00          132.05           5.4774
 99006  11.99 %  2009               5.00          132.08           5.4723
 99006  11.99 %  2009               5.00          132.10           5.4689
 99006  11.99 %  2009               5.00          132.075          5.4731
 99006  11.99 %  2009              10.00          132.15           5.4603
 99006  11.99 %  2009               5.00          132.10           5.4689
 99006  11.99 %  2009               5.00          132.15           5.4603
 99006  11.99 %  2009               5.00          132.10           5.4689
 99006  11.99 %  2009               5.00          132.12           5.4655
 99006  11.99 %  2009               5.00          132.10           5.4689
 99006  11.99 %  2009               5.00          132.15           5.4603
 99006  11.99 %  2009              10.00          132.18           5.4552
 99006  11.99 %  2009               5.00          132.18           5.4552
 99006  11.99 %  2009               5.00          132.19           5.4535
 99006  11.99 %  2009               5.00          132.19           5.4535 99006  11.99 %  2009               5.00          132.23           5.4467
 99006  11.99 %  2009               5.00          132.25           5.4433
 99006  11.99 %  2009               5.00          132.25           5.4433
 99006  11.99 %  2009               5.00          132.25           5.4433
 03002   5.87 %  2010              10.00          101.45           5.6019
 03002   5.87 %  2010               5.00          101.50           5.5927
 03002   5.87 %  2010               5.00          101.48           5.5964
 03002   5.87 %  2010               5.00          101.48           5.5964
 03002   5.87 %  2010               5.00          101.50           5.5927
 03002   5.87 %  2010               5.00          101.50           5.5927
 03005   6.00 %  2010               5.00          101.22           5.7736
 03005   6.00 %  2010               5.00          101.25           5.7681
 03005   6.00 %  2010               5.00          101.29           5.7607
 03005   6.00 %  2010               5.00          101.31           5.7571
 03005   6.00 %  2010               5.00          101.30           5.7589
 03005   6.00 %  2010               5.00          101.30           5.7589
 03007   6.20 %  2010              25.00          102.35           5.7673
 03012   6.40 %  2010               5.00          103.32           5.7996
 03012   6.40 %  2010               5.00          103.42           5.7820
 03012   6.40 %  2010               5.00          103.41           5.7837
 80003   7.50 %  2010               0.50          109.80           5.7602
 00014  11.30 %  2010              25.00          132.70           5.6573
 00014  11.30 %  2010              10.00          132.675          5.6609
 00014  11.30 %  2010               5.00          132.55           5.6789
 00014  11.30 %  2010              10.00          132.70           5.6573
 00014  11.30 %  2010               5.00          132.65           5.6645
 00014  11.30 %  2010               5.00          132.70           5.6573
 00014  11.30 %  2010              10.00          132.70           5.6573
 00014  11.30 %  2010              10.00          132.70           5.6573
 00014  11.30 %  2010              20.00          132.55           5.6789
 82013   8.75 %  2010               2.00          116.25           6.0251
 81005   8.00 %  2011               0.12          113.30           5.8646
 81005   8.00 %  2011               0.08          113.50           5.8350
 81005   8.00 %  2011               0.24          113.65           5.8128
 81005   8.00 %  2011              20.00          112.75           5.9465
 00010  10.95 %  2011               5.00          132.26           5.8281
 00010  10.95 %  2011               5.00          132.26           5.8281
 00010  10.95 %  2011              10.00          132.32           5.8202
 00010  10.95 %  2011              10.00          132.34           5.8175
 00010  10.95 %  2011               5.00          132.33           5.8188
 00010  10.95 %  2011               5.00          132.33           5.8188
 00010  10.95 %  2011               5.00          132.335          5.8182
 00010  10.95 %  2011               5.00          132.34           5.8175
 00010  10.95 %  2011              10.00          132.35           5.8162
 00010  10.95 %  2011              25.00          132.37           5.8135
 00010  10.95 %  2011               1.00          100.00          10.9481
 01007   9.39 %  2011               5.00          123.34           5.7301
 01007   9.39 %  2011               5.00          123.35           5.7287
 01007   9.39 %  2011              10.00          123.36           5.7273
 01007   9.39 %  2011               5.00          123.33           5.7315
 01007   9.39 %  2011               5.00          123.33           5.7315
 01007   9.39 %  2011              10.00          123.35           5.7287
 01007   9.39 %  2011              10.00          123.35           5.7287
 01007   9.39 %  2011               5.00          123.36           5.7273
 01007   9.39 %  2011               5.00          123.36           5.7273
 01007   9.39 %  2011              10.00          123.36           5.7273
 01007   9.39 %  2011              10.00          123.39           5.7232 01007   9.39 %  2011               5.00          123.40           5.7218
 01007   9.39 %  2011               5.00          123.39           5.7232
 00017  11.50 %  2011              10.00          137.895          5.7683
 00017  11.50 %  2011              10.00          137.90           5.7676
 00017  11.50 %  2011               5.00          137.90           5.7676
 00017  11.50 %  2011               5.00          137.895          5.7683
 02006   6.85 %  2012               5.00          107.64           5.7318
 02006   6.85 %  2012              10.00          107.65           5.7304
 02006   6.85 %  2012               5.00          107.66           5.7290
 02006   6.85 %  2012               5.00          107.68           5.7263
 02006   6.85 %  2012               5.00          107.65           5.7304
 02006   6.85 %  2012               5.00          107.65           5.7304
 02006   6.85 %  2012               5.00          107.65           5.7304
 02006   6.85 %  2012               5.00          107.65           5.7304
 02006   6.85 %  2012               5.00          107.65           5.7304
 02006   6.85 %  2012              10.00          107.65           5.7304
 02006   6.85 %  2012               5.00          107.65           5.7304
 02006   6.85 %  2012               5.00          107.70           5.7235
 02006   6.85 %  2012               5.00          107.69           5.7249
 02006   6.85 %  2012               5.00          107.70           5.7235
 02006   6.85 %  2012               5.00          107.72           5.7207
 02006   6.85 %  2012              10.00          107.70           5.7235
 02006   6.85 %  2012               5.00          107.70           5.7235
 02006   6.85 %  2012               5.00          107.72           5.7207
 02006   6.85 %  2012               5.00          107.70           5.7235
 02006   6.85 %  2012               5.00          107.70           5.7235
 02006   6.85 %  2012               5.00          107.71           5.7221
 02006   6.85 %  2012               5.00          107.70           5.7235
 02006   6.85 %  2012               5.00          107.70           5.7235
 02006   6.85 %  2012               5.00          107.71           5.7221
 02006   6.85 %  2012               5.00          107.77           5.7137
 02006   6.85 %  2012               5.00          107.72           5.7207
 02006   6.85 %  2012               5.00          107.74           5.7179
 02006   6.85 %  2012               5.00          107.72           5.7207
 02006   6.85 %  2012               1.50          107.66           5.7290
 02006   6.85 %  2012               5.00          107.75           5.7165
 02006   6.85 %  2012               5.00          107.72           5.7207
 02006   6.85 %  2012               5.00          107.74           5.7179
 02006   6.85 %  2012               5.00          107.72           5.7207
 02006   6.85 %  2012               5.00          107.75           5.7165
 02006   6.85 %  2012               5.00          107.75           5.7165
 02006   6.85 %  2012               5.00          107.74           5.7179
 02006   6.85 %  2012               5.00          107.74           5.7179
 02006   6.85 %  2012               5.00          107.73           5.7193
 02006   6.85 %  2012               5.00          107.75           5.7165
 02006   6.85 %  2012               5.00          107.75           5.7165
 02006   6.85 %  2012               5.00          107.74           5.7179
 02006   6.85 %  2012               5.00          107.73           5.7193
 02006   6.85 %  2012              25.00          107.75           5.7165
 02006   6.85 %  2012               5.00          107.75           5.7165
 02006   6.85 %  2012               5.00          107.74           5.7179
 02006   6.85 %  2012              25.00          107.72           5.7207
 02006   6.85 %  2012              15.00          107.72           5.7207
 02006   6.85 %  2012               1.50          107.74           5.7179
 02006   6.85 %  2012               5.00          107.75           5.7165
 02006   6.85 %  2012               5.00          107.72           5.7207
 02006   6.85 %  2012               5.00          107.73           5.7193 02006   6.85 %  2012               5.00          107.73           5.7193
 02006   6.85 %  2012              10.00          107.73           5.7193
 02006   6.85 %  2012               5.00          107.74           5.7179
 02006   6.85 %  2012               5.00          107.72           5.7207
 02006   6.85 %  2012               5.00          107.76           5.7151
 02006   6.85 %  2012               0.50          107.63           5.7332
 02006   6.85 %  2012               5.00          107.76           5.7151
 02006   6.85 %  2012               5.00          107.76           5.7151
 02006   6.85 %  2012               5.00          107.76           5.7151
 02006   6.85 %  2012               5.00          107.74           5.7179
 02006   6.85 %  2012               5.00          107.75           5.7165
 02009   7.40 %  2012               0.50          111.50           5.7296
 02009   7.40 %  2012               5.00          111.35           5.7499
 02009   7.40 %  2012               5.00          111.40           5.7432
 02009   7.40 %  2012               5.00          111.40           5.7432
 02009   7.40 %  2012               5.00          111.33           5.7527
 02009   7.40 %  2012               5.00          111.33           5.7527
 02009   7.40 %  2012               5.00          111.37           5.7472
 02009   7.40 %  2012               5.00          111.35           5.7499
 02009   7.40 %  2012               5.00          111.38           5.7459
 02009   7.40 %  2012               5.00          111.40           5.7432
 02009   7.40 %  2012               5.00          111.40           5.7432
 02009   7.40 %  2012               5.00          111.35           5.7499
 02009   7.40 %  2012               5.00          111.38           5.7459
 02009   7.40 %  2012               5.00          111.42           5.7404
 02009   7.40 %  2012               5.00          111.40           5.7432
 02009   7.40 %  2012               5.00          111.38           5.7459
 02009   7.40 %  2012               5.00          111.35           5.7499
 02009   7.40 %  2012               5.00          111.425          5.7398
 02009   7.40 %  2012               5.00          111.40           5.7432
 02009   7.40 %  2012               5.00          111.40           5.7432
 02009   7.40 %  2012              10.00          111.42           5.7404
 02009   7.40 %  2012               5.00          111.40           5.7432
 02009   7.40 %  2012               5.00          111.43           5.7391
 02009   7.40 %  2012               5.00          111.38           5.7459
 02009   7.40 %  2012               5.00          111.42           5.7404
 02009   7.40 %  2012               5.00          111.38           5.7459
 02009   7.40 %  2012               5.00          111.43           5.7391
 02009   7.40 %  2012               5.00          111.395          5.7438
 02009   7.40 %  2012               5.00          111.42           5.7404
 02009   7.40 %  2012               5.00          111.42           5.7404
 02009   7.40 %  2012               5.00          111.43           5.7391
 02009   7.40 %  2012               5.00          111.43           5.7391
 02009   7.40 %  2012               5.00          111.37           5.7472
 02009   7.40 %  2012               5.00          111.33           5.7527
 02009   7.40 %  2012               5.00          111.42           5.7404
 02009   7.40 %  2012               5.00          111.42           5.7404
 02009   7.40 %  2012               5.00          111.35           5.7499
 02009   7.40 %  2012              10.00          111.36           5.7486
 02009   7.40 %  2012              10.00          111.34           5.7513
 02009   7.40 %  2012               5.00          111.37           5.7472
 02009   7.40 %  2012               5.00          111.37           5.7472
 02009   7.40 %  2012              10.00          111.36           5.7486
 02009   7.40 %  2012               5.00          111.42           5.7404
 02009   7.40 %  2012               5.00          111.40           5.7432
 02009   7.40 %  2012              10.00          111.42           5.7404
 02009   7.40 %  2012               5.00          111.40           5.7432 02009   7.40 %  2012               5.00          111.40           5.7432
 02009   7.40 %  2012               5.00          111.42           5.7404
 02009   7.40 %  2012               5.00          111.425          5.7398
 02009   7.40 %  2012               5.00          111.38           5.7459
 02009   7.40 %  2012               0.50          111.40           5.7432
 02009   7.40 %  2012               5.00          111.45           5.7364
 02009   7.40 %  2012               5.00          111.44           5.7377
 02009   7.40 %  2012               5.00          111.44           5.7377
 02009   7.40 %  2012               5.00          111.44           5.7377
 02009   7.40 %  2012               5.00          111.45           5.7364
 02009   7.40 %  2012               5.00          111.45           5.7364
 02009   7.40 %  2012               5.00          111.37           5.7472
 02009   7.40 %  2012               5.00          111.36           5.7486
 02009   7.40 %  2012               5.00          111.43           5.7391
 00012  11.03 %  2012               5.00          136.48           5.8091
 00012  11.03 %  2012              10.00          136.45           5.8126
 00012  11.03 %  2012               5.00          136.50           5.8068
 00012  11.03 %  2012               5.00          136.48           5.8091
 00012  11.03 %  2012              10.00          136.50           5.8068
 00012  11.03 %  2012               5.00          136.50           5.8068
 00012  11.03 %  2012               5.00          136.50           5.8068
 01009   9.40 %  2012               5.00          125.24           5.8275
 01009   9.40 %  2012               5.00          125.25           5.8263
 01009   9.40 %  2012               5.00          125.27           5.8238
 01009   9.40 %  2012               5.00          125.28           5.8226
 01009   9.40 %  2012               5.00          125.28           5.8226
 01009   9.40 %  2012               5.00          125.25           5.8263
 01009   9.40 %  2012               5.00          125.28           5.8226
 01009   9.40 %  2012               5.00          125.28           5.8226
 01009   9.40 %  2012               5.00          125.30           5.8202
 01009   9.40 %  2012               5.00          125.32           5.8177
 01009   9.40 %  2012               5.00          125.32           5.8177
 01009   9.40 %  2012               5.00          125.30           5.8202
 82005   9.00 %  2013               0.26155       123.60           5.8380
 01005   9.81 %  2013              10.00          130.260          5.7732
 01005   9.81 %  2013              10.00          130.25           5.7743
 01005   9.81 %  2013               5.00          130.22           5.7777
 01005   9.81 %  2013               5.00          130.28           5.7709
 01005   9.81 %  2013               5.00          130.260          5.7732
 01005   9.81 %  2013              10.00          130.270          5.7721
 01005   9.81 %  2013              10.00          130.300          5.7687
 01005   9.81 %  2013               0.03          130.43           5.7541
 01005   9.81 %  2013               5.00          130.32           5.7664
 01005   9.81 %  2013               5.00          130.32           5.7664
 01005   9.81 %  2013               5.00          130.32           5.7664
 02017   7.27 %  2013               5.00          111.60           5.7517
 02017   7.27 %  2013               5.00          111.63           5.7480
 02017   7.27 %  2013               5.00          111.62           5.7492
 02017   7.27 %  2013               5.00          111.55           5.7578
 02017   7.27 %  2013               5.00          111.62           5.7492
 02017   7.27 %  2013               5.00          111.66           5.7444
 02017   7.27 %  2013               5.00          111.735          5.7352
 02017   7.27 %  2013               5.00          111.65           5.7456
 02017   7.27 %  2013               5.00          111.66           5.7444
 02017   7.27 %  2013               5.00          111.69           5.7407
 02017   7.27 %  2013               5.00          111.68           5.7419
 02017   7.27 %  2013               5.00          111.70           5.7395 02017   7.27 %  2013               5.00          111.68           5.7419
 02017   7.27 %  2013               5.00          111.69           5.7407
 02017   7.27 %  2013              10.00          111.69           5.7407
 02017   7.27 %  2013               5.00          111.61           5.7504
 02017   7.27 %  2013              10.00          111.70           5.7395
 02017   7.27 %  2013               5.00          111.72           5.7370
 02017   7.27 %  2013              10.00          111.72           5.7370
 02017   7.27 %  2013               5.00          111.71           5.7383
 02017   7.27 %  2013               5.00          111.72           5.7370
 03009   6.72 %  2014               5.00          107.42           5.7789
 03009   6.72 %  2014               5.00          107.39           5.7825
 03009   6.72 %  2014               5.00          107.43           5.7777
 03009   6.72 %  2014               5.00          107.42           5.7789
 03009   6.72 %  2014               5.00          107.45           5.7753
 03009   6.72 %  2014               5.00          107.45           5.7753
 03009   6.72 %  2014              10.00          107.45           5.7753
 03009   6.72 %  2014               5.00          107.42           5.7789
 03009   6.72 %  2014               5.00          107.47           5.7729
 03009   6.72 %  2014               5.00          107.47           5.7729
 03009   6.72 %  2014              10.00          107.48           5.7716
 03009   6.72 %  2014               5.00          107.48           5.7716
 03009   6.72 %  2014               5.00          107.495          5.7698
 03009   6.72 %  2014               5.00          107.47           5.7729
 03009   6.72 %  2014               5.00          107.495          5.7698
 02008   7.37 %  2014              10.00          112.38           5.8133
 02008   7.37 %  2014               5.00          112.42           5.8086
 02008   7.37 %  2014               5.00          112.42           5.8086
 02008   7.37 %  2014               5.00          112.42           5.8086
 02008   7.37 %  2014              10.00          112.44           5.8063
 02008   7.37 %  2014               5.00          112.45           5.8051
 02008   7.37 %  2014               5.00          112.46           5.8040
 02008   7.37 %  2014               5.00          112.48           5.8016
 02008   7.37 %  2014              10.00          112.48           5.8016
 02008   7.37 %  2014               5.00          112.49           5.8005
 02008   7.37 %  2014               1.00          112.50           5.7993
 02008   7.37 %  2014               1.00          112.50           5.7993
 84010  10.50 %  2014               0.135         136.35           6.0357
 99020  11.83 %  2014               0.005         100.00          11.8261
 01001  10.47 %  2015               5.00          136.58           6.0507
 01001  10.47 %  2015               0.60          100.00          10.4656
 01001  10.47 %  2015               1.00          100.00          10.4656
 00009  10.79 %  2015               0.50          139.25           6.1087
 85007  11.50 %  2015               1.00          100.00          11.4973
 00015  11.43 %  2015               0.50          100.00          11.4248
 02018   7.38 %  2015               5.00          113.02           5.8708
 02018   7.38 %  2015              10.00          112.98           5.8751
 02018   7.38 %  2015              10.00          113.05           5.8676
 02018   7.38 %  2015              10.00          113.05           5.8676
 02018   7.38 %  2015               0.50          113.00           5.8729
 02018   7.38 %  2015              10.00          113.07           5.8654
 02018   7.38 %  2015               1.00          113.00           5.8729
 02018   7.38 %  2015               5.00          113.05           5.8676
 02018   7.38 %  2015               5.00          113.08           5.8644
 02018   7.38 %  2015              10.00          113.09           5.8633
 02018   7.38 %  2015               5.00          113.09           5.8633
 02018   7.38 %  2015              15.00          113.10           5.8622
 02018   7.38 %  2015               5.00          113.095          5.8628 02018   7.38 %  2015               1.00          112.90           5.8836
 02018   7.38 %  2015               1.00          112.90           5.8836
 01011   9.85 %  2015               5.00          134.18           5.9084
 01011   9.85 %  2015               5.00          134.18           5.9084
 01011   9.85 %  2015               5.00          134.17           5.9093
 01011   9.85 %  2015               5.00          134.17           5.9093
 01011   9.85 %  2015               5.00          134.17           5.9093
 01011   9.85 %  2015              10.00          134.15           5.9112
 01011   9.85 %  2015               5.00          134.10           5.9159
 01011   9.85 %  2015               5.00          134.19           5.9074
 01011   9.85 %  2015               5.00          134.17           5.9093
 01011   9.85 %  2015               5.00          134.18           5.9084
 01011   9.85 %  2015               5.00          134.20           5.9065
 01011   9.85 %  2015               5.00          134.20           5.9065
 01011   9.85 %  2015               5.00          134.20           5.9065
 01011   9.85 %  2015               5.00          134.17           5.9093
 01011   9.85 %  2015               5.00          134.18           5.9084
 01011   9.85 %  2015               5.00          134.18           5.9084
 01011   9.85 %  2015               5.00          134.18           5.9084
 01011   9.85 %  2015               5.00          134.20           5.9065
 01011   9.85 %  2015               5.00          134.18           5.9084
 01011   9.85 %  2015               5.00          134.12           5.9141
 01011   9.85 %  2015               5.00          134.12           5.9141
 01011   9.85 %  2015               5.00          134.23           5.9036
 01011   9.85 %  2015               5.00          134.21           5.9055
 01011   9.85 %  2015               5.00          134.20           5.9065
 01011   9.85 %  2015               5.00          134.24           5.9027
 01011   9.85 %  2015               5.00          134.22           5.9046
 01011   9.85 %  2015              10.00          134.25           5.9018
 01011   9.85 %  2015              10.00          134.25           5.9018
 01011   9.85 %  2015               5.00          134.23           5.9036
 01011   9.85 %  2015               5.00          134.25           5.9018
 01011   9.85 %  2015               5.00          134.26           5.9008
 01011   9.85 %  2015               5.00          134.18           5.9084
 01011   9.85 %  2015               5.00          134.24           5.9027
 01011   9.85 %  2015               5.00          134.25           5.9018
 01011   9.85 %  2015               5.00          134.23           5.9036
 01011   9.85 %  2015               5.00          134.23           5.9036
 01003  10.71 %  2016              10.00          141.15           6.0543
 01003  10.71 %  2016               5.00          141.25           6.0454
 01003  10.71 %  2016               5.00          141.30           6.0409
 01003  10.71 %  2016               5.00          141.35           6.0364
 01003  10.71 %  2016               0.50          100.00          10.7058
 02001   8.07 %  2017               5.00          119.36           5.9692
 02001   8.07 %  2017               5.00          119.27           5.9779
 02001   8.07 %  2017               5.00          119.25           5.9798
 02001   8.07 %  2017               5.00          119.25           5.9798
 02001   8.07 %  2017               5.00          119.30           5.9750
 02001   8.07 %  2017               5.00          119.20           5.9847
 02001   8.07 %  2017               5.00          119.20           5.9847
 02001   8.07 %  2017               5.00          119.25           5.9798
 02001   8.07 %  2017               5.00          119.25           5.9798
 02001   8.07 %  2017               5.00          119.25           5.9798
 02001   8.07 %  2017               5.00          119.25           5.9798
 02001   8.07 %  2017               5.00          119.20           5.9847
 02001   8.07 %  2017               5.00          119.24           5.9808
 02001   8.07 %  2017               5.00          119.21           5.9837 02001   8.07 %  2017               5.00          119.27           5.9779
 02001   8.07 %  2017               5.00          119.25           5.9798
 02001   8.07 %  2017               5.00          119.26           5.9789
 02001   8.07 %  2017               5.00          119.27           5.9779
 02001   8.07 %  2017               5.00          119.21           5.9837
 02001   8.07 %  2017               5.00          119.26           5.9789
 02001   8.07 %  2017               5.00          119.25           5.9798
 02001   8.07 %  2017               5.00          119.29           5.9760
 02001   8.07 %  2017               5.00          119.24           5.9808
 02001   8.07 %  2017               5.00          119.30           5.9750
 02001   8.07 %  2017               5.00          119.27           5.9779
 02001   8.07 %  2017               5.00          119.30           5.9750
 02001   8.07 %  2017               5.00          119.305          5.9745
 02001   8.07 %  2017              10.00          119.32           5.9731
 02001   8.07 %  2017               5.00          119.25           5.9798
 02001   8.07 %  2017               5.00          119.23           5.9818
 02001   8.07 %  2017               5.00          119.31           5.9740
 02001   8.07 %  2017               5.00          119.29           5.9760
 02001   8.07 %  2017               5.00          119.31           5.9740
 02001   8.07 %  2017               5.00          119.22           5.9827
 02001   8.07 %  2017               5.00          119.315          5.9736
 02001   8.07 %  2017               5.00          119.22           5.9827
 02001   8.07 %  2017               5.00          119.31           5.9740
 02001   8.07 %  2017               5.00          119.30           5.9750
 02001   8.07 %  2017               5.00          119.25           5.9798
 02001   8.07 %  2017               5.00          119.25           5.9798
 02001   8.07 %  2017               5.00          119.26           5.9789
 02001   8.07 %  2017               5.00          119.29           5.9760
 02001   8.07 %  2017              10.00          119.395          5.9658
 02001   8.07 %  2017               5.00          119.31           5.9740
 02001   8.07 %  2017               2.00          119.33           5.9721
 02001   8.07 %  2017              10.00          119.22           5.9827
 02001   8.07 %  2017               5.00          119.28           5.9769
 02001   8.07 %  2017              10.00          119.29           5.9760
 02001   8.07 %  2017               5.00          119.31           5.9740
 02001   8.07 %  2017               5.00          119.25           5.9798
 02001   8.07 %  2017               5.00          119.32           5.9731
 02001   8.07 %  2017               5.00          119.31           5.9740
 02001   8.07 %  2017               5.00          119.32           5.9731
 02001   8.07 %  2017               0.75          119.28           5.9769
 02001   8.07 %  2017               1.00          119.34           5.9711
 02001   8.07 %  2017               5.00          119.32           5.9731
 02001   8.07 %  2017              10.00          119.32           5.9731
 02001   8.07 %  2017               5.00          119.32           5.9731
 02001   8.07 %  2017               5.00          119.30           5.9750
 02001   8.07 %  2017               5.00          119.30           5.9750
 02001   8.07 %  2017               0.14          119.40           5.9654
 02001   8.07 %  2017               5.00          119.32           5.9731
 02001   8.07 %  2017               5.00          119.32           5.9731
 02001   8.07 %  2017               5.00          119.26           5.9789
 02001   8.07 %  2017               5.00          119.35           5.9702
 02001   8.07 %  2017               5.00          119.25           5.9798
 02001   8.07 %  2017               5.00          119.36           5.9692
 02001   8.07 %  2017               2.00          119.30           5.9750
 02001   8.07 %  2017               5.00          119.32           5.9731
 02001   8.07 %  2017               1.00          100.00           8.0686
 02001   8.07 %  2017               5.00          119.32           5.9731 02007   7.49 %  2017               5.00          113.47           6.0390
 02007   7.49 %  2017               0.50          113.51           6.0351
 02007   7.49 %  2017               5.00          113.35           6.0509
 02007   7.49 %  2017               5.00          113.42           6.0440
 02007   7.49 %  2017               5.00          113.42           6.0440
 02007   7.49 %  2017               5.00          113.42           6.0440
 02007   7.49 %  2017               5.00          113.35           6.0509
 02007   7.49 %  2017               5.00          113.41           6.0449
 02007   7.49 %  2017               5.00          113.44           6.0420
 02007   7.49 %  2017               5.00          113.44           6.0420
 02007   7.49 %  2017               1.00          113.40           6.0459
 02007   7.49 %  2017              10.00          113.40           6.0459
 02007   7.49 %  2017              10.00          113.43           6.0430
 02007   7.49 %  2017               5.00          113.43           6.0430
 02007   7.49 %  2017               5.00          113.43           6.0430
 02007   7.49 %  2017               5.00          113.44           6.0420
 02007   7.49 %  2017               5.00          113.44           6.0420
 02007   7.49 %  2017               0.50          113.40           6.0459
 02014   7.46 %  2017               0.50          113.80           6.0014
 02014   7.46 %  2017               0.25          113.79           6.0024
 02014   7.46 %  2017               1.00          113.78           6.0033
 02014   7.46 %  2017               5.00          113.60           6.0208
 02014   7.46 %  2017               5.00          113.65           6.0159
 02014   7.46 %  2017               5.00          113.62           6.0189
 02014   7.46 %  2017               5.00          113.70           6.0111
 02014   7.46 %  2017               5.00          113.65           6.0159
 02014   7.46 %  2017               5.00          113.63           6.0179
 02014   7.46 %  2017               5.00          113.70           6.0111
 02014   7.46 %  2017               5.00          113.65           6.0159
 02014   7.46 %  2017               5.00          113.70           6.0111
 02014   7.46 %  2017               5.00          113.70           6.0111
 02014   7.46 %  2017               5.00          113.70           6.0111
 02014   7.46 %  2017               5.00          113.70           6.0111
 02014   7.46 %  2017               5.00          113.70           6.0111
 02014   7.46 %  2017               5.00          113.71           6.0101
 02014   7.46 %  2017               5.00          113.66           6.0150
 02014   7.46 %  2017               5.00          113.68           6.0130
 02014   7.46 %  2017               5.00          113.69           6.0121
 02014   7.46 %  2017               5.00          113.68           6.0130
 02014   7.46 %  2017               5.00          113.70           6.0111
 02014   7.46 %  2017               5.00          113.63           6.0179
 02014   7.46 %  2017               1.50          113.72           6.0092
 02014   7.46 %  2017               5.00          113.72           6.0092
 02014   7.46 %  2017               5.00          113.68           6.0130
 02014   7.46 %  2017               5.00          113.70           6.0111
 02014   7.46 %  2017               5.00          113.72           6.0092
 02014   7.46 %  2017               0.50          113.71           6.0101
 02014   7.46 %  2017               1.00          113.72           6.0092
 02014   7.46 %  2017               0.20          113.67           6.0140
 02014   7.46 %  2017               1.00          113.72           6.0092
 02014   7.46 %  2017               5.00          113.74           6.0072
 02014   7.46 %  2017               2.00          113.72           6.0092
 02014   7.46 %  2017               0.50          113.72           6.0092
 02014   7.46 %  2017               5.00          113.74           6.0072
 02014   7.46 %  2017               5.00          113.73           6.0082
 02014   7.46 %  2017               5.00          113.74           6.0072
 02014   7.46 %  2017               5.00          113.74           6.0072 02014   7.46 %  2017               5.00          113.74           6.0072
 02014   7.46 %  2017               2.00          113.75           6.0063
 02014   7.46 %  2017               0.55          113.75           6.0063
 02014   7.46 %  2017              10.00          113.72           6.0092
 02014   7.46 %  2017               5.00          113.72           6.0092
 02014   7.46 %  2017               5.00          113.74           6.0072
 02014   7.46 %  2017              10.00          113.75           6.0063
 02014   7.46 %  2017               5.00          113.74           6.0072
 02014   7.46 %  2017               5.00          113.73           6.0082
 02014   7.46 %  2017               5.00          113.65           6.0159
 02014   7.46 %  2017               0.50          113.75           6.0063
 02014   7.46 %  2017              10.00          113.70           6.0111
 03003   6.25 %  2018               5.00          102.82           5.9571
 03003   6.25 %  2018               0.50          102.78           5.9612
 03003   6.25 %  2018               5.00          102.82           5.9571
 03003   6.25 %  2018               1.10          102.82           5.9571
 03003   6.25 %  2018               0.80          102.82           5.9571
 03003   6.25 %  2018               0.35          102.90           5.9489
 03003   6.25 %  2018               5.00          102.65           5.9744
 03003   6.25 %  2018               5.00          102.65           5.9744
 03003   6.25 %  2018               5.00          102.65           5.9744
 03003   6.25 %  2018              10.00          102.62           5.9775
 03003   6.25 %  2018              10.00          102.65           5.9744
 03003   6.25 %  2018               5.00          102.66           5.9734
 03003   6.25 %  2018               5.00          102.72           5.9673
 03003   6.25 %  2018               5.00          102.68           5.9714
 03003   6.25 %  2018               5.00          102.68           5.9714
 03003   6.25 %  2018              10.00          102.69           5.9703
 03003   6.25 %  2018               5.00          102.63           5.9765
 03003   6.25 %  2018               5.00          102.72           5.9673
 03003   6.25 %  2018               5.00          102.70           5.9693
 03003   6.25 %  2018               5.00          102.72           5.9673
 03003   6.25 %  2018               5.00          102.68           5.9714
 03003   6.25 %  2018               5.00          102.67           5.9724
 03003   6.25 %  2018               5.00          102.68           5.9714
 03003   6.25 %  2018               5.00          102.72           5.9673
 03003   6.25 %  2018               5.00          102.67           5.9724
 03003   6.25 %  2018               5.00          102.73           5.9663
 03003   6.25 %  2018               5.00          102.685          5.9708
 03003   6.25 %  2018               5.00          102.72           5.9673
 03003   6.25 %  2018               5.00          102.71           5.9683
 03003   6.25 %  2018               5.00          102.69           5.9703
 03003   6.25 %  2018               5.00          102.74           5.9652
 03003   6.25 %  2018               5.00          102.70           5.9693
 03003   6.25 %  2018               5.00          102.70           5.9693
 03003   6.25 %  2018               0.50          102.74           5.9652
 03003   6.25 %  2018               5.00          102.65           5.9744
 03003   6.25 %  2018               5.00          102.69           5.9703
 03003   6.25 %  2018               5.00          102.67           5.9724
 03003   6.25 %  2018               0.50          102.77           5.9622
 03003   6.25 %  2018               1.00          102.75           5.9642
 03003   6.25 %  2018               5.00          102.78           5.9612
 03003   6.25 %  2018               5.00          102.75           5.9642
 03003   6.25 %  2018               1.00          102.82           5.9571
 03003   6.25 %  2018               1.05          102.79           5.9601
 03003   6.25 %  2018               5.00          102.71           5.9683
 03003   6.25 %  2018               5.00          102.73           5.9663 03003   6.25 %  2018               5.00          102.65           5.9744
 03003   6.25 %  2018               5.00          102.68           5.9714
 03003   6.25 %  2018               5.00          102.69           5.9703
 03003   6.25 %  2018               5.00          102.72           5.9673
 03003   6.25 %  2018               5.00          102.74           5.9652
 03003   6.25 %  2018               0.75          102.73           5.9663
 03003   6.25 %  2018               0.50          102.73           5.9663
 03003   6.25 %  2018               0.60          102.84           5.9551
 03003   6.25 %  2018               5.00          102.62           5.9775
 03003   6.25 %  2018               5.00          102.75           5.9642
 03003   6.25 %  2018               0.60          102.75           5.9642
 03003   6.25 %  2018               5.00          102.69           5.9703
 03003   6.25 %  2018               5.00          102.70           5.9693
 03003   6.25 %  2018               5.00          102.74           5.9652
 03003   6.25 %  2018               5.00          102.69           5.9703
 03003   6.25 %  2018               0.50          102.83           5.9561
 03003   6.25 %  2018               5.00          102.73           5.9663
 03003   6.25 %  2018               0.50          102.80           5.9591
 03003   6.25 %  2018               0.25          102.76           5.9632
 03003   6.25 %  2018               5.00          102.75           5.9642
 03003   6.25 %  2018               5.00          102.70           5.9693
 03003   6.25 %  2018               5.00          102.74           5.9652
 03003   6.25 %  2018               5.00          102.72           5.9673
 03003   6.25 %  2018               5.00          102.75           5.9642
 03003   6.25 %  2018               0.50          102.80           5.9591
 03003   6.25 %  2018               5.00          102.70           5.9693
 03003   6.25 %  2018               1.50          102.78           5.9612
 03003   6.25 %  2018               5.00          102.63           5.9765
 03003   6.25 %  2018              10.00          102.69           5.9703
 03003   6.25 %  2018               5.00          102.75           5.9642
 03003   6.25 %  2018               0.50          102.80           5.9591
 03003   6.25 %  2018               5.00          102.75           5.9642
 03003   6.25 %  2018               0.50          102.73           5.9663
 03003   6.25 %  2018               2.00          102.73           5.9663
 03003   6.25 %  2018               5.00          102.72           5.9673
 03003   6.25 %  2018               5.00          102.75           5.9642
 03003   6.25 %  2018               5.00          102.78           5.9612
 03003   6.25 %  2018               5.00          102.76           5.9632
 03003   6.25 %  2018              10.00          102.77           5.9622
 03003   6.25 %  2018               5.00          102.77           5.9622
 03003   6.25 %  2018               0.20          102.78           5.9612
 03003   6.25 %  2018               2.50          102.74           5.9652
 03003   6.25 %  2018               1.00          102.78           5.9612
 03003   6.25 %  2018               1.00          102.72           5.9673
 03003   6.25 %  2018               2.00          102.74           5.9652
 03003   6.25 %  2018               2.00          102.78           5.9612
 03003   6.25 %  2018               1.00          102.78           5.9612
 03003   6.25 %  2018               0.05          102.75           5.9642
 03003   6.25 %  2018               5.00          102.755          5.9637
 03003   6.25 %  2018               5.00          102.75           5.9642
 03003   6.25 %  2018               5.00          102.78           5.9612
 03003   6.25 %  2018               5.00          102.76           5.9632
 03003   6.25 %  2018               5.00          102.74           5.9652
 03003   6.25 %  2018               5.00          102.76           5.9632
 03003   6.25 %  2018               5.00          102.765          5.9627
 03003   6.25 %  2018               5.00          102.76           5.9632
 03003   6.25 %  2018               0.50          102.77           5.9622 03003   6.25 %  2018               5.00          102.70           5.9693
 03003   6.25 %  2018              10.00          102.76           5.9632
 03003   6.25 %  2018               5.00          102.68           5.9714
 03003   6.25 %  2018               5.00          102.65           5.9744
 03003   6.25 %  2018               5.00          102.78           5.9612
 03003   6.25 %  2018               5.00          102.77           5.9622
 03003   6.25 %  2018               5.00          102.78           5.9612
 03003   6.25 %  2018               0.50          102.78           5.9612
 03003   6.25 %  2018               5.00          102.79           5.9601
 03003   6.25 %  2018               5.00          102.79           5.9601
 03003   6.25 %  2018               2.00          102.65           5.9744
 03003   6.25 %  2018               0.65          102.70           5.9693
 03003   6.25 %  2018               0.40          102.86           5.9530
 03003   6.25 %  2018              10.00          102.70           5.9693
 03003   6.25 %  2018               0.55          102.78           5.9612
 03003   6.25 %  2018               5.00          102.74           5.9652
 03003   6.25 %  2018               5.00          102.78           5.9612
 03003   6.25 %  2018              10.00          102.76           5.9632
 03003   6.25 %  2018               5.00          102.74           5.9652
 01004  10.45 %  2018               0.50          100.00          10.4468
 01008  10.03 %  2019              10.00          139.40           6.1470
 01008  10.03 %  2019              10.00          139.60           6.1315
 01008  10.03 %  2019               5.00          139.65           6.1276
 01008  10.03 %  2019              10.00          139.75           6.1198
 01008  10.03 %  2019              10.00          100.00          10.0267
 00008  10.70 %  2020               1.10          146.30           6.2246
 01006  10.25 %  2021               5.00          143.75           6.1825
 01006  10.25 %  2021               2.00          143.60           6.1932
 01006  10.25 %  2021               5.00          143.77           6.1810
 01006  10.25 %  2021               5.00          143.85           6.1753
 01006  10.25 %  2021               5.00          143.85           6.1753
 01006  10.25 %  2021               5.00          143.83           6.1767
 01006  10.25 %  2021               5.00          143.85           6.1753
 01006  10.25 %  2021               0.20          142.80           6.2507
 01006  10.25 %  2021               1.00          143.25           6.2183
 02011   8.35 %  2022              25.00          124.44           6.1463
 02011   8.35 %  2022               5.00          124.40           6.1494
 02011   8.35 %  2022              15.00          124.45           6.1455
 02011   8.35 %  2022               5.00          124.49           6.1424
 02011   8.35 %  2022              10.00          124.45           6.1455
 02011   8.35 %  2022              10.00          124.52           6.1401
 02011   8.35 %  2022               5.00          124.50           6.1417
 02011   8.35 %  2022              25.00          124.52           6.1401
 02011   8.35 %  2022               5.00          124.45           6.1455
 02011   8.35 %  2022               5.00          124.43           6.1471
 02011   8.35 %  2022               5.00          124.49           6.1424
 02011   8.35 %  2022               5.00          124.50           6.1417
 02011   8.35 %  2022               5.00          124.48           6.1432
 02011   8.35 %  2022               5.00          124.49           6.1424
 02011   8.35 %  2022               5.00          124.45           6.1455
 02011   8.35 %  2022               5.00          124.47           6.1440
 02011   8.35 %  2022               5.00          124.48           6.1432
 02011   8.35 %  2022               5.00          124.46           6.1447
 02011   8.35 %  2022              10.00          124.47           6.1440
 02011   8.35 %  2022              25.00          124.52           6.1401
 02011   8.35 %  2022              15.00          124.52           6.1401
 02011   8.35 %  2022               5.00          124.55           6.1378 02011   8.35 %  2022               5.00          124.54           6.1386
 02011   8.35 %  2022               5.00          124.55           6.1378
 02011   8.35 %  2022               5.00          124.45           6.1455
 02011   8.35 %  2022              10.00          124.53           6.1394
 02011   8.35 %  2022              10.00          124.54           6.1386
 02011   8.35 %  2022               5.00          124.57           6.1363
 02011   8.35 %  2022               5.00          124.57           6.1363
 02011   8.35 %  2022               5.00          124.57           6.1363
 02011   8.35 %  2022               5.00          124.57           6.1363
 02011   8.35 %  2022               5.00          124.52           6.1401
 02011   8.35 %  2022              20.00          124.54           6.1386
 02011   8.35 %  2022               5.00          124.55           6.1378
 02011   8.35 %  2022               5.00          124.57           6.1363
 02011   8.35 %  2022               5.00          124.55           6.1378
 03013   6.30 %  2023               0.25          102.80           6.0546
 03013   6.30 %  2023               2.00          102.79           6.0554
 03013   6.30 %  2023              10.00          102.66           6.0666
 03013   6.30 %  2023               1.00          102.82           6.0529
 03013   6.30 %  2023               3.70          102.79           6.0554
 03013   6.30 %  2023               0.25          102.80           6.0546
 03013   6.30 %  2023               0.50          102.72           6.0614
 03013   6.30 %  2023               1.00          102.72           6.0614
 03013   6.30 %  2023               0.50          102.61           6.0709
 03013   6.30 %  2023               0.50          102.78           6.0563
 03013   6.30 %  2023               0.50          102.61           6.0709
 03013   6.30 %  2023               0.50          102.62           6.0700
 03013   6.30 %  2023               3.00          102.73           6.0606
 03013   6.30 %  2023               1.00          102.73           6.0606
 03013   6.30 %  2023               0.50          102.73           6.0606
 03013   6.30 %  2023               1.00          102.73           6.0606
 03013   6.30 %  2023               1.50          102.61           6.0709
 03013   6.30 %  2023               1.00          102.61           6.0709
 03013   6.30 %  2023               0.10          102.79           6.0554
 03013   6.30 %  2023               0.50          102.73           6.0606
 03013   6.30 %  2023               1.00          102.64           6.0683
 03013   6.30 %  2023               1.00          102.64           6.0683
 03013   6.30 %  2023               1.00          102.61           6.0709
 03013   6.30 %  2023               0.50          102.64           6.0683
 03013   6.30 %  2023               0.50          102.63           6.0692
 03013   6.30 %  2023               0.25          102.63           6.0692
 03013   6.30 %  2023               5.00          102.65           6.0674
 03013   6.30 %  2023               0.50          102.65           6.0674
 03013   6.30 %  2023              10.00          102.75           6.0589
 03013   6.30 %  2023               5.00          102.75           6.0589
 03013   6.30 %  2023               1.00          102.68           6.0649
 03013   6.30 %  2023               1.00          102.70           6.0632
 03013   6.30 %  2023               0.08          102.80           6.0546
 03013   6.30 %  2023               5.00          102.77           6.0572
 03013   6.30 %  2023               5.00          102.70           6.0632
 01010  10.18 %  2026               5.00          148.30           6.2209
 01010  10.18 %  2026               5.00          148.30           6.2209
 03015   6.13 %  2028               0.50          100.88           6.0610
 03015   6.13 %  2028               0.25          100.90           6.0594
 03015   6.13 %  2028               0.50          100.90           6.0594
 03015   6.13 %  2028               0.10          101.10           6.0439
 03015   6.13 %  2028               2.00          100.89           6.0602
 03015   6.13 %  2028               0.25          100.88           6.0610 03015   6.13 %  2028               5.00          100.89           6.0602
 03015   6.13 %  2028              15.00          100.86           6.0626
 03015   6.13 %  2028               5.00          100.86           6.0626
 02015   7.95 %  2032               5.00          123.45           6.2011
 02015   7.95 %  2032               1.00          123.65           6.1885
 02015   7.95 %  2032               1.00          123.00           6.2295
     Total                       4962.78155
B. State Government Securities
          Contract Date : June 13, 2003
 98219 12.15% RAJASTHAN SDL 2008    0.50          122.80          6.5804
 98230 12.50% GUJARAT SDL,2008      0.16          127.09          6.4145
 98230 12.50% GUJARAT SDL,2008      0.26          127.09          6.4145
 98230 12.50% GUJARAT SDL,2008      0.08          127.09          6.4145
 99209 12.25% GUJRAT SDL 2009       2.00          100.00         12.2409
 99248 11.85% RAJASTHAN SDL 2009    0.50          126.50          6.5937
 01289 8.37% MAHARASHTRA SDL
       2011(ON TAP)                 1.00          112.75          6.4045
 02327 6.80% GUJARAT SDL 2012       0.25          103.23          6.3427
 03229 6.95% UTTAR PRADESH SDL
       2013                         0.25          101.30          6.7631
 03217 6.95% M.P. SDL 2013          0.25          101.30          6.7631
 03215 6.95% KARNATAKA SDL 2013     0.03          103.50          6.4570
 03257 6.40% ANDHRA PRADESH SDL
       2013                         0.10          100.38          6.3468
 03295 6.35% KARNATAKA SDL 2013     2.50          100.00          6.3500
     Total                          7.88
C. Treasury Bills
   (i) 14 Day Bills (Maturity-wise)
       (DD/MM/YYYY)
                                           NIL
   (ii) 91 Day Bills (Maturity-wise)
       (DD/MM/YYYY)
          Contract Date : June 12, 2003
        20/06/2003                  0.11           99.9090         4.1443
        05/09/2003                 15.00           98.8692         4.8979
          Contract Date : June 13, 2003
        20/06/2003                  0.48           99.9061         4.8874
        25/07/2003                 65.00           99.4279         4.9867
        22/08/2003                  3.20           99.0634         4.9164
        22/08/2003                  1.92           99.0878         4.7871
        22/08/2003                  7.00           99.0521         4.9762
        22/08/2003                 20.00           99.0464         5.0065
        22/08/2003                 40.00           99.0464         5.0065
        29/08/2003                  0.40           98.9706         4.9169
        29/08/2003                 10.00           98.9665         4.9367
        12/09/2003                 10.00           98.7900         4.8993
        12/09/2003                 40.00           98.7639         5.0063
        12/09/2003                  4.0475         98.7700         4.9813
        12/09/2003                 10.00           98.7800         4.9403
     Total                        227.1575
   (iii) 182 Day Bills (Maturity-wise)
       (DD/MM/YYYY)
                                           NIL
   (iv) 364 Day Bills (Maturity-wise)
       (DD/MM/YYYY)          Contract Date : June 12, 2003
        28/05/2004                  5.00           95.5560         4.8229
          Contract Date : June 13, 2003
        27/06/2003                  0.80           99.8181         4.7380
        27/06/2003                  0.60           99.8181         4.7380
        27/06/2003                  0.60           99.8181         4.7380
        25/07/2003                 35.00           99.4279         4.9867
        22/08/2003                  5.10           99.0596         4.9365
        15/05/2004                  5.00           95.6379         4.9265
        15/05/2004                  6.00           95.6717         4.8866
        28/05/2004                 25.00           95.6524         4.7270
        28/05/2004                  8.42           95.4598         4.9464
        11/06/2004                 25.00           95.2900         4.9428
        11/06/2004                 50.00           95.2950         4.9373
        11/06/2004                 17.06           95.2800         4.9538
        11/06/2004                 50.00           95.2950         4.9373
        11/06/2004                 50.00           95.2505         4.9863
        11/06/2004                 25.00           95.3100         4.9208
        11/06/2004                 50.00           95.2950         4.9373
        11/06/2004                  8.53           95.2800         4.9538
        11/06/2004                  8.53           95.2800         4.9538
        11/06/2004                 10.00           95.2867         4.9464
        11/06/2004                 25.00           95.2867         4.9464
        11/06/2004                 50.00           95.2900         4.9428
     Total                        460.64
II.  REPO Transactions *
    (Other than with RBI)
---------------------------------------------------------------------------
 Loan  Nomenclature                Amount      Price *   Repo Rate   Repo
 Code                            (Face Value) Per Rs.100   (%pa)    Period
                                 (in Rs.Crore) Nominal              (Days)
           (1)                      (2)          (3)        (4)      (5)
---------------------------------------------------------------------------
A. Government of India Dated Securities
 94003  12.50 %  2004              10.00      105.53        4.60       3
 94003  12.50 %  2004              93.00      105.60        5.00       3
 94003  12.50 %  2004              93.00      105.60        5.00       3
 94003  12.50 %  2004              83.00      105.60        4.85       3
 94003  12.50 %  2004              23.00      105.60        4.75       3
 94003  12.50 %  2004               9.00      105.60        4.70       3
 97010  11.19 %  2005              21.50      112.20        5.00       3
 97010  11.19 %  2005              22.00      112.25        4.75       3
 97010  11.19 %  2005              87.00      112.25        5.00       3
 97010  11.19 %  2005              87.00      112.25        5.10       3
 97010  11.19 %  2005              50.00      112.20        5.00       3
 86007  11.50 %  2006              50.00      117.00        5.05       3
 00016  11.40 %  2008              10.00      127.10        4.60       3
 00016  11.40 %  2008              35.00      127.20        4.60       3
 00016  11.40 %  2008              95.00      127.12        4.90       3
 00016  11.40 %  2008              20.00      127.12        4.90       3
 00016  11.40 %  2008             190.00      127.20        5.05       3
 99006  11.99 %  2009              60.00      132.00        5.00       3
 99006  11.99 %  2009              13.00      132.00        5.00       3
 99006  11.99 %  2009              38.00      132.20        4.50       3
 01013   5.16 %  2009              50.00      100.00        4.80       3 01013   5.16 %  2009             100.00      100.00        5.00       3
 01013   5.16 %  2009              50.00      100.00        4.85       3
 01013   5.16 %  2009             250.00      100.00        5.05       3
 02010   7.55 %  2010              45.00      111.33        5.05       1
 02010   7.55 %  2010              67.00      111.18        4.80       1
 00014  11.30 %  2010              19.00      132.40        4.75       3
 00010  10.95 %  2011              75.00      132.30        4.85       1
 00010  10.95 %  2011              38.00      132.30        4.85       3
 02009   7.40 %  2012              89.00      111.47        5.00       1
 02009   7.40 %  2012              19.00      111.42        4.75       3
 02009   7.40 %  2012              31.00      111.42        4.75       1
 02013   6.72 %  2012              93.00      105.20        5.00       1
 02013   6.72 %  2012              19.00      105.20        4.90       3
 02013   6.72 %  2012              24.00      105.20        4.90       3
 02013   6.72 %  2012              19.00      105.20        5.10       1
 02013   6.72 %  2012              24.00      105.20        4.90       3
 02013   6.72 %  2012              15.00      105.20        4.95       3
 02017   7.27 %  2013              10.00      111.70        2.50       1
 02017   7.27 %  2013              13.00      111.75        2.00       1
 01001  10.47 %  2015              12.00      136.00        5.50       3
 01011   9.85 %  2015              50.00      134.20        5.00       3
 03013   6.30 %  2023              16.50      102.75        4.25       3
 03013   6.30 %  2023              11.30      102.80        4.40       3
     Total                       2229.30
B. State Government Securities
                                           NIL
C. Treasury Bills
   (i) 14 Day Bills (Maturity-wise)
      (DD/MM/YYYY)
                                           NIL
   (ii) 91 Day Bills (Maturity-wise)
      (DD/MM/YYYY)
        25/07/2003                 50.00       99.4415      4.85       3
        29/08/2003                 25.00       98.9975      5.00       3
     Total                         75.00
   (iii) 182 Day Bills (Maturity-wise)
      (DD/MM/YYYY)
                                           NIL
   (iv) 364 Day Bills (Maturity-wise)
       (DD/MM/YYYY)
        27/06/2003                 30.00       99.8105      5.10       1
        08/08/2003                 25.00       99.2463      4.75       1
        08/08/2003                 25.00       99.2463      4.75       1
        08/08/2003                 25.00       99.2463      4.75       1
        08/08/2003                 25.00       99.2463      4.75       1
        03/10/2003                 50.00       98.5022      5.00       3
        28/11/2003                 32.25       97.9708      2.75       1
        23/01/2004                 25.00       97.0691      5.00       1
        23/01/2004                 25.00       97.0691      5.00       1
        23/01/2004                 25.00       97.0691      5.00       1
        23/01/2004                 25.00       97.0691      5.00       1
        23/01/2004                 30.00       97.0358      5.00       3
        20/02/2004                 20.00       96.6954      3.00       3
        20/02/2004                 20.00       96.6954      3.00       3
        05/03/2004                 50.00       96.4970      5.00       3
        19/03/2004                 50.00       96.3188      5.00       1
        28/05/2004                 50.00       95.4248      4.70       1        28/05/2004                 15.00       95.4248      4.80       3
        28/05/2004                 25.00       95.4248      4.80       3
        28/05/2004                 30.00       95.5998      4.80       3
        28/05/2004                 15.00       95.5998      4.00       3
     Total                        617.25
----------------------------------------------------------------------------
* Relate to the first leg of Repos
# YTM(indicative) will depend upon assumed rate of inflation
Date :  13 June 2003