Subsidiary General Ledger Account Transactions
in Government Dated Securities and Treasury Bills
at RBI, Mumbai on 27 September 2003
---------------------------------------------------------------------------
 Loan  Nomenclature              Amount           Price *        YTM %
 Code                            (Face Value)     Per Rs.100   Indicative
                                 (in Rs.Crore)    nominal
---------------------------------------------------------------------------
I.  Outright Transactions
A.Government of India Dated Securities
          Contract Date : September 26, 2003
 97010  11.19 %  2005              15.00          111.58           4.6704
 97010  11.19 %  2005              10.00          111.58           4.6704
 99008  11.68 %  2006               5.00          116.49           4.7107
 00013  11.00 %  2006               0.063         116.55           4.6993
 98009  11.90 %  2007               5.00          123.65           4.7947
 98007  12.00 %  2008               5.00          128.90           4.9031
 00016  11.40 %  2008              10.00          128.57           4.8188
 00016  11.40 %  2008               5.00          128.56           4.8208
 00016  11.40 %  2008              10.00          128.540          4.8248
 89009  11.50 %  2009               5.00          129.90           5.2920
 03002   5.87 %  2010              15.00          104.20           5.0774
 03002   5.87 %  2010               5.00          104.20           5.0774
 03005   6.00 %  2010               5.00          104.12           5.2224
 99004  12.29 %  2010               5.00          137.57           5.2458
 03007   6.20 %  2010               5.00          105.38           5.1934
 03007   6.20 %  2010               5.00          105.39           5.1916
 03007   6.20 %  2010               5.00          105.38           5.1934
 02010   7.55 %  2010               5.00          113.98           5.0425
 02010   7.55 %  2010               5.00          113.96           5.0458
 02010   7.55 %  2010               5.00          114.00           5.0392
 90010  11.50 %  2010               5.00          134.05           5.3823
 00014  11.30 %  2010               5.00          135.49           5.0877
 00014  11.30 %  2010               5.00          135.50           5.0863
 82013   8.75 %  2010               5.00          120.40           5.3071
 00010  10.95 %  2011               5.00          136.00           5.2005
 00010  10.95 %  2011              25.00          135.95           5.2070
 00010  10.95 %  2011               5.00          135.97           5.2044
 00010  10.95 %  2011               5.00          135.95           5.2070
 01007   9.39 %  2011               5.00          126.73           5.1659
 01007   9.39 %  2011              10.00          126.74           5.1645
 01007   9.39 %  2011              10.00          126.74           5.1645
 01007   9.39 %  2011              10.00          126.72           5.1672
 01007   9.39 %  2011               5.00          126.65           5.1768
 01007   9.39 %  2011              10.00          126.68           5.1727
 02009   7.40 %  2012               5.00          115.03           5.2089
 02009   7.40 %  2012               5.00          115.03           5.2089
 02009   7.40 %  2012               5.00          115.00           5.2129
 02009   7.40 %  2012              10.00          115.00           5.2129
 02009   7.40 %  2012               5.00          115.00           5.2129
 02009   7.40 %  2012               5.00          115.00           5.2129
 02009   7.40 %  2012               5.00          114.98           5.2156 02009   7.40 %  2012               5.00          114.98           5.2156
 02009   7.40 %  2012               5.00          115.00           5.2129
 02009   7.40 %  2012               5.00          114.99           5.2142
 02009   7.40 %  2012               5.00          114.98           5.2156
 02009   7.40 %  2012               5.00          115.00           5.2129
 02009   7.40 %  2012               5.00          115.00           5.2129
 02009   7.40 %  2012               5.00          115.00           5.2129
 02009   7.40 %  2012               5.00          114.99           5.2142
 02009   7.40 %  2012               6.00          115.00           5.2129
 01009   9.40 %  2012               5.00          129.10           5.2804
 01009   9.40 %  2012               1.00          129.050          5.2864
 01009   9.40 %  2012               5.00          129.10           5.2804
 01009   9.40 %  2012               5.00          129.110          5.2792
 01009   9.40 %  2012               5.00          129.115          5.2786
 01009   9.40 %  2012               5.00          129.110          5.2792
 01009   9.40 %  2012               5.00          129.10           5.2804
 01005   9.81 %  2013               5.00          134.02           5.2744
 01005   9.81 %  2013               5.00          134.03           5.2733
 01005   9.81 %  2013              10.00          134.05           5.2711
 01005   9.81 %  2013               5.00          134.05           5.2711
 01005   9.81 %  2013               5.00          134.05           5.2711
 02017   7.27 %  2013               5.00          115.45           5.2535
 02017   7.27 %  2013               5.00          115.46           5.2523
 02017   7.27 %  2013               5.00          115.37           5.2631
 02017   7.27 %  2013               5.00          115.46           5.2523
 02017   7.27 %  2013               5.00          115.40           5.2595
 02017   7.27 %  2013               5.00          115.46           5.2523
 02017   7.27 %  2013               5.00          115.37           5.2631
 02017   7.27 %  2013              10.00          115.37           5.2631
 02017   7.27 %  2013               5.00          115.40           5.2595
 02017   7.27 %  2013               5.00          115.38           5.2619
 02017   7.27 %  2013               5.00          115.40           5.2595
 02017   7.27 %  2013               5.00          115.40           5.2595
 02017   7.27 %  2013               5.00          115.40           5.2595
 02017   7.27 %  2013               5.00          115.40           5.2595
 02008   7.37 %  2014               5.00          116.315          5.3286
 02008   7.37 %  2014               5.00          116.30           5.3303
 02008   7.37 %  2014               5.00          116.32           5.3280
 02008   7.37 %  2014               5.00          116.28           5.3326
 02008   7.37 %  2014               5.00          116.28           5.3326
 02008   7.37 %  2014              10.00          116.28           5.3326
 02008   7.37 %  2014               5.00          116.31           5.3291
 02008   7.37 %  2014              10.00          116.29           5.3314
 02008   7.37 %  2014              10.00          116.31           5.3291
 02008   7.37 %  2014              10.00          116.28           5.3326
 01001  10.47 %  2015               5.00          140.46           5.6096
 02018   7.38 %  2015               5.00          117.02           5.4238
 02018   7.38 %  2015               5.00          117.02           5.4238
 02018   7.38 %  2015               5.00          117.00           5.4259
 01011   9.85 %  2015               5.00          138.65           5.4368
 01011   9.85 %  2015               5.00          138.64           5.4377
 01011   9.85 %  2015               5.00          138.60           5.4414
 01011   9.85 %  2015               5.00          138.60           5.4414
 01011   9.85 %  2015               5.00          138.62           5.4395
 01011   9.85 %  2015               5.00          138.62           5.4395
 01003  10.71 %  2016               5.00          144.95           5.6611
 02001   8.07 %  2017               5.00          123.08           5.5867 02001   8.07 %  2017               5.00          123.03           5.5914
 02001   8.07 %  2017               5.00          123.05           5.5895
 02001   8.07 %  2017               5.00          123.02           5.5923
 02001   8.07 %  2017               5.00          123.05           5.5895
 02001   8.07 %  2017               5.00          123.07           5.5876
 02001   8.07 %  2017               5.00          123.07           5.5876
 02001   8.07 %  2017               5.00          123.05           5.5895
 02001   8.07 %  2017               5.00          123.00           5.5942
 02001   8.07 %  2017               5.00          123.07           5.5876
 02001   8.07 %  2017               5.00          123.06           5.5886
 02001   8.07 %  2017               5.00          123.07           5.5876
 02001   8.07 %  2017               5.00          123.12           5.5830
 02001   8.07 %  2017               5.00          123.02           5.5923
 02007   7.49 %  2017               5.00          117.61           5.6164
 02007   7.49 %  2017               5.00          117.61           5.6164
 02007   7.49 %  2017              10.00          117.62           5.6154
 02007   7.49 %  2017              10.00          117.62           5.6154
 02007   7.49 %  2017              25.00          117.55           5.6221
 02007   7.49 %  2017               5.00          117.53           5.6240
 02007   7.49 %  2017               5.00          117.56           5.6211
 02007   7.49 %  2017              25.00          117.55           5.6221
 02007   7.49 %  2017               5.00          117.54           5.6231
 02007   7.49 %  2017               5.00          117.54           5.6231
 02014   7.46 %  2017               5.00          117.82           5.5993
 02014   7.46 %  2017               5.00          117.80           5.6012
 02014   7.46 %  2017               5.00          117.82           5.5993
 02014   7.46 %  2017               5.00          117.81           5.6002
 02014   7.46 %  2017               5.00          117.78           5.6030
 02014   7.46 %  2017               5.00          117.75           5.6058
 02014   7.46 %  2017               5.00          117.78           5.6030
 02014   7.46 %  2017               5.00          117.76           5.6049
 02014   7.46 %  2017               5.00          117.75           5.6058
 02014   7.46 %  2017               5.00          117.76           5.6049
 02014   7.46 %  2017               5.00          117.76           5.6049
 02014   7.46 %  2017               5.00          117.75           5.6058
 02014   7.46 %  2017               5.00          117.75           5.6058
 02014   7.46 %  2017              10.00          117.76           5.6049
 02014   7.46 %  2017               5.00          117.77           5.6040
 02014   7.46 %  2017               5.00          117.80           5.6012
 02014   7.46 %  2017              10.00          117.72           5.6087
 02014   7.46 %  2017               5.00          117.77           5.6040
 03003   6.25 %  2018               5.00          105.73           5.6582
 03003   6.25 %  2018               5.00          105.72           5.6592
 03003   6.25 %  2018               5.00          105.715          5.6597
 03003   6.25 %  2018              10.00          105.67           5.6642
 03003   6.25 %  2018               5.00          105.67           5.6642
 03003   6.25 %  2018               0.50          105.74           5.6572
 03003   6.25 %  2018              10.00          105.65           5.6662
 03017   6.05 %  2019               5.00          103.45           5.7134
 03017   6.05 %  2019              25.00          103.45           5.7134
 03017   6.05 %  2019               5.00          103.44           5.7143
 03017   6.05 %  2019               5.00          103.43           5.7153
 03017   6.05 %  2019              10.00          103.42           5.7162
 03017   6.05 %  2019              10.00          103.42           5.7162
 03017   6.05 %  2019               5.00          103.34           5.7238
 03017   6.05 %  2019              20.00          103.35           5.7229
 03017   6.05 %  2019               5.00          103.35           5.7229 03017   6.05 %  2019               5.00          103.32           5.7257
 03017   6.05 %  2019               5.00          103.38           5.7200
 03017   6.05 %  2019               5.00          103.38           5.7200
 03017   6.05 %  2019              15.00          103.37           5.7210
 03017   6.05 %  2019               5.00          103.40           5.7181
 03017   6.05 %  2019               5.00          103.32           5.7257
 03017   6.05 %  2019               5.00          103.32           5.7257
 03017   6.05 %  2019               5.00          103.32           5.7257
 03017   6.05 %  2019               5.00          103.38           5.7200
 03017   6.05 %  2019               5.00          103.38           5.7200
 03017   6.05 %  2019              10.00          103.38           5.7200
 03017   6.05 %  2019               5.00          103.38           5.7200
 03017   6.05 %  2019              25.00          103.38           5.7200
 03017   6.05 %  2019               1.00          103.44           5.7143
 03017   6.05 %  2019               0.50          103.38           5.7200
 03017   6.05 %  2019               5.00          103.40           5.7181
 03004   6.35 %  2020               5.00          106.15           5.7614
 03004   6.35 %  2020               5.00          106.13           5.7632
 03004   6.35 %  2020              15.00          106.17           5.7595
 03004   6.35 %  2020              10.00          106.17           5.7595
 03004   6.35 %  2020               5.00          106.13           5.7632
 03004   6.35 %  2020               1.93          106.07           5.7687
 03004   6.35 %  2020               5.00          106.12           5.7641
 03004   6.35 %  2020               5.00          106.05           5.7706
 03004   6.35 %  2020               5.00          106.14           5.7623
 03004   6.35 %  2020              10.00          106.05           5.7706
 03004   6.35 %  2020               5.00          106.05           5.7706
 03004   6.35 %  2020               5.00          106.14           5.7623
 03004   6.35 %  2020               5.00          106.08           5.7678
 03004   6.35 %  2020              10.00          106.14           5.7623
 03004   6.35 %  2020               5.00          106.05           5.7706
 03004   6.35 %  2020               5.00          106.05           5.7706
 03004   6.35 %  2020               5.00          106.05           5.7706
 03004   6.35 %  2020               5.00          106.05           5.7706
 03004   6.35 %  2020               5.00          106.08           5.7678
 03004   6.35 %  2020               5.00          106.08           5.7678
 03004   6.35 %  2020               5.00          106.05           5.7706
 03004   6.35 %  2020               5.00          106.14           5.7623
 03004   6.35 %  2020               5.00          106.05           5.7706
 03004   6.35 %  2020               5.00          106.07           5.7687
 03004   6.35 %  2020               5.00          106.12           5.7641
 03004   6.35 %  2020               5.00          106.10           5.7660
 00008  10.70 %  2020               1.00          148.25           6.0483
 02011   8.35 %  2022               5.00          127.00           5.9346
 02011   8.35 %  2022              20.00          126.78           5.9512
 02011   8.35 %  2022              10.00          126.78           5.9512
 02011   8.35 %  2022              25.00          126.80           5.9497
 02011   8.35 %  2022              10.00          126.83           5.9475
 02011   8.35 %  2022               5.00          126.80           5.9497
 03013   6.30 %  2023               5.00          104.005          5.9503
 03013   6.30 %  2023               5.00          103.90           5.9592
 03013   6.30 %  2023               5.00          103.92           5.9575
 03013   6.30 %  2023               0.75          103.98           5.9524
 03018   6.17 %  2023               5.00          102.81           5.9255
 03018   6.17 %  2023               2.00          102.70           5.9349
 03020   6.01 %  2028               5.00          100.15           5.9982
 03020   6.01 %  2028               5.00          100.12           6.0006          Contract Date : September 27, 2003
 00011  10.20 %  2005               0.12          109.40           4.6621
 00011  10.20 %  2005               0.006         109.40           4.6621
 99008  11.68 %  2006              10.00          116.48           4.7082
 96015  13.85 %  2006               0.16          124.55           4.7279
 98009  11.90 %  2007               5.00          123.62           4.7983
 98007  12.00 %  2008              25.00          128.94           4.8915
 98007  12.00 %  2008              10.00          128.950          4.8894
 98007  12.00 %  2008               5.00          128.950          4.8894
 00016  11.40 %  2008              10.00          128.53           4.8239
 99006  11.99 %  2009               5.00          133.69           4.9484
 99006  11.99 %  2009               5.00          133.69           4.9484
 99006  11.99 %  2009              25.00          133.68           4.9501
 99006  11.99 %  2009               5.00          133.68           4.9501
 79002   7.00 %  2009               5.00          109.41           5.0653
 03005   6.00 %  2010               5.00          104.10           5.2258
 03005   6.00 %  2010               5.00          104.04           5.2368
 03007   6.20 %  2010               5.00          105.38           5.1930
 03007   6.20 %  2010              10.00          105.36           5.1966
 03007   6.20 %  2010               5.00          105.35           5.1984
 03007   6.20 %  2010              10.00          105.33           5.2020
 03007   6.20 %  2010               5.00          105.32           5.2039
 03007   6.20 %  2010               5.00          105.32           5.2039
 03007   6.20 %  2010               5.00          105.36           5.1966
 03007   6.20 %  2010              25.00          105.34           5.2002
 02010   7.55 %  2010               5.00          113.98           5.0417
 02010   7.55 %  2010               5.00          113.93           5.0500
 02010   7.55 %  2010              10.00          113.94           5.0483
 02010   7.55 %  2010               5.00          113.97           5.0434
 81005   8.00 %  2011               0.50          116.85           5.2742
 00010  10.95 %  2011               5.00          135.93           5.2083
 00010  10.95 %  2011              10.00          135.93           5.2083
 00010  10.95 %  2011               5.00          135.94           5.2070
 00010  10.95 %  2011              10.00          135.93           5.2083
 00010  10.95 %  2011               5.00          135.93           5.2083
 00010  10.95 %  2011               5.00          135.93           5.2083
 00010  10.95 %  2011               5.00          135.93           5.2083
 00010  10.95 %  2011               5.00          135.95           5.2056
 00010  10.95 %  2011              25.00          135.95           5.2056
 00010  10.95 %  2011               5.00          135.93           5.2083
 01007   9.39 %  2011               5.00          126.64           5.1771
 01007   9.39 %  2011               5.00          126.63           5.1784
 01007   9.39 %  2011              10.00          126.70           5.1689
 01007   9.39 %  2011               5.00          126.65           5.1757
 01007   9.39 %  2011               5.00          126.66           5.1743
 01007   9.39 %  2011               5.00          126.65           5.1757
 01007   9.39 %  2011               5.00          126.66           5.1743
 01007   9.39 %  2011               5.00          126.66           5.1743
 01007   9.39 %  2011               5.00          126.66           5.1743
 02006   6.85 %  2012               1.00          110.98           5.2360
 02006   6.85 %  2012              10.00          111.00           5.2333
 02006   6.85 %  2012              10.00          111.00           5.2333
 02006   6.85 %  2012               5.00          110.97           5.2374
 02006   6.85 %  2012               5.00          110.975          5.2367
 02006   6.85 %  2012               5.00          110.975          5.2367
 02006   6.85 %  2012              10.00          110.97           5.2374
 02006   6.85 %  2012               5.00          111.00           5.2333 02006   6.85 %  2012              10.00          110.98           5.2360
 02006   6.85 %  2012               5.00          110.97           5.2374
 02006   6.85 %  2012               5.00          110.98           5.2360
 02006   6.85 %  2012              10.00          111.00           5.2333
 02006   6.85 %  2012               5.00          110.975          5.2367
 02006   6.85 %  2012               5.00          111.00           5.2333
 02006   6.85 %  2012               5.00          111.00           5.2333
 02006   6.85 %  2012              25.00          110.95           5.2402
 02006   6.85 %  2012               5.00          110.975          5.2367
 02006   6.85 %  2012               5.00          110.99           5.2347
 02009   7.40 %  2012               0.30          114.95           5.2191
 02009   7.40 %  2012               5.00          114.99           5.2137
 02009   7.40 %  2012               5.00          114.99           5.2137
 02009   7.40 %  2012               5.00          114.97           5.2164
 02009   7.40 %  2012               5.00          115.00           5.2124
 02009   7.40 %  2012               5.00          114.97           5.2164
 02009   7.40 %  2012               5.00          114.98           5.2151
 02009   7.40 %  2012               5.00          114.97           5.2164
 02009   7.40 %  2012               5.00          114.95           5.2191
 02009   7.40 %  2012               5.00          114.96           5.2177
 02009   7.40 %  2012               5.00          114.97           5.2164
 02009   7.40 %  2012               5.00          114.98           5.2151
 02009   7.40 %  2012               5.00          114.97           5.2164
 02009   7.40 %  2012               5.00          114.98           5.2151
 02009   7.40 %  2012               5.00          114.97           5.2164
 02009   7.40 %  2012               5.00          114.98           5.2151
 02009   7.40 %  2012               5.00          114.97           5.2164
 02009   7.40 %  2012               5.00          114.96           5.2177
 02009   7.40 %  2012               5.00          114.97           5.2164
 02009   7.40 %  2012               5.00          114.95           5.2191
 02009   7.40 %  2012              10.00          114.98           5.2151
 02009   7.40 %  2012               5.00          114.97           5.2164
 02009   7.40 %  2012              10.00          114.99           5.2137
 02009   7.40 %  2012               5.00          115.01           5.2111
 02009   7.40 %  2012               5.00          115.05           5.2057
 02009   7.40 %  2012               5.00          115.05           5.2057
 02009   7.40 %  2012               5.00          114.99           5.2137
 02009   7.40 %  2012               5.00          115.02           5.2097
 02009   7.40 %  2012               5.00          115.06           5.2044
 02009   7.40 %  2012              10.00          115.07           5.2030
 02009   7.40 %  2012               5.00          115.06           5.2044
 02009   7.40 %  2012               5.00          115.02           5.2097
 02009   7.40 %  2012               0.065         114.85           5.2325
 02009   7.40 %  2012               1.00          115.01           5.2111
 00012  11.03 %  2012               5.00          140.06           5.2813
 00012  11.03 %  2012               5.00          140.06           5.2813
 00012  11.03 %  2012               5.00          140.07           5.2801
 00012  11.03 %  2012               5.00          140.06           5.2813
 00012  11.03 %  2012               5.00          140.13           5.2732
 01009   9.40 %  2012               5.00          129.10           5.2795
 01009   9.40 %  2012               5.00          129.10           5.2795
 01009   9.40 %  2012              10.00          129.10           5.2795
 01009   9.40 %  2012               5.00          129.10           5.2795
 01009   9.40 %  2012               5.00          129.10           5.2795
 01009   9.40 %  2012               5.00          129.10           5.2795
 01009   9.40 %  2012              10.00          129.09           5.2807
 01009   9.40 %  2012               5.00          129.07           5.2831 01009   9.40 %  2012               5.00          129.09           5.2807
 01009   9.40 %  2012               5.00          129.10           5.2795
 01009   9.40 %  2012               5.00          129.10           5.2795
 01009   9.40 %  2012               5.00          129.110          5.2783
 01009   9.40 %  2012               5.00          129.10           5.2795
 01009   9.40 %  2012               5.00          129.10           5.2795
 01009   9.40 %  2012               5.00          129.10           5.2795
 01009   9.40 %  2012              25.00          129.10           5.2795
 01009   9.40 %  2012               5.00          129.15           5.2735
 01005   9.81 %  2013               5.00          134.01           5.2747
 01005   9.81 %  2013              10.00          134.01           5.2747
 01005   9.81 %  2013               5.00          134.00           5.2758
 01005   9.81 %  2013               5.00          134.01           5.2747
 01005   9.81 %  2013               0.50          134.01           5.2747
 01005   9.81 %  2013               5.00          134.06           5.2692
 01005   9.81 %  2013               5.00          134.02           5.2736
 02017   7.27 %  2013               5.00          115.35           5.2650
 02017   7.27 %  2013               5.00          115.37           5.2626
 02017   7.27 %  2013               5.00          115.33           5.2674
 02017   7.27 %  2013              10.00          115.35           5.2650
 02017   7.27 %  2013              15.00          115.35           5.2650
 02017   7.27 %  2013               5.00          115.33           5.2674
 02017   7.27 %  2013               5.00          115.36           5.2638
 02017   7.27 %  2013               5.00          115.35           5.2650
 02017   7.27 %  2013               5.00          115.325          5.2680
 02017   7.27 %  2013               5.00          115.35           5.2650
 02017   7.27 %  2013               5.00          115.33           5.2674
 02017   7.27 %  2013               5.00          115.36           5.2638
 02017   7.27 %  2013               5.00          115.33           5.2674
 02017   7.27 %  2013               5.00          115.34           5.2662
 02017   7.27 %  2013               5.00          115.325          5.2680
 02017   7.27 %  2013              25.00          115.37           5.2626
 02017   7.27 %  2013               5.00          115.30           5.2710
 02017   7.27 %  2013               5.00          115.31           5.2698
 03009   6.72 %  2014               5.00          110.95           5.3345
 03009   6.72 %  2014              10.00          111.01           5.3274
 03009   6.72 %  2014               5.00          111.02           5.3263
 03009   6.72 %  2014              10.00          111.05           5.3227
 03009   6.72 %  2014               5.00          111.06           5.3215
 02008   7.37 %  2014               5.00          116.25           5.3356
 02008   7.37 %  2014               5.00          116.25           5.3356
 02008   7.37 %  2014              15.00          116.25           5.3356
 02008   7.37 %  2014               5.00          116.25           5.3356
 02008   7.37 %  2014               5.00          116.26           5.3345
 02008   7.37 %  2014               5.00          116.30           5.3299
 02008   7.37 %  2014               5.00          116.25           5.3356
 02008   7.37 %  2014              10.00          116.30           5.3299
 02008   7.37 %  2014               5.00          116.24           5.3368
 02008   7.37 %  2014               5.00          116.24           5.3368
 02008   7.37 %  2014              10.00          116.28           5.3322
 02008   7.37 %  2014               5.00          116.25           5.3356
 02008   7.37 %  2014               5.00          116.245          5.3362
 02008   7.37 %  2014               5.00          116.24           5.3368
 02008   7.37 %  2014               0.02          116.13           5.3493
 02008   7.37 %  2014               2.9381        116.25           5.3356
 01001  10.47 %  2015               5.00          140.39           5.6156
 00009  10.79 %  2015               0.014         139.72           5.9990 02018   7.38 %  2015               5.00          116.96           5.4297
 02018   7.38 %  2015               5.00          116.99           5.4266
 01011   9.85 %  2015               5.00          138.60           5.4408
 01011   9.85 %  2015               5.00          138.59           5.4417
 01011   9.85 %  2015               5.00          138.58           5.4426
 01011   9.85 %  2015               5.00          138.60           5.4408
 01011   9.85 %  2015               5.00          138.58           5.4426
 01011   9.85 %  2015              10.00          138.58           5.4426
 01011   9.85 %  2015               5.00          138.57           5.4436
 01011   9.85 %  2015               5.00          138.58           5.4426
 01011   9.85 %  2015               5.00          138.655          5.4358
 01011   9.85 %  2015               5.00          138.65           5.4362
 01003  10.71 %  2016               5.00          144.92           5.6631
 01003  10.71 %  2016               5.00          144.92           5.6631
 01003  10.71 %  2016               5.00          144.91           5.6640
 02001   8.07 %  2017               0.38          123.12           5.5826
 02001   8.07 %  2017               2.00          123.10           5.5845
 02001   8.07 %  2017               5.00          123.00           5.5939
 02001   8.07 %  2017               5.00          123.15           5.5798
 02001   8.07 %  2017               5.00          123.09           5.5855
 02001   8.07 %  2017               4.00          123.04           5.5901
 02001   8.07 %  2017               5.00          123.06           5.5883
 02001   8.07 %  2017               5.00          123.05           5.5892
 02001   8.07 %  2017               5.00          123.05           5.5892
 02001   8.07 %  2017               5.00          123.05           5.5892
 02001   8.07 %  2017               5.00          123.08           5.5864
 02001   8.07 %  2017               5.00          123.03           5.5911
 02001   8.07 %  2017               5.00          123.02           5.5920
 02001   8.07 %  2017              10.00          123.05           5.5892
 02001   8.07 %  2017               5.00          123.08           5.5864
 02001   8.07 %  2017               5.00          123.04           5.5901
 02001   8.07 %  2017               5.00          123.04           5.5901
 02001   8.07 %  2017               5.00          123.08           5.5864
 02001   8.07 %  2017               5.00          123.05           5.5892
 02001   8.07 %  2017               5.00          123.02           5.5920
 02001   8.07 %  2017              25.00          123.08           5.5864
 02001   8.07 %  2017               5.00          123.05           5.5892
 02001   8.07 %  2017               5.00          123.03           5.5911
 02001   8.07 %  2017               5.00          123.05           5.5892
 02001   8.07 %  2017              10.00          123.05           5.5892
 02001   8.07 %  2017               0.035         122.98           5.5958
 02001   8.07 %  2017               5.00          123.04           5.5901
 02001   8.07 %  2017               5.00          123.04           5.5901
 02001   8.07 %  2017               5.00          123.05           5.5892
 02001   8.07 %  2017               5.00          123.02           5.5920
 02001   8.07 %  2017               5.00          123.02           5.5920
 02001   8.07 %  2017               5.00          123.05           5.5892
 02001   8.07 %  2017               5.00          123.05           5.5892
 02001   8.07 %  2017               5.00          123.02           5.5920
 02001   8.07 %  2017              25.00          123.10           5.5845
 02001   8.07 %  2017              10.00          123.10           5.5845
 02001   8.07 %  2017               5.00          123.115          5.5831
 02001   8.07 %  2017               5.00          123.13           5.5817
 02001   8.07 %  2017               5.00          123.05           5.5892
 02001   8.07 %  2017               5.00          123.01           5.5930
 02001   8.07 %  2017               5.00          123.14           5.5808
 02001   8.07 %  2017               5.00          123.14           5.5808 02001   8.07 %  2017               5.00          123.11           5.5836
 02007   7.49 %  2017              10.00          117.56           5.6209
 02007   7.49 %  2017               5.00          117.51           5.6257
 02007   7.49 %  2017              10.00          117.55           5.6219
 02007   7.49 %  2017               5.00          117.56           5.6209
 02007   7.49 %  2017               5.00          117.51           5.6257
 02007   7.49 %  2017               1.00          117.65           5.6123
 02007   7.49 %  2017              10.00          117.50           5.6267
 02007   7.49 %  2017               5.00          117.50           5.6267
 02007   7.49 %  2017               5.00          117.50           5.6267
 02007   7.49 %  2017               5.00          117.50           5.6267
 02007   7.49 %  2017               0.25          117.53           5.6238
 02007   7.49 %  2017               5.00          117.53           5.6238
 02007   7.49 %  2017               5.00          117.51           5.6257
 02007   7.49 %  2017               0.20          117.45           5.6315
 02007   7.49 %  2017              10.00          117.58           5.6190
 02014   7.46 %  2017              10.00          117.77           5.6037
 02014   7.46 %  2017               5.00          117.77           5.6037
 02014   7.46 %  2017               5.00          117.73           5.6075
 02014   7.46 %  2017               5.00          117.76           5.6047
 02014   7.46 %  2017               5.00          117.73           5.6075
 02014   7.46 %  2017               5.00          117.74           5.6065
 02014   7.46 %  2017               5.00          117.75           5.6056
 02014   7.46 %  2017               5.00          117.72           5.6084
 02014   7.46 %  2017              10.00          117.72           5.6084
 02014   7.46 %  2017               5.00          117.72           5.6084
 02014   7.46 %  2017               5.00          117.72           5.6084
 02014   7.46 %  2017               5.00          117.73           5.6075
 02014   7.46 %  2017               5.00          117.70           5.6103
 02014   7.46 %  2017              10.00          117.70           5.6103
 02014   7.46 %  2017               5.00          117.74           5.6065
 02014   7.46 %  2017              10.00          117.72           5.6084
 02014   7.46 %  2017               5.00          117.71           5.6094
 02014   7.46 %  2017               5.00          117.73           5.6075
 02014   7.46 %  2017               5.00          117.73           5.6075
 02014   7.46 %  2017               5.00          117.74           5.6065
 02014   7.46 %  2017               5.00          117.74           5.6065
 02014   7.46 %  2017               5.00          117.725          5.6080
 02014   7.46 %  2017              10.00          117.73           5.6075
 02014   7.46 %  2017               5.00          117.73           5.6075
 02014   7.46 %  2017               5.00          117.71           5.6094
 02014   7.46 %  2017               5.00          117.73           5.6075
 02014   7.46 %  2017               5.00          117.70           5.6103
 02014   7.46 %  2017               0.50          117.69           5.6112
 02014   7.46 %  2017               5.00          117.72           5.6084
 02014   7.46 %  2017               5.00          117.72           5.6084
 02014   7.46 %  2017               5.00          117.72           5.6084
 02014   7.46 %  2017               5.00          117.72           5.6084
 02014   7.46 %  2017               5.00          117.72           5.6084
 02014   7.46 %  2017               5.00          117.73           5.6075
 02014   7.46 %  2017               5.00          117.72           5.6084
 02014   7.46 %  2017               5.00          117.72           5.6084
 02014   7.46 %  2017               2.50          117.74           5.6065
 02014   7.46 %  2017               5.00          117.75           5.6056
 02014   7.46 %  2017               1.00          117.75           5.6056
 02014   7.46 %  2017               0.50          117.75           5.6056
 02014   7.46 %  2017               2.00          117.79           5.6019 02014   7.46 %  2017               2.00          117.73           5.6075
 02014   7.46 %  2017               5.00          117.75           5.6056
 02014   7.46 %  2017               5.00          117.77           5.6037
 02014   7.46 %  2017               5.00          117.76           5.6047
 02014   7.46 %  2017               5.00          117.79           5.6019
 02014   7.46 %  2017               5.00          117.74           5.6065
 02014   7.46 %  2017               5.00          117.79           5.6019
 02014   7.46 %  2017               5.00          117.79           5.6019
 02014   7.46 %  2017               5.00          117.79           5.6019
 02014   7.46 %  2017               5.00          117.70           5.6103
 03003   6.25 %  2018               4.00          105.75           5.6561
 03003   6.25 %  2018               5.00          105.68           5.6631
 03003   6.25 %  2018               5.00          105.70           5.6611
 03003   6.25 %  2018               0.30          106.60           5.5721
 03003   6.25 %  2018               0.50          105.75           5.6561
 03003   6.25 %  2018               5.00          105.68           5.6631
 03003   6.25 %  2018               0.50          105.70           5.6611
 03003   6.25 %  2018               0.35          105.68           5.6631
 03003   6.25 %  2018              10.00          105.65           5.6661
 03003   6.25 %  2018              10.00          105.64           5.6671
 03003   6.25 %  2018               4.00          105.66           5.6651
 03003   6.25 %  2018               5.00          105.63           5.6681
 03003   6.25 %  2018               5.00          105.64           5.6671
 03003   6.25 %  2018               5.00          105.635          5.6676
 03003   6.25 %  2018               1.00          105.68           5.6631
 03003   6.25 %  2018               5.00          105.64           5.6671
 03003   6.25 %  2018              10.00          105.63           5.6681
 03003   6.25 %  2018               5.00          105.64           5.6671
 03003   6.25 %  2018               1.00          105.71           5.6601
 03003   6.25 %  2018               5.00          105.65           5.6661
 03003   6.25 %  2018               5.00          105.64           5.6671
 03003   6.25 %  2018               1.00          105.71           5.6601
 03003   6.25 %  2018               0.25          105.70           5.6611
 03003   6.25 %  2018               0.28          105.60           5.6711
 03003   6.25 %  2018               0.50          105.70           5.6611
 03017   6.05 %  2019               5.00          103.42           5.7162
 03017   6.05 %  2019               5.00          103.44           5.7143
 03017   6.05 %  2019               0.50          103.30           5.7276
 03017   6.05 %  2019              10.00          103.32           5.7257
 03017   6.05 %  2019               0.40          103.41           5.7171
 03017   6.05 %  2019               5.00          103.34           5.7238
 03017   6.05 %  2019              10.00          103.34           5.7238
 03017   6.05 %  2019               5.00          103.35           5.7229
 03017   6.05 %  2019               5.00          103.35           5.7229
 03017   6.05 %  2019               5.00          103.35           5.7229
 03017   6.05 %  2019               5.00          103.32           5.7257
 03017   6.05 %  2019               5.00          103.35           5.7229
 03017   6.05 %  2019               5.00          103.35           5.7229
 03017   6.05 %  2019               5.00          103.35           5.7229
 03017   6.05 %  2019               5.00          103.36           5.7219
 03017   6.05 %  2019               0.50          103.40           5.7181
 03017   6.05 %  2019               5.00          103.34           5.7238
 03017   6.05 %  2019              10.00          103.34           5.7238
 03017   6.05 %  2019              10.00          103.34           5.7238
 03017   6.05 %  2019               5.00          103.33           5.7248
 03017   6.05 %  2019               5.00          103.33           5.7248
 03017   6.05 %  2019               5.00          103.34           5.7238 03017   6.05 %  2019               5.00          103.33           5.7248
 03017   6.05 %  2019               0.50          103.42           5.7162
 03017   6.05 %  2019               5.00          103.35           5.7229
 03017   6.05 %  2019              10.00          103.35           5.7229
 03017   6.05 %  2019               5.00          103.34           5.7238
 03017   6.05 %  2019               5.00          103.355          5.7224
 03017   6.05 %  2019               5.00          103.32           5.7257
 03017   6.05 %  2019               0.50          103.41           5.7171
 03017   6.05 %  2019               1.25          103.41           5.7171
 03017   6.05 %  2019              10.00          103.35           5.7229
 03017   6.05 %  2019              10.00          103.36           5.7219
 03017   6.05 %  2019               5.00          103.35           5.7229
 03017   6.05 %  2019               5.00          103.36           5.7219
 03017   6.05 %  2019               0.50          103.40           5.7181
 03017   6.05 %  2019               0.25          103.32           5.7257
 03017   6.05 %  2019              10.00          103.365          5.7214
 03017   6.05 %  2019               5.00          103.36           5.7219
 03017   6.05 %  2019              10.00          103.34           5.7238
 03017   6.05 %  2019              10.00          103.36           5.7219
 03017   6.05 %  2019               5.00          103.34           5.7238
 03017   6.05 %  2019               5.00          103.38           5.7200
 03017   6.05 %  2019               5.00          103.32           5.7257
 03017   6.05 %  2019               1.00          103.35           5.7229
 03017   6.05 %  2019               5.00          103.34           5.7238
 03017   6.05 %  2019               5.00          103.38           5.7200
 03017   6.05 %  2019               5.00          103.34           5.7238
 03017   6.05 %  2019               5.00          103.35           5.7229
 03017   6.05 %  2019               5.00          103.38           5.7200
 03017   6.05 %  2019               0.50          103.34           5.7238
 03017   6.05 %  2019               5.00          103.36           5.7219
 03017   6.05 %  2019               0.50          103.36           5.7219
 03017   6.05 %  2019               5.00          103.41           5.7171
 03017   6.05 %  2019               5.00          103.40           5.7181
 03017   6.05 %  2019               5.00          103.40           5.7181
 03017   6.05 %  2019               0.25          103.30           5.7276
 03017   6.05 %  2019               5.00          103.36           5.7219
 03017   6.05 %  2019               5.00          103.32           5.7257
 03004   6.35 %  2020               1.00          106.14           5.7622
 03004   6.35 %  2020               0.40          106.08           5.7677
 03004   6.35 %  2020               5.00          106.07           5.7687
 03004   6.35 %  2020               5.00          106.10           5.7659
 03004   6.35 %  2020               5.00          106.00           5.7751
 03004   6.35 %  2020               0.50          106.16           5.7604
 03004   6.35 %  2020               5.00          106.00           5.7751
 03004   6.35 %  2020               0.50          106.14           5.7622
 03004   6.35 %  2020               5.00          106.07           5.7687
 03004   6.35 %  2020               5.00          106.01           5.7742
 03004   6.35 %  2020               5.00          106.07           5.7687
 03004   6.35 %  2020               5.00          106.07           5.7687
 03004   6.35 %  2020              10.00          106.01           5.7742
 03004   6.35 %  2020               1.50          106.15           5.7613
 03004   6.35 %  2020               5.00          106.08           5.7677
 03004   6.35 %  2020               1.00          106.10           5.7659
 03004   6.35 %  2020               0.02          106.09           5.7668
 03004   6.35 %  2020               0.50          106.09           5.7668
 03004   6.35 %  2020               1.00          106.09           5.7668
 03004   6.35 %  2020               1.00          106.09           5.7668 03004   6.35 %  2020               0.13          106.25           5.7521
 03004   6.35 %  2020               5.00          106.00           5.7751
 03004   6.35 %  2020               5.00          106.00           5.7751
 03004   6.35 %  2020               5.00          106.02           5.7733
 03004   6.35 %  2020               5.00          106.00           5.7751
 03004   6.35 %  2020               5.00          106.00           5.7751
 03004   6.35 %  2020               5.00          106.00           5.7751
 03004   6.35 %  2020               0.50          106.10           5.7659
 03004   6.35 %  2020               5.00          106.01           5.7742
 03004   6.35 %  2020               5.00          106.02           5.7733
 03004   6.35 %  2020               1.25          106.10           5.7659
 03004   6.35 %  2020               1.00          106.10           5.7659
 03004   6.35 %  2020               1.00          106.07           5.7687
 03004   6.35 %  2020               5.00          106.03           5.7723
 03004   6.35 %  2020               5.00          106.04           5.7714
 03004   6.35 %  2020              10.00          106.10           5.7659
 03004   6.35 %  2020               1.00          106.04           5.7714
 03004   6.35 %  2020               0.50          106.03           5.7723
 03004   6.35 %  2020               5.00          106.10           5.7659
 03004   6.35 %  2020              10.00          106.02           5.7733
 03004   6.35 %  2020               5.00          106.00           5.7751
 03004   6.35 %  2020               5.00          106.10           5.7659
 03004   6.35 %  2020               0.20          106.10           5.7659
 00018  11.60 %  2020               0.50          158.05           6.1076
 01006  10.25 %  2021               0.12          146.05           5.9896
 01006  10.25 %  2021               0.50          145.60           6.0213
 01006  10.25 %  2021               1.00          146.05           5.9896
 01006  10.25 %  2021               2.00          145.35           6.0390
 02011   8.35 %  2022               5.00          126.79           5.9503
 02011   8.35 %  2022              10.00          126.85           5.9458
 02011   8.35 %  2022               5.00          126.72           5.9556
 02011   8.35 %  2022               5.00          126.70           5.9571
 02011   8.35 %  2022               5.00          126.75           5.9534
 02011   8.35 %  2022               4.0212        126.75           5.9534
 03013   6.30 %  2023               0.245         103.98           5.9524
 03013   6.30 %  2023               5.00          103.94           5.9558
 03013   6.30 %  2023               0.25          103.98           5.9524
 03013   6.30 %  2023               1.00          103.98           5.9524
 03013   6.30 %  2023               1.50          103.99           5.9515
 03013   6.30 %  2023               0.50          104.00           5.9507
 03018   6.17 %  2023               0.50          102.85           5.9221
 03018   6.17 %  2023               1.00          102.85           5.9221
 03018   6.17 %  2023               5.00          102.715          5.9336
 03018   6.17 %  2023               1.00          102.82           5.9246
 03018   6.17 %  2023               5.00          102.79           5.9272
 03018   6.17 %  2023               0.50          102.79           5.9272
 03018   6.17 %  2023               0.10          102.90           5.9178
 03018   6.17 %  2023               1.00          102.75           5.9306
 03018   6.17 %  2023               0.50          102.70           5.9348
 03018   6.17 %  2023               5.00          102.75           5.9306
 03018   6.17 %  2023               5.00          102.73           5.9323
 03018   6.17 %  2023               1.00          102.76           5.9297
 03018   6.17 %  2023               0.50          102.75           5.9306
 03018   6.17 %  2023               1.00          102.72           5.9331
 03018   6.17 %  2023               1.47          102.55           5.9476
 03018   6.17 %  2023               1.00          102.73           5.9323
 03018   6.17 %  2023               0.10          102.80           5.9263 03018   6.17 %  2023               5.00          102.68           5.9365
 03018   6.17 %  2023               1.00          102.74           5.9314
 03018   6.17 %  2023               0.50          102.74           5.9314
 03018   6.17 %  2023               5.00          102.75           5.9306
 03018   6.17 %  2023               0.25          102.75           5.9306
 03018   6.17 %  2023               0.25          102.70           5.9348
 03018   6.17 %  2023               5.00          102.64           5.9400
 03018   6.17 %  2023               5.00          102.66           5.9383
 03018   6.17 %  2023               1.00          102.70           5.9348
 03018   6.17 %  2023              10.00          102.68           5.9365
 03018   6.17 %  2023               0.50          102.73           5.9323
 03018   6.17 %  2023               0.10          102.77           5.9289
 03018   6.17 %  2023               5.00          102.68           5.9365
 03018   6.17 %  2023               0.50          102.65           5.9391
 03018   6.17 %  2023               0.50          102.75           5.9306
 03018   6.17 %  2023               1.00          102.69           5.9357
 03018   6.17 %  2023               0.25          102.69           5.9357
 03018   6.17 %  2023               5.00          102.67           5.9374
 03020   6.01 %  2028               0.50          100.22           5.9927
 03020   6.01 %  2028               6.00          100.25           5.9904
 03020   6.01 %  2028               0.30          100.20           5.9943
 03020   6.01 %  2028               5.00          100.25           5.9904
 03020   6.01 %  2028               0.50          100.38           5.9802
 03020   6.01 %  2028               0.24          100.32           5.9849
 03020   6.01 %  2028               5.00          100.25           5.9904
 03020   6.01 %  2028               5.00          100.12           6.0005
 03020   6.01 %  2028               0.15          100.30           5.9865
 03020   6.01 %  2028               0.10          100.30           5.9865
 03015   6.13 %  2028               1.00          101.30           6.0273
 03015   6.13 %  2028               1.00          101.20           6.0351
 03015   6.13 %  2028               0.50          101.30           6.0273
 03015   6.13 %  2028               0.50          101.23           6.0327
 02015   7.95 %  2032               0.80          125.05           6.0959
     Total                       3799.8073
B. State Government Securities
          Contract Date : September 26, 2003
 03323 6.20% KARNATAKA SDL 2013     0.10          101.50          5.9947
          Contract Date : September 27, 2003
 03344 6.20% ANDHRA PRADESH SDL
       2015                         1.094         101.00          6.0800
     Total                          1.194
C. Treasury Bills
   (i) 14 Day Bills (Maturity-wise)
       (DD/MM/YYYY)
                                           NIL
   (ii) 91 Day Bills (Maturity-wise)
       (DD/MM/YYYY)
          Contract Date : September 26, 2003
        17/10/2003                  8.00           99.7486         4.3686
        24/10/2003                 16.00           99.6609         4.4233
        31/10/2003                  5.00           99.5733         4.4567
          Contract Date : September 27, 2003
        31/10/2003                  5.00           99.5770         4.5478
        15/11/2003                  9.50           99.3902         4.5577
        21/11/2003                  6.00           99.3161         4.5573        28/11/2003                 40.00           99.2314         4.5474
        28/11/2003                 20.00           99.2297         4.5575
        12/12/2003                 13.23           99.0411         4.6371
        19/12/2003                 30.8975         98.9715         4.5574
        19/12/2003                 25.00           98.9715         4.5574
        19/12/2003                 25.00           98.9715         4.5574
        19/12/2003                  4.40           98.9715         4.5574
     Total                        208.0275
   (iii) 182 Day Bills (Maturity-wise)
       (DD/MM/YYYY)
                                           NIL
   (iv) 364 Day Bills (Maturity-wise)
       (DD/MM/YYYY)
          Contract Date : September 26, 2003
        15/05/2004                 15.00           97.1950         4.5280
          Contract Date : September 27, 2003
        17/10/2003                  0.50           99.7568         4.4370
        30/04/2004                  1.22           97.3219         4.6373
        28/05/2004                 25.00           97.0356         4.5574
        09/07/2004                  5.85           96.5356         4.5675
        06/08/2004                  0.1475         96.1934         4.5874
        06/08/2004                  5.00           96.2093         4.5675
        20/08/2004                 10.88           96.0470         4.5674
        20/08/2004                  4.00           96.0470         4.5674
        03/09/2004                  4.60           95.8852         4.5674
        17/09/2004                  0.15           95.7239         4.5675
     Total                         72.3475
II.  REPO Transactions *
    (Other than with RBI)
---------------------------------------------------------------------------
 Loan  Nomenclature                Amount      Price *   Repo Rate   Repo
 Code                            (Face Value) Per Rs.100   (%pa)    Period
                                 (in Rs.Crore) Nominal              (Days)
           (1)                      (2)          (3)        (4)      (5)
---------------------------------------------------------------------------
A. Government of India Dated Securities
 94003  12.50 %  2004              48.00      103.75        3.00       2
 94003  12.50 %  2004              60.16      103.75        3.00       2
 98007  12.00 %  2008              85.00      128.90        4.30       2
 98023  12.25 %  2008              17.60      131.50        4.00       2
 02005   6.65 %  2009              36.00      108.15        3.00       2
 02005   6.65 %  2009              27.00      108.15        3.00       2
 00017  11.50 %  2011(NOV) 20       2.75      141.25        4.15       2
 03014   5.09 %  2014              40.00      100.00        4.00       2
 03014   5.09 %  2014              98.00      100.00        4.00       2
 03014   5.09 %  2014              49.00      100.00        3.75       2
 03003   6.25 %  2018              14.00      105.70        4.00       2
 03015   6.13 %  2028              19.50      101.50        4.15       2
     Total                        497.01
B. State Government Securities
 03358 6.13% G.S 2028               5.00      101.35        4.50       4
 03358 6.13% G.S 2028              35.00      101.35        4.50       4
 03357 6.13% G.S 2028              25.00      101.35        4.50       4
     Total                         65.00
C. Treasury Bills   (i) 14 Day Bills (Maturity-wise)
      (DD/MM/YYYY)
                                           NIL
   (ii) 91 Day Bills (Maturity-wise)
      (DD/MM/YYYY)
        17/10/2003                  9.985      99.7497      4.15       2
     Total                          9.985
   (iii) 182 Day Bills (Maturity-wise)
      (DD/MM/YYYY)
                                           NIL
   (iv) 364 Day Bills (Maturity-wise)
       (DD/MM/YYYY)
        03/10/2003                 25.00       99.9248      4.45       2
        05/03/2004                 20.00       98.0318      4.45       2
        17/04/2004                 15.00       97.5160      4.45       2
        09/07/2004                 23.00       96.5356      4.40       2
        23/07/2004                 25.00       96.3722      4.40       2
        06/08/2004                 10.00       96.2093      4.45       2
        03/09/2004                 27.00       95.9000      4.15       2
     Total                        145.00
-----------------------------------------------------------------------------
--
  * Relate to the first leg of Repos
  # YTM(indicative) will depend upon assumed rate of inflation
Date :  27 September 2003