Subsidiary General Ledger Account Transactions
in Government Dated Securities and Treasury Bills
at RBI, Mumbai on 15 March 2003
---------------------------------------------------------------------------
 Loan  Nomenclature              Amount           Price *        YTM %
 Code                            (Face Value)     Per Rs.100   Indicative
                                 (in Rs.Crore)    nominal
---------------------------------------------------------------------------
I.  Outright Transactions
A.Government of India Dated Securities
          Contract Date : March 13, 2003
 98008  11.50 %  2004              10.00          106.29           5.7788
 97007  12.59 %  2004              25.00          108.07           5.8540
 97007  12.59 %  2004              30.00          108.17           5.7756
 98017  11.95 %  2004               5.00          107.97           5.7763
 98022  11.98 %  2004              30.00          108.72           5.7713
 98007  12.00 %  2008               5.00          123.25           6.5865
 00016  11.40 %  2008               5.00          123.60           6.2376
 00016  11.40 %  2008              10.00          123.50           6.2568
 00016  11.40 %  2008               5.00          123.45           6.2664
 00016  11.40 %  2008               5.00          123.50           6.2568
 99006  11.99 %  2009               5.00          127.05           6.5181
 99006  11.99 %  2009               5.00          127.40           6.4574
 99006  11.99 %  2009               5.00          127.40           6.4574
 99006  11.99 %  2009              10.00          127.40           6.4574
 99006  11.99 %  2009              10.00          127.40           6.4574
 99006  11.99 %  2009              25.00          127.35           6.4660
 03005   6.00 %  2010              25.00           95.675          6.7995
 01007   9.39 %  2011               5.00          118.45           6.4791
 01007   9.39 %  2011               5.00          118.45           6.4791
 01007   9.39 %  2011               5.00          118.45           6.4791
 01007   9.39 %  2011               5.00          118.40           6.4861
 01007   9.39 %  2011               5.00          118.40           6.4861
 01007   9.39 %  2011              25.00          118.42           6.4833
 02009   7.40 %  2012              15.00          107.50           6.3061
 02009   7.40 %  2012               5.00          107.50           6.3061
 00012  11.03 %  2012              10.00          130.50           6.6025
 00012  11.03 %  2012              10.00          130.510          6.6013
 01005   9.81 %  2013               5.00          125.70           6.3494
 01005   9.81 %  2013               5.00          125.62           6.3587
 01005   9.81 %  2013               5.00          125.60           6.3610
 01005   9.81 %  2013               5.00          125.69           6.3506
 01005   9.81 %  2013               5.00          125.68           6.3517
 01005   9.81 %  2013               5.00          125.65           6.3552
 01005   9.81 %  2013               5.00          125.65           6.3552
 01005   9.81 %  2013               5.00          125.45           6.3784
 99020  11.83 %  2014               5.00          140.32           6.7720
 01001  10.47 %  2015               5.00          130.050          6.7562
 01001  10.47 %  2015              10.00          129.75           6.7872
 01001  10.47 %  2015              10.00          130.050          6.7562
 01001  10.47 %  2015              10.00          130.050          6.7562 01001  10.47 %  2015               5.00          130.00           6.7613
 01011   9.85 %  2015               5.00          128.12           6.5372
 01011   9.85 %  2015              25.00          128.00           6.5492
 01011   9.85 %  2015               5.00          128.10           6.5392
 01011   9.85 %  2015               5.00          128.15           6.5342
 01011   9.85 %  2015               5.00          128.15           6.5342
 01011   9.85 %  2015              15.00          128.00           6.5492
 01003  10.71 %  2016               5.00          134.00           6.7562
 01003  10.71 %  2016              10.00          134.00           6.7562
 01003  10.71 %  2016              10.00          134.20           6.7372
 01003  10.71 %  2016              10.00          134.00           6.7562
 01003  10.71 %  2016              30.00          134.20           6.7372
 02001   8.07 %  2017               5.00          113.75           6.5429
 02001   8.07 %  2017               5.00          113.40           6.5786
 02001   8.07 %  2017               5.00          113.60           6.5582
 02001   8.07 %  2017              10.00          113.55           6.5633
 02001   8.07 %  2017               5.00          113.50           6.5684
 02001   8.07 %  2017               5.00          113.60           6.5582
 02001   8.07 %  2017               5.00          113.50           6.5684
 02001   8.07 %  2017               5.00          113.41           6.5776
 02007   7.49 %  2017               5.00          107.48           6.6624
 02007   7.49 %  2017               5.00          107.45           6.6655
 02007   7.49 %  2017               5.00          107.48           6.6624
 02014   7.46 %  2017               5.00          107.52           6.6423
 02014   7.46 %  2017               5.00          107.50           6.6444
 03003   6.25 %  2018               0.25          100.00           6.2488
 01004  10.45 %  2018               5.00          132.76           6.9209
 01004  10.45 %  2018               5.00          132.70           6.9262
 01008  10.03 %  2019              25.00          131.75           6.7899
 00008  10.70 %  2020               1.00          134.50           7.1671
 01006  10.25 %  2021              30.00          135.10           6.8468
 02011   8.35 %  2022               5.00          116.54           6.7926
 01010  10.18 %  2026              25.00          138.35           6.8683
          Contract Date : March 15, 2003
 98008  11.50 %  2004              18.00          106.00           6.0061
 98011  11.75 %  2004               5.00          107.15           5.7727
 98011  11.75 %  2004              15.00          107.05           5.8519
 98022  11.98 %  2004              10.00          108.73           5.7429
 98007  12.00 %  2008               0.02          124.65           6.2986
 98007  12.00 %  2008               5.00          123.60           6.5110
 98007  12.00 %  2008               5.00          123.65           6.5008
 98007  12.00 %  2008               5.00          123.65           6.5008
 98007  12.00 %  2008               5.00          123.55           6.5212
 00016  11.40 %  2008               5.00          123.85           6.1857
 00016  11.40 %  2008               5.00          123.80           6.1953
 00016  11.40 %  2008               5.00          123.85           6.1857
 00016  11.40 %  2008              20.00          123.55           6.2432
 00016  11.40 %  2008               5.00          123.50           6.2528
 00016  11.40 %  2008               5.00          124.00           6.1571
 99006  11.99 %  2009              15.00          127.65           6.4107
 99006  11.99 %  2009               5.00          127.69           6.4038
 99006  11.99 %  2009               5.00          127.60           6.4194
 99006  11.99 %  2009               5.00          127.60           6.4194
 99006  11.99 %  2009               5.00          127.80           6.3848
 99006  11.99 %  2009              10.00          127.75           6.3934
 99006  11.99 %  2009               5.00          127.55           6.4280
 99006  11.99 %  2009               5.00          127.60           6.4194 99006  11.99 %  2009              10.00          127.76           6.3917
 99006  11.99 %  2009               5.00          127.70           6.4021
 99006  11.99 %  2009               5.00          127.70           6.4021
 99006  11.99 %  2009               5.00          127.65           6.4107
 99006  11.99 %  2009              25.00          127.65           6.4107
 99006  11.99 %  2009              10.00          127.75           6.3934
 99006  11.99 %  2009              10.00          127.80           6.3848
 99006  11.99 %  2009              10.00          127.83           6.3796
 99006  11.99 %  2009              10.00          127.95           6.3589
 99006  11.99 %  2009               5.00          127.90           6.3676
 99006  11.99 %  2009               5.00          128.00           6.3503
 99006  11.99 %  2009               5.00          127.70           6.4021
 79002   7.00 %  2009               0.25          104.00           6.2098
 02010   7.55 %  2010               5.00          107.19           6.2858
 02010   7.55 %  2010              10.00          107.35           6.2589
 02010   7.55 %  2010               5.00          107.25           6.2757
 00010  10.95 %  2011               5.00          127.16           6.6068
 00010  10.95 %  2011               5.00          127.10           6.6150
 00010  10.95 %  2011               5.00          127.05           6.6218
 01007   9.39 %  2011               5.00          118.75           6.4353
 01007   9.39 %  2011               5.00          118.60           6.4565
 01007   9.39 %  2011               5.00          118.80           6.4283
 01007   9.39 %  2011               5.00          118.85           6.4212
 01007   9.39 %  2011               5.00          118.65           6.4494
 01007   9.39 %  2011               7.00          100.00           9.3854
 01007   9.39 %  2011               5.00          118.75           6.4353
 01007   9.39 %  2011               5.00          118.70           6.4424
 00017  11.50 %  2011               5.00          132.70           6.5107
 00017  11.50 %  2011               5.00          132.70           6.5107
 00017  11.50 %  2011               5.00          132.85           6.4917
 02009   7.40 %  2012               1.00          107.67           6.2820
 02009   7.40 %  2012              10.00          107.65           6.2848
 02009   7.40 %  2012               5.00          107.77           6.2681
 02009   7.40 %  2012               5.00          107.75           6.2709
 02009   7.40 %  2012               5.00          107.75           6.2709
 02009   7.40 %  2012               5.00          107.85           6.2570
 02009   7.40 %  2012               5.00          107.75           6.2709
 02009   7.40 %  2012               5.00          107.85           6.2570
 02009   7.40 %  2012               5.00          107.78           6.2667
 02009   7.40 %  2012               0.50          107.15           6.3544
 02009   7.40 %  2012               5.00          107.78           6.2667
 02009   7.40 %  2012               5.00          107.73           6.2737
 02009   7.40 %  2012               5.00          107.75           6.2709
 02009   7.40 %  2012               5.00          107.75           6.2709
 02009   7.40 %  2012               5.00          107.75           6.2709
 02009   7.40 %  2012               5.00          107.80           6.2639
 02009   7.40 %  2012               5.00          107.76           6.2695
 02009   7.40 %  2012               5.00          107.79           6.2653
 02009   7.40 %  2012               5.00          107.80           6.2639
 02009   7.40 %  2012               5.00          107.82           6.2612
 02009   7.40 %  2012               5.00          107.80           6.2639
 02009   7.40 %  2012               5.00          107.82           6.2612
 02009   7.40 %  2012               5.00          107.80           6.2639
 02009   7.40 %  2012               0.50          107.70           6.2778
 02009   7.40 %  2012               5.00          107.80           6.2639
 02009   7.40 %  2012               0.50          107.70           6.2778
 02009   7.40 %  2012               5.00          107.75           6.2709 02009   7.40 %  2012              15.00          107.70           6.2778
 02009   7.40 %  2012               5.00          107.80           6.2639
 02009   7.40 %  2012               5.00          107.72           6.2750
 02009   7.40 %  2012               5.00          107.79           6.2653
 00012  11.03 %  2012               5.00          130.90           6.5522
 00012  11.03 %  2012               5.00          130.950          6.5462
 00012  11.03 %  2012               5.00          130.950          6.5462
 00012  11.03 %  2012               5.00          130.950          6.5462
 00012  11.03 %  2012               5.00          131.050          6.5341
 00012  11.03 %  2012               5.00          130.990          6.5413
 00012  11.03 %  2012               5.00          130.990          6.5413
 00012  11.03 %  2012               5.00          131.00           6.5401
 00012  11.03 %  2012               5.00          130.950          6.5462
 00012  11.03 %  2012               5.00          131.00           6.5401
 00012  11.03 %  2012               5.00          131.11           6.5268
 00012  11.03 %  2012               5.00          130.890          6.5535
 01009   9.40 %  2012              10.00          120.10           6.5252
 01005   9.81 %  2013               5.00          125.75           6.3425
 01005   9.81 %  2013               5.00          125.85           6.3309
 01005   9.81 %  2013               5.00          125.80           6.3367
 01005   9.81 %  2013               5.00          125.80           6.3367
 01005   9.81 %  2013               5.00          125.80           6.3367
 01005   9.81 %  2013               5.00          125.90           6.3251
 01005   9.81 %  2013               5.00          125.88           6.3275
 01005   9.81 %  2013               5.00          125.85           6.3309
 01005   9.81 %  2013               5.00          125.80           6.3367
 01005   9.81 %  2013               5.00          125.80           6.3367
 01005   9.81 %  2013               5.00          125.85           6.3309
 01005   9.81 %  2013               5.00          125.84           6.3321
 01005   9.81 %  2013               5.00          125.90           6.3251
 01005   9.81 %  2013               5.00          125.81           6.3355
 01005   9.81 %  2013               5.00          125.85           6.3309
 01005   9.81 %  2013               5.00          125.80           6.3367
 01005   9.81 %  2013               5.00          125.70           6.3483
 01005   9.81 %  2013               5.00          125.85           6.3309
 01005   9.81 %  2013               5.00          125.88           6.3275
 01005   9.81 %  2013               5.00          125.85           6.3309
 01005   9.81 %  2013               5.00          125.90           6.3251
 01005   9.81 %  2013               5.00          125.90           6.3251
 01005   9.81 %  2013               5.00          125.88           6.3275
 01005   9.81 %  2013               5.00          125.85           6.3309
 01005   9.81 %  2013               5.00          125.80           6.3367
 01005   9.81 %  2013               5.00          125.77           6.3402
 01005   9.81 %  2013               5.00          125.80           6.3367
 01005   9.81 %  2013               5.00          125.86           6.3298
 01005   9.81 %  2013               5.00          125.81           6.3355
 01005   9.81 %  2013               5.00          125.80           6.3367
 01005   9.81 %  2013               5.00          125.82           6.3344
 01005   9.81 %  2013               5.00          125.79           6.3379
 01005   9.81 %  2013               5.00          125.85           6.3309
 01005   9.81 %  2013               5.00          125.85           6.3309
 01005   9.81 %  2013               5.00          125.82           6.3344
 01005   9.81 %  2013               5.00          125.92           6.3228
 01005   9.81 %  2013               5.00          125.78           6.3390
 01005   9.81 %  2013               1.95          125.00           6.4297
 98021  12.40 %  2013               0.80          142.25           6.7032
 98021  12.40 %  2013               0.30          142.25           6.7032 84010  10.50 %  2014               1.00          130.75           6.6564
 84010  10.50 %  2014               0.50          126.50           7.1093
 00009  10.79 %  2015               0.60          134.00           6.6667
 01011   9.85 %  2015               5.00          128.40           6.5086
 01011   9.85 %  2015               5.00          128.450          6.5037
 01011   9.85 %  2015               5.00          128.40           6.5086
 01011   9.85 %  2015               5.00          128.450          6.5037
 01011   9.85 %  2015               5.00          128.40           6.5086
 01011   9.85 %  2015               5.00          128.40           6.5086
 01011   9.85 %  2015               5.00          128.40           6.5086
 01011   9.85 %  2015               5.00          128.50           6.4987
 01011   9.85 %  2015               1.00          128.300          6.5186
 01011   9.85 %  2015               5.00          128.40           6.5086
 01003  10.71 %  2016               5.00          134.20           6.7364
 01003  10.71 %  2016              10.00          134.25           6.7317
 01003  10.71 %  2016               5.00          134.40           6.7175
 02001   8.07 %  2017               5.00          113.50           6.5680
 02001   8.07 %  2017               5.00          113.50           6.5680
 02001   8.07 %  2017               5.00          113.75           6.5426
 02001   8.07 %  2017               1.00          113.55           6.5629
 02001   8.07 %  2017               5.00          113.85           6.5324
 02001   8.07 %  2017               5.00          113.90           6.5273
 02001   8.07 %  2017               5.00          113.90           6.5273
 02001   8.07 %  2017               5.00          113.90           6.5273
 02001   8.07 %  2017               5.00          113.90           6.5273
 02001   8.07 %  2017               5.00          113.85           6.5324
 02001   8.07 %  2017               5.00          113.85           6.5324
 02001   8.07 %  2017               5.00          113.85           6.5324
 02001   8.07 %  2017               5.00          113.85           6.5324
 02001   8.07 %  2017               5.00          113.85           6.5324
 02001   8.07 %  2017               5.00          113.80           6.5375
 02001   8.07 %  2017               5.00          113.80           6.5375
 02001   8.07 %  2017               5.00          113.80           6.5375
 02001   8.07 %  2017               5.00          113.85           6.5324
 02001   8.07 %  2017               0.45          113.60           6.5578
 02001   8.07 %  2017               5.00          113.80           6.5375
 02001   8.07 %  2017               5.00          113.85           6.5324
 02001   8.07 %  2017               0.02          113.70           6.5476
 02001   8.07 %  2017               5.00          113.85           6.5324
 02001   8.07 %  2017               5.00          113.85           6.5324
 02001   8.07 %  2017               5.00          113.85           6.5324
 02001   8.07 %  2017               5.00          113.85           6.5324
 02001   8.07 %  2017               5.00          113.90           6.5273
 02001   8.07 %  2017               5.00          113.90           6.5273
 02001   8.07 %  2017               5.00          113.90           6.5273
 02001   8.07 %  2017               5.00          113.90           6.5273
 02001   8.07 %  2017               5.00          113.82           6.5354
 02001   8.07 %  2017               5.00          113.80           6.5375
 02001   8.07 %  2017               5.00          113.80           6.5375
 02001   8.07 %  2017               5.00          113.91           6.5263
 02001   8.07 %  2017               5.00          113.45           6.5731
 02001   8.07 %  2017              10.00          113.75           6.5426
 02001   8.07 %  2017              10.00          113.90           6.5273
 02001   8.07 %  2017               5.00          113.95           6.5222
 02007   7.49 %  2017               5.00          107.80           6.6286
 02014   7.46 %  2017               5.00          107.60           6.6338
 02014   7.46 %  2017               5.00          107.70           6.6234 02014   7.46 %  2017               5.00          107.68           6.6255
 02014   7.46 %  2017               5.00          107.78           6.6152
 02014   7.46 %  2017               5.00          107.70           6.6234
 02014   7.46 %  2017               0.50          107.56           6.6379
 02014   7.46 %  2017               0.06          107.65           6.6286
 02014   7.46 %  2017               5.00          107.78           6.6152
 02014   7.46 %  2017               0.15          106.70           6.7273
 02014   7.46 %  2017               1.00          107.80           6.6131
 02014   7.46 %  2017               5.00          107.90           6.6028
 02014   7.46 %  2017               5.00          107.75           6.6183
 02014   7.46 %  2017               5.00          107.88           6.6049
 02014   7.46 %  2017               0.12          106.75           6.7221
 02014   7.46 %  2017               5.00          107.70           6.6234
 03003   6.25 %  2018               0.50          100.13           6.2352
 03003   6.25 %  2018               0.50          100.00           6.2488
 03003   6.25 %  2018               1.50          100.25           6.2227
 03003   6.25 %  2018               0.50          100.10           6.2383
 03003   6.25 %  2018               0.50          100.20           6.2279
 01004  10.45 %  2018               0.22          130.00           7.1670
 01004  10.45 %  2018               1.50          130.60           7.1127
 01008  10.03 %  2019               1.00          132.00           6.7684
 01008  10.03 %  2019               5.00          132.20           6.7517
 00008  10.70 %  2020               0.85          137.90           6.8918
 00008  10.70 %  2020               2.00          133.60           7.2412
 00008  10.70 %  2020               0.50          135.65           7.0726
 01006  10.25 %  2021              10.00          135.20           6.8386
 01006  10.25 %  2021               1.60          135.05           6.8503
 02011   8.35 %  2022               0.8353        116.90           6.7622
 02011   8.35 %  2022               5.4299        116.90           6.7622
 01010  10.18 %  2026               3.80          138.60           6.8512
 01010  10.18 %  2026               1.20          138.60           6.8512
 01010  10.18 %  2026               0.70          138.60           6.8512
 01010  10.18 %  2026               5.00          138.60           6.8512
 01010  10.18 %  2026               5.00          138.60           6.8512
 01010  10.18 %  2026               0.50          136.65           6.9830
 02015   7.95 %  2032               0.50          113.50           6.8746
 02015   7.95 %  2032               0.50          113.25           6.8926
     Total                       1818.1052
B. State Government Securities
          Contract Date : March 13, 2003
 03226 6.95% TAMILNADU 2013        20.00          100.65          6.8581
          Contract Date : March 15, 2003
 01210 10.82% RAJASTHAN SDL,2011    0.0285        123.20          6.9430
 03242 6.75% KARNATAKA SDL 2013     3.00          100.10          6.7360
     Total                         23.0285
C. Treasury Bills
   (i) 14 Day Bills (Maturity-wise)
       (DD/MM/YYYY)
                                           NIL
   (ii) 91 Day Bills (Maturity-wise)
       (DD/MM/YYYY)
          Contract Date : March 15, 2003
        04/04/2003                  5.4975         99.6886         5.6852
        18/04/2003                  8.00           99.5052         5.3236
        16/05/2003                  0.28           99.0544         5.6046        06/06/2003                 25.00           98.7204         5.6845
        14/06/2003                 10.00           98.5988         5.6845
        14/06/2003                 10.00           98.6061         5.6544
     Total                         58.7775
   (iii) 182 Day Bills (Maturity-wise)
       (DD/MM/YYYY)
                                           NIL
   (iv) 364 Day Bills (Maturity-wise)
       (DD/MM/YYYY)
          Contract Date : March 13, 2003
        12/12/2003                  1.3625         95.9597         5.5934
          Contract Date : March 15, 2003
        18/04/2003                  0.085          99.4903         5.4847
        18/04/2003                  0.01           99.4903         5.4847
        25/07/2003                  5.00           97.9282         5.8340
        28/11/2003                 10.00           96.1597         5.6345
        05/03/2004                 10.00           94.8210         5.5846
     Total                         26.4575
II.  REPO Transactions *
    (Other than with RBI)
---------------------------------------------------------------------------
 Loan  Nomenclature                Amount      Price *   Repo Rate   Repo
 Code                            (Face Value) Per Rs.100   (%pa)    Period
                                 (in Rs.Crore) Nominal              (Days)
           (1)                      (2)          (3)        (4)      (5)
---------------------------------------------------------------------------
A. Government of India Dated Securities
 94003  12.50 %  2004              36.00      106.75        4.50       2
 94003  12.50 %  2004              63.00      106.75        4.50       2
 01007   9.39 %  2011              85.00      118.80        4.60       2
 01007   9.39 %  2011              21.00      118.80        4.55       2
 01007   9.39 %  2011              21.00      118.80        4.55       2
 01007   9.39 %  2011              25.00      118.80        4.50       2
 02008   7.37 %  2014              25.00      107.25        5.05       2
 02012   5.92 %  2017              57.00      100.00        4.75       2
 01008  10.03 %  2019              40.00      132.00        5.00       6
 01006  10.25 %  2021             145.00      135.50        5.75      72
     Total                        518.00
B. State Government Securities
                                           NIL
C. Treasury Bills
   (i) 14 Day Bills (Maturity-wise)
      (DD/MM/YYYY)
                                           NIL
   (ii) 91 Day Bills (Maturity-wise)
      (DD/MM/YYYY)
                                           NIL
   (iii) 182 Day Bills (Maturity-wise)
      (DD/MM/YYYY)
                                           NIL
   (iv) 364 Day Bills (Maturity-wise)
       (DD/MM/YYYY)
        18/04/2003                  6.59       99.4718      4.50       2
        02/05/2003                 35.00       99.2689      5.30       2
     Total                         41.59-----------------------------------------------------------------------------
---
* Relate to the first leg of Repos
# YTM(indicative) will depend upon assumed rate of inflation
Date :  15 March 2003