Subsidiary General Ledger Account Transactions
in Government Dated Securities and Treasury Bills
at RBI, Mumbai on 18 June 2003
---------------------------------------------------------------------------
 Loan  Nomenclature              Amount           Price *        YTM %
 Code                            (Face Value)     Per Rs.100   Indicative
                                 (in Rs.Crore)    nominal
---------------------------------------------------------------------------
I.  Outright Transactions
A.Government of India Dated Securities
          Contract Date : June 17, 2003
 94003  12.50 %  2004               5.00          105.47           5.1075
 99008  11.68 %  2006              15.00          116.75           5.1978
 98005  11.75 %  2006              15.00          116.98           5.2135
 98005  11.75 %  2006               5.00          116.97           5.2169
 98005  11.75 %  2006               5.00          116.96           5.2204
 98005  11.75 %  2006               5.00          116.97           5.2169
 00013  11.00 %  2006               5.00          116.39           5.2241
 98007  12.00 %  2008              20.00          127.80           5.4293
 98007  12.00 %  2008              10.00          127.78           5.4334
 98007  12.00 %  2008               5.00          127.78           5.4334
 98007  12.00 %  2008               5.00          127.78           5.4334
 00016  11.40 %  2008               5.00          127.25           5.3321
 00016  11.40 %  2008               5.00          127.26           5.3302
 00016  11.40 %  2008               5.00          127.26           5.3302
 02004   6.96 %  2009               5.00          106.52           5.6219
 99006  11.99 %  2009               5.00          132.25           5.4343
 99006  11.99 %  2009               5.00          132.26           5.4326
 03002   5.87 %  2010               5.00          101.55           5.5833
 03002   5.87 %  2010              10.00          101.55           5.5833
 03005   6.00 %  2010               5.00          101.38           5.7440
 03012   6.40 %  2010               5.00          103.52           5.7635
 00014  11.30 %  2010               5.00          132.80           5.6370
 00010  10.95 %  2011               5.00          132.54           5.7861
 00010  10.95 %  2011               5.00          132.54           5.7861
 00010  10.95 %  2011               5.00          132.52           5.7887
 00010  10.95 %  2011               5.00          132.55           5.7847
 00010  10.95 %  2011              10.00          132.55           5.7847
 00010  10.95 %  2011               5.00          132.52           5.7887
 00010  10.95 %  2011               5.00          132.52           5.7887
 00010  10.95 %  2011              10.00          132.54           5.7861
 00010  10.95 %  2011               5.00          132.53           5.7874
 00010  10.95 %  2011               5.00          132.54           5.7861
 00010  10.95 %  2011               5.00          132.53           5.7874
 00010  10.95 %  2011               5.00          132.55           5.7847
 00010  10.95 %  2011              10.00          132.52           5.7887
 00010  10.95 %  2011               5.00          132.52           5.7887
 01007   9.39 %  2011              25.00          123.54           5.6993
 01007   9.39 %  2011               5.00          123.54           5.6993
 01007   9.39 %  2011               5.00          123.54           5.6993
 01007   9.39 %  2011               5.00          123.53           5.7007
 01007   9.39 %  2011              10.00          123.55           5.6979 01007   9.39 %  2011               5.00          123.525          5.7013
 01007   9.39 %  2011               5.00          123.53           5.7007
 00017  11.50 %  2011              10.00          138.03           5.7467
 00017  11.50 %  2011              10.00          138.02           5.7479
 00017  11.50 %  2011              25.00          138.03           5.7467
 00017  11.50 %  2011              10.00          138.03           5.7467
 00017  11.50 %  2011               5.00          138.02           5.7479
 00017  11.50 %  2011               5.00          138.02           5.7479
 02006   6.85 %  2012               5.00          107.855          5.7008
 02006   6.85 %  2012               5.00          107.90           5.6945
 02006   6.85 %  2012               5.00          107.86           5.7001
 02006   6.85 %  2012               5.00          107.86           5.7001
 02006   6.85 %  2012              10.00          107.88           5.6973
 02006   6.85 %  2012               5.00          107.86           5.7001
 02006   6.85 %  2012              25.00          107.88           5.6973
 02006   6.85 %  2012              20.00          107.87           5.6987
 02006   6.85 %  2012              10.00          107.87           5.6987
 02006   6.85 %  2012               5.00          107.87           5.6987
 02006   6.85 %  2012               5.00          107.87           5.6987
 02006   6.85 %  2012               5.00          107.89           5.6959
 02006   6.85 %  2012               5.00          107.88           5.6973
 02006   6.85 %  2012               2.896         107.84           5.7028
 02009   7.40 %  2012              10.00          111.63           5.7104
 02009   7.40 %  2012               5.00          111.65           5.7077
 02009   7.40 %  2012               5.00          111.65           5.7077
 02009   7.40 %  2012               5.00          111.64           5.7090
 02009   7.40 %  2012              25.00          111.67           5.7050
 02009   7.40 %  2012               5.00          111.65           5.7077
 02009   7.40 %  2012               5.00          111.64           5.7090
 02009   7.40 %  2012               5.00          111.65           5.7077
 02009   7.40 %  2012               5.00          111.64           5.7090
 02009   7.40 %  2012               5.00          111.65           5.7077
 02009   7.40 %  2012               5.00          111.65           5.7077
 02009   7.40 %  2012               5.00          111.66           5.7063
 02009   7.40 %  2012              25.00          111.635          5.7097
 02009   7.40 %  2012               5.00          111.65           5.7077
 02009   7.40 %  2012              10.00          111.65           5.7077
 02009   7.40 %  2012               5.00          111.645          5.7083
 02009   7.40 %  2012               5.00          111.64           5.7090
 02009   7.40 %  2012               5.00          111.64           5.7090
 02009   7.40 %  2012               5.00          111.65           5.7077
 02009   7.40 %  2012              10.00          111.63           5.7104
 02009   7.40 %  2012               5.00          111.65           5.7077
 02009   7.40 %  2012               5.00          111.65           5.7077
 02009   7.40 %  2012              10.00          111.65           5.7077
 02009   7.40 %  2012               5.00          111.65           5.7077
 02009   7.40 %  2012               5.00          111.64           5.7090
 02009   7.40 %  2012               5.00          111.63           5.7104
 02009   7.40 %  2012               5.00          111.65           5.7077
 02009   7.40 %  2012               0.135         111.55           5.7212
 02009   7.40 %  2012               5.00          111.63           5.7104
 84005  10.25 %  2012              25.00          129.90           5.9027
 84005  10.25 %  2012               6.00          129.90           5.9027
 00012  11.03 %  2012               5.00          136.68           5.7819
 00012  11.03 %  2012               5.00          136.68           5.7819
 00012  11.03 %  2012               5.00          136.68           5.7819
 00012  11.03 %  2012               5.00          136.67           5.7830 00012  11.03 %  2012               5.00          136.67           5.7830
 01009   9.40 %  2012               5.00          125.52           5.7905
 01009   9.40 %  2012              10.00          125.50           5.7929
 01009   9.40 %  2012               5.00          125.52           5.7905
 01009   9.40 %  2012               5.00          125.50           5.7929
 01009   9.40 %  2012              10.00          125.52           5.7905
 01009   9.40 %  2012              25.00          125.52           5.7905
 01009   9.40 %  2012              25.00          125.54           5.7880
 01009   9.40 %  2012              15.00          125.52           5.7905
 01009   9.40 %  2012               5.00          125.55           5.7868
 01009   9.40 %  2012              10.00          125.55           5.7868
 01009   9.40 %  2012               5.00          125.55           5.7868
 01009   9.40 %  2012               5.00          125.56           5.7856
 01009   9.40 %  2012               5.00          125.56           5.7856
 01009   9.40 %  2012               5.00          125.58           5.7831
 01009   9.40 %  2012               5.00          125.58           5.7831
 01005   9.81 %  2013               5.00          130.53           5.7399
 01005   9.81 %  2013               5.00          130.53           5.7399
 01005   9.81 %  2013               5.00          130.540          5.7388
 01005   9.81 %  2013              25.00          130.540          5.7388
 01005   9.81 %  2013               5.00          130.540          5.7388
 01005   9.81 %  2013               5.00          130.535          5.7393
 01005   9.81 %  2013               5.00          130.550          5.7377
 01005   9.81 %  2013               5.00          130.550          5.7377
 01005   9.81 %  2013               5.00          130.540          5.7388
 01005   9.81 %  2013              10.00          130.56           5.7365
 01005   9.81 %  2013               5.00          130.550          5.7377
 01005   9.81 %  2013               5.00          130.50           5.7433
 01005   9.81 %  2013               5.00          130.535          5.7393
 01005   9.81 %  2013               5.00          130.520          5.7410
 02017   7.27 %  2013              10.00          111.95           5.7079
 02017   7.27 %  2013               5.00          111.95           5.7079
 02017   7.27 %  2013              10.00          111.91           5.7128
 02017   7.27 %  2013               5.00          111.91           5.7128
 02017   7.27 %  2013               5.00          111.95           5.7079
 02017   7.27 %  2013               5.00          111.935          5.7097
 02017   7.27 %  2013               5.00          111.92           5.7116
 02017   7.27 %  2013               5.00          111.91           5.7128
 02017   7.27 %  2013               5.00          111.94           5.7091
 02017   7.27 %  2013               5.00          111.93           5.7104
 02017   7.27 %  2013              10.00          111.93           5.7104
 02017   7.27 %  2013               5.00          111.91           5.7128
 02017   7.27 %  2013              25.00          111.91           5.7128
 02017   7.27 %  2013              10.00          111.91           5.7128
 02017   7.27 %  2013               5.00          111.91           5.7128
 02017   7.27 %  2013               5.00          111.95           5.7079
 02017   7.27 %  2013              25.00          111.92           5.7116
 02017   7.27 %  2013               5.00          111.91           5.7128
 02017   7.27 %  2013               5.08          111.87           5.7176
 03009   6.72 %  2014               5.00          107.63           5.7529
 03009   6.72 %  2014              25.00          107.63           5.7529
 03009   6.72 %  2014               5.00          107.63           5.7529
 02008   7.37 %  2014               5.00          112.69           5.7761
 02008   7.37 %  2014               5.00          112.69           5.7761
 02008   7.37 %  2014               5.00          112.68           5.7772
 02008   7.37 %  2014               5.00          112.68           5.7772
 02008   7.37 %  2014               5.00          112.68           5.7772 02008   7.37 %  2014               5.00          112.67           5.7784
 02008   7.37 %  2014               5.00          112.69           5.7761
 02008   7.37 %  2014               5.00          112.69           5.7761
 02008   7.37 %  2014              10.00          112.68           5.7772
 02008   7.37 %  2014               5.00          112.68           5.7772
 02008   7.37 %  2014               5.00          112.68           5.7772
 02008   7.37 %  2014               5.00          112.68           5.7772
 02008   7.37 %  2014               5.00          112.69           5.7761
 02008   7.37 %  2014               5.00          112.68           5.7772
 03014   5.09 %  2014              25.00           99.84           5.1088
 99020  11.83 %  2014              10.00          147.27           6.0344
 02018   7.38 %  2015               0.50          113.12           5.8592
 01011   9.85 %  2015               5.00          134.53           5.8733
 01011   9.85 %  2015               5.00          134.53           5.8733
 01011   9.85 %  2015               5.00          134.53           5.8733
 01011   9.85 %  2015               5.00          134.54           5.8723
 01011   9.85 %  2015               5.00          134.54           5.8723
 01011   9.85 %  2015               5.00          134.54           5.8723
 01011   9.85 %  2015               5.00          134.54           5.8723
 01011   9.85 %  2015              10.00          134.54           5.8723
 01011   9.85 %  2015               5.00          134.54           5.8723
 01011   9.85 %  2015               5.00          134.54           5.8723
 01011   9.85 %  2015               5.00          134.54           5.8723
 01011   9.85 %  2015               5.00          139.53           5.4129
 01011   9.85 %  2015               5.00          134.53           5.8733
 01011   9.85 %  2015               5.00          134.54           5.8723
 01011   9.85 %  2015               5.00          134.54           5.8723
 01011   9.85 %  2015               5.00          134.54           5.8723
 01011   9.85 %  2015              25.00          134.54           5.8723
 01011   9.85 %  2015              25.00          134.54           5.8723
 01011   9.85 %  2015              10.00          134.55           5.8714
 01011   9.85 %  2015               5.00          134.50           5.8761
 01003  10.71 %  2016               5.00          141.52           6.0191
 01003  10.71 %  2016               5.00          141.51           6.0200
 01003  10.71 %  2016              20.00          141.52           6.0191
 01003  10.71 %  2016               5.00          141.52           6.0191
 01003  10.71 %  2016               5.00          141.53           6.0182
 01003  10.71 %  2016              10.00          141.52           6.0191
 01003  10.71 %  2016               5.00          141.53           6.0182
 01003  10.71 %  2016               5.00          141.53           6.0182
 02001   8.07 %  2017              10.00          119.55           5.9500
 02001   8.07 %  2017               5.00          119.55           5.9500
 02001   8.07 %  2017              10.00          119.55           5.9500
 02001   8.07 %  2017              10.00          119.55           5.9500
 02001   8.07 %  2017               5.00          119.55           5.9500
 02001   8.07 %  2017               5.00          119.55           5.9500
 02001   8.07 %  2017              10.00          119.56           5.9490
 02001   8.07 %  2017               5.00          119.55           5.9500
 02001   8.07 %  2017               5.00          119.55           5.9500
 02001   8.07 %  2017              10.00          119.55           5.9500
 02001   8.07 %  2017               5.00          119.56           5.9490
 02001   8.07 %  2017               5.00          119.56           5.9490
 02001   8.07 %  2017               5.00          119.59           5.9462
 02001   8.07 %  2017               5.00          119.58           5.9471
 02001   8.07 %  2017               5.00          119.58           5.9471
 02001   8.07 %  2017               5.00          119.57           5.9481
 02001   8.07 %  2017               5.00          119.57           5.9481 02001   8.07 %  2017               5.00          119.58           5.9471
 02001   8.07 %  2017               5.00          119.56           5.9490
 02001   8.07 %  2017               5.00          119.55           5.9500
 02001   8.07 %  2017               5.00          119.60           5.9452
 02001   8.07 %  2017               5.00          119.55           5.9500
 02001   8.07 %  2017               5.00          119.60           5.9452
 02001   8.07 %  2017               5.00          119.60           5.9452
 02001   8.07 %  2017               5.00          119.57           5.9481
 02001   8.07 %  2017               5.00          119.60           5.9452
 02001   8.07 %  2017               5.00          119.58           5.9471
 02001   8.07 %  2017               5.00          119.57           5.9481
 02001   8.07 %  2017               5.00          119.57           5.9481
 02001   8.07 %  2017               5.00          119.57           5.9481
 02001   8.07 %  2017               5.00          119.60           5.9452
 02001   8.07 %  2017               5.00          119.60           5.9452
 02001   8.07 %  2017               5.00          119.56           5.9490
 02001   8.07 %  2017              10.00          119.60           5.9452
 02001   8.07 %  2017               5.00          119.56           5.9490
 02001   8.07 %  2017               5.00          119.50           5.9548
 02001   8.07 %  2017               5.00          119.57           5.9481
 02001   8.07 %  2017               5.00          119.60           5.9452
 02001   8.07 %  2017               5.00          119.55           5.9500
 02001   8.07 %  2017              25.00          119.57           5.9481
 02001   8.07 %  2017               5.00          119.60           5.9452
 02001   8.07 %  2017               5.00          119.57           5.9481
 02001   8.07 %  2017               5.00          119.57           5.9481
 02001   8.07 %  2017               5.00          119.57           5.9481
 02001   8.07 %  2017              10.00          119.60           5.9452
 02001   8.07 %  2017               5.00          119.56           5.9490
 02001   8.07 %  2017               5.00          119.60           5.9452
 02001   8.07 %  2017               5.00          119.58           5.9471
 02001   8.07 %  2017               5.00          119.60           5.9452
 02001   8.07 %  2017               5.00          119.57           5.9481
 02001   8.07 %  2017               5.00          119.58           5.9471
 02001   8.07 %  2017               5.00          119.58           5.9471
 02001   8.07 %  2017               5.00          119.57           5.9481
 02001   8.07 %  2017               5.00          119.60           5.9452
 02001   8.07 %  2017               5.00          119.58           5.9471
 02001   8.07 %  2017               5.00          119.595          5.9457
 02001   8.07 %  2017               5.00          119.58           5.9471
 02001   8.07 %  2017              10.00          119.58           5.9471
 02001   8.07 %  2017               5.00          119.58           5.9471
 02001   8.07 %  2017               5.00          119.56           5.9490
 02001   8.07 %  2017               5.00          119.58           5.9471
 02001   8.07 %  2017              10.00          119.455          5.9592
 02001   8.07 %  2017               5.00          119.59           5.9462
 02001   8.07 %  2017               5.00          119.51           5.9539
 02007   7.49 %  2017               5.00          113.69           6.0165
 02007   7.49 %  2017              30.00          113.70           6.0155
 02007   7.49 %  2017               5.00          113.67           6.0185
 02007   7.49 %  2017               5.00          113.70           6.0155
 02007   7.49 %  2017              10.00          113.67           6.0185
 02007   7.49 %  2017              25.00          113.74           6.0116
 02007   7.49 %  2017               5.00          113.70           6.0155
 02007   7.49 %  2017              10.00          113.74           6.0116
 02007   7.49 %  2017               5.00          113.77           6.0086
 02007   7.49 %  2017              25.00          113.80           6.0057 02007   7.49 %  2017              25.00          113.79           6.0067
 02007   7.49 %  2017               0.25          113.66           6.0195
 02007   7.49 %  2017               5.00          113.79           6.0067
 02007   7.49 %  2017               5.00          113.70           6.0155
 02007   7.49 %  2017               0.50          113.63           6.0225
 02007   7.49 %  2017               5.00          113.70           6.0155
 02007   7.49 %  2017              10.00          113.77           6.0086
 02007   7.49 %  2017              10.00          113.79           6.0067
 02007   7.49 %  2017              10.00          113.79           6.0067
 02007   7.49 %  2017               5.00          113.79           6.0067
 02007   7.49 %  2017               5.00          113.79           6.0067
 02007   7.49 %  2017               5.00          113.77           6.0086
 02007   7.49 %  2017               5.00          113.79           6.0067
 02007   7.49 %  2017               5.00          113.79           6.0067
 02007   7.49 %  2017              10.00          113.79           6.0067
 02007   7.49 %  2017               1.00          113.65           6.0205
 02007   7.49 %  2017               5.00          113.79           6.0067
 02007   7.49 %  2017               5.00          113.78           6.0076
 02007   7.49 %  2017               5.00          113.785          6.0072
 02007   7.49 %  2017               5.00          113.72           6.0136
 02014   7.46 %  2017               5.00          113.99           5.9824
 02014   7.46 %  2017               5.00          113.97           5.9843
 02014   7.46 %  2017               5.00          113.97           5.9843
 02014   7.46 %  2017               5.00          113.98           5.9833
 02014   7.46 %  2017               5.00          114.00           5.9814
 02014   7.46 %  2017               5.00          114.00           5.9814
 02014   7.46 %  2017               5.00          114.02           5.9795
 02014   7.46 %  2017               5.00          114.02           5.9795
 02014   7.46 %  2017               5.00          114.00           5.9814
 02014   7.46 %  2017              10.00          114.00           5.9814
 02014   7.46 %  2017               5.00          114.02           5.9795
 02014   7.46 %  2017               5.00          114.00           5.9814
 02014   7.46 %  2017              10.00          114.00           5.9814
 02014   7.46 %  2017               5.00          114.00           5.9814
 02014   7.46 %  2017              10.00          114.02           5.9795
 02014   7.46 %  2017              20.00          114.00           5.9814
 02014   7.46 %  2017               5.00          114.02           5.9795
 02014   7.46 %  2017               5.00          114.00           5.9814
 02014   7.46 %  2017               5.00          114.02           5.9795
 02014   7.46 %  2017              10.00          114.04           5.9775
 02014   7.46 %  2017               5.00          114.00           5.9814
 02014   7.46 %  2017               5.00          114.00           5.9814
 02014   7.46 %  2017               5.00          114.00           5.9814
 02014   7.46 %  2017               5.00          114.00           5.9814
 02014   7.46 %  2017               5.00          114.02           5.9795
 02014   7.46 %  2017               5.00          114.00           5.9814
 02014   7.46 %  2017               5.00          114.00           5.9814
 02014   7.46 %  2017               5.00          113.99           5.9824
 02014   7.46 %  2017               5.00          114.04           5.9775
 02014   7.46 %  2017              25.00          114.00           5.9814
 02014   7.46 %  2017               5.00          114.00           5.9814
 02014   7.46 %  2017               5.00          114.02           5.9795
 02014   7.46 %  2017               5.00          114.01           5.9804
 02014   7.46 %  2017               5.00          114.00           5.9814
 02014   7.46 %  2017               5.00          114.01           5.9804
 02014   7.46 %  2017               5.00          114.00           5.9814
 02014   7.46 %  2017               5.00          114.02           5.9795 02014   7.46 %  2017              10.00          114.04           5.9775
 02014   7.46 %  2017               5.00          114.02           5.9795
 02014   7.46 %  2017               5.00          114.00           5.9814
 02014   7.46 %  2017               5.00          114.00           5.9814
 02014   7.46 %  2017               5.00          114.03           5.9785
 02014   7.46 %  2017               5.00          114.02           5.9795
 02014   7.46 %  2017               0.50          113.90           5.9911
 03003   6.25 %  2018               5.00          103.04           5.9347
 03003   6.25 %  2018               5.00          103.04           5.9347
 03003   6.25 %  2018               5.00          103.09           5.9296
 03003   6.25 %  2018               5.00          103.10           5.9286
 03003   6.25 %  2018               4.00          103.02           5.9367
 03003   6.25 %  2018               5.00          103.05           5.9336
 03003   6.25 %  2018               5.00          103.08           5.9306
 03003   6.25 %  2018              10.00          103.08           5.9306
 03003   6.25 %  2018               5.00          103.08           5.9306
 03003   6.25 %  2018               5.00          103.07           5.9316
 03003   6.25 %  2018               5.00          103.04           5.9347
 03003   6.25 %  2018               5.00          103.09           5.9296
 03003   6.25 %  2018               5.00          103.10           5.9286
 03003   6.25 %  2018               5.00          103.10           5.9286
 03003   6.25 %  2018              10.00          103.00           5.9387
 03003   6.25 %  2018               5.00          103.04           5.9347
 03003   6.25 %  2018               5.00          103.08           5.9306
 03003   6.25 %  2018               5.00          103.10           5.9286
 03003   6.25 %  2018               5.00          103.08           5.9306
 03003   6.25 %  2018               5.00          103.04           5.9347
 03003   6.25 %  2018               5.00          103.06           5.9326
 03003   6.25 %  2018               5.00          103.05           5.9336
 03003   6.25 %  2018               5.00          103.07           5.9316
 03003   6.25 %  2018               5.00          103.075          5.9311
 03003   6.25 %  2018               5.00          103.05           5.9336
 03003   6.25 %  2018              10.00          103.05           5.9336
 03003   6.25 %  2018               5.00          103.08           5.9306
 03003   6.25 %  2018               5.00          103.10           5.9286
 03003   6.25 %  2018               5.00          103.10           5.9286
 03003   6.25 %  2018               1.00          103.02           5.9367
 03003   6.25 %  2018               0.50          103.08           5.9306
 01008  10.03 %  2019               5.00          140.04           6.0961
 01008  10.03 %  2019               5.00          140.05           6.0954
 01008  10.03 %  2019               5.00          140.05           6.0954
 01008  10.03 %  2019              25.00          140.08           6.0930
 01008  10.03 %  2019              25.00          140.08           6.0930
 01006  10.25 %  2021               5.00          144.18           6.1506
 01006  10.25 %  2021               5.00          144.19           6.1499
 01006  10.25 %  2021              10.00          144.20           6.1492
 01006  10.25 %  2021              10.00          144.15           6.1528
 01006  10.25 %  2021               5.00          144.20           6.1492
 01006  10.25 %  2021               5.00          144.20           6.1492
 02011   8.35 %  2022              10.00          124.81           6.1172
 02011   8.35 %  2022               5.00          124.86           6.1133
 02011   8.35 %  2022               5.00          124.86           6.1133
 02011   8.35 %  2022               5.00          124.88           6.1118
 02011   8.35 %  2022              10.00          124.875          6.1122
 02011   8.35 %  2022               5.00          124.85           6.1141
 02011   8.35 %  2022              10.00          124.90           6.1103
 02011   8.35 %  2022               5.00          124.88           6.1118 02011   8.35 %  2022               5.00          124.90           6.1103
 02011   8.35 %  2022               5.00          124.88           6.1118
 03013   6.30 %  2023              10.00          102.81           6.0536
 03013   6.30 %  2023               5.00          102.85           6.0502
 03013   6.30 %  2023               5.00          102.86           6.0494
 03013   6.30 %  2023               5.00          102.86           6.0494
 03013   6.30 %  2023               5.00          102.87           6.0485
 03013   6.30 %  2023               5.00          102.85           6.0502
 03013   6.30 %  2023               5.00          102.85           6.0502
 03013   6.30 %  2023               5.00          102.85           6.0502
 01010  10.18 %  2026               5.00          148.55           6.2052
 01010  10.18 %  2026               5.00          148.60           6.2022
 01010  10.18 %  2026              15.00          148.60           6.2022
 01010  10.18 %  2026               5.00          148.60           6.2022
 03015   6.13 %  2028              15.00          100.90           6.0594
 02015   7.95 %  2032              10.00          123.60           6.1915
 02015   7.95 %  2032              10.00          123.60           6.1915
          Contract Date : June 18, 2003
 94003  12.50 %  2004              60.00          105.52           5.0181
 94003  12.50 %  2004              10.00          105.45           5.1081
 94003  12.50 %  2004              10.00          105.45           5.1081
 94003  12.50 %  2004               5.00          105.45           5.1081
 94003  12.50 %  2004               5.00          105.42           5.1467
 94003  12.50 %  2004              10.00          105.42           5.1467
 94003  12.50 %  2004              10.00          105.44           5.1210
 94003  12.50 %  2004               0.50          106.00           4.4036
 98008  11.50 %  2004              20.00          105.50           5.0980
 98017  11.95 %  2004              40.00          107.185          5.1369
 98022  11.98 %  2004              40.00          108.045          5.0915
 98022  11.98 %  2004              30.00          108.045          5.0915
 97010  11.19 %  2005              10.00          112.20           5.1180
 00013  11.00 %  2006              10.00          116.38           5.2230
 01012   5.29 %  2006               5.00           99.79           5.3565
 98009  11.90 %  2007              10.00          123.18           5.3073
 98009  11.90 %  2007               5.00          123.20           5.3023
 98009  11.90 %  2007              15.00          123.20           5.3023
 98009  11.90 %  2007               5.00          123.20           5.3023
 98009  11.90 %  2007               5.00          123.20           5.3023
 98009  11.90 %  2007               5.00          100.00          11.8945
 98007  12.00 %  2008              25.00          127.78           5.4305
 00016  11.40 %  2008               5.00          127.26           5.3277
 00016  11.40 %  2008               5.00          127.24           5.3316
 00016  11.40 %  2008               5.00          127.24           5.3316
 00016  11.40 %  2008               5.00          127.25           5.3297
 02004   6.96 %  2009               5.00          106.51           5.6234
 02004   6.96 %  2009               5.00          106.50           5.6253
 02004   6.96 %  2009               5.00          106.50           5.6253
 02004   6.96 %  2009               5.00          106.51           5.6234
 02004   6.96 %  2009              10.00          106.48           5.6293
 02004   6.96 %  2009              10.00          106.48           5.6293
 02004   6.96 %  2009              10.00          106.48           5.6293
 02004   6.96 %  2009               5.00          106.50           5.6253
 99006  11.99 %  2009              10.00          132.21           5.4389
 99006  11.99 %  2009               5.00          132.22           5.4372
 99006  11.99 %  2009               5.00          132.22           5.4372
 99006  11.99 %  2009               5.00          132.22           5.4372
 99006  11.99 %  2009               5.00          132.22           5.4372 99006  11.99 %  2009               5.00          132.22           5.4372
 99006  11.99 %  2009               5.00          132.27           5.4286
 03005   6.00 %  2010               5.00          101.38           5.7440
 03005   6.00 %  2010               5.00          101.38           5.7440
 03005   6.00 %  2010               5.00          101.36           5.7476
 03005   6.00 %  2010               5.00          101.36           5.7476
 03005   6.00 %  2010               5.00          101.36           5.7476
 03005   6.00 %  2010               5.00          101.33           5.7531
 03005   6.00 %  2010               5.00          101.33           5.7531
 03005   6.00 %  2010              15.00          101.33           5.7531
 03005   6.00 %  2010               5.00          101.33           5.7531
 03005   6.00 %  2010               5.00          101.33           5.7531
 03005   6.00 %  2010              10.00          101.32           5.7550
 03007   6.20 %  2010              10.00          102.40           5.7576
 03007   6.20 %  2010              10.00          102.39           5.7594
 03007   6.20 %  2010               5.00          102.39           5.7594
 03007   6.20 %  2010               5.00          102.40           5.7576
 03007   6.20 %  2010               5.00          102.40           5.7576
 03007   6.20 %  2010               5.00          102.38           5.7612
 03007   6.20 %  2010               5.00          102.40           5.7576
 03012   6.40 %  2010               5.00          103.51           5.7650
 80003   7.50 %  2010              10.00          109.25           5.8499
 80003   7.50 %  2010               1.00          109.30           5.8415
 02010   7.55 %  2010               5.00          111.26           5.5626
 02010   7.55 %  2010               5.00          111.25           5.5642
 02010   7.55 %  2010               5.00          111.26           5.5626
 02010   7.55 %  2010               5.00          111.26           5.5626
 02010   7.55 %  2010              45.00          100.00           7.5480
 02010   7.55 %  2010               1.00          111.20           5.5725
 82013   8.75 %  2010               0.60          117.70           5.8013
 99005  12.32 %  2011               5.00          139.40           5.8345
 00010  10.95 %  2011               5.00          132.52           5.7875
 00010  10.95 %  2011              10.00          132.52           5.7875
 00010  10.95 %  2011               5.00          132.51           5.7888
 00010  10.95 %  2011               5.00          132.50           5.7901
 00010  10.95 %  2011              10.00          132.52           5.7875
 00010  10.95 %  2011               5.00          132.51           5.7888
 00010  10.95 %  2011               5.00          132.53           5.7862
 00010  10.95 %  2011               5.00          132.50           5.7901
 00010  10.95 %  2011               5.00          132.53           5.7862
 00010  10.95 %  2011               5.00          132.52           5.7875
 00010  10.95 %  2011               5.00          132.50           5.7901
 00010  10.95 %  2011              25.00          132.50           5.7901
 00010  10.95 %  2011               5.00          132.49           5.7915
 00010  10.95 %  2011              10.00          132.53           5.7862
 01007   9.39 %  2011               5.00          123.53           5.6998
 01007   9.39 %  2011               5.00          123.49           5.7053
 01007   9.39 %  2011               5.00          123.52           5.7012
 01007   9.39 %  2011               5.00          123.48           5.7067
 01007   9.39 %  2011               5.00          123.48           5.7067
 01007   9.39 %  2011               5.00          123.54           5.6984
 01007   9.39 %  2011              25.00          123.47           5.7081
 01007   9.39 %  2011               5.00          123.48           5.7067
 01007   9.39 %  2011               5.00          123.48           5.7067
 01007   9.39 %  2011              10.00          123.48           5.7067
 01007   9.39 %  2011               5.00          123.50           5.7039
 01007   9.39 %  2011               5.00          123.50           5.7039 01007   9.39 %  2011               5.00          123.50           5.7039
 01007   9.39 %  2011               5.00          123.50           5.7039
 01007   9.39 %  2011               5.00          123.50           5.7039
 01007   9.39 %  2011               1.00          123.50           5.7039
 01007   9.39 %  2011               5.00          123.50           5.7039
 01007   9.39 %  2011               5.00          123.47           5.7081
 01007   9.39 %  2011               5.00          123.48           5.7067
 01007   9.39 %  2011               5.00          123.48           5.7067
 01007   9.39 %  2011               5.00          123.46           5.7094
 01007   9.39 %  2011               5.00          123.47           5.7081
 00017  11.50 %  2011              20.00          138.00           5.7492
 00017  11.50 %  2011               5.00          138.00           5.7492
 00017  11.50 %  2011               5.00          138.01           5.7479
 00017  11.50 %  2011               5.00          138.03           5.7455
 00017  11.50 %  2011               5.00          137.99           5.7504
 00017  11.50 %  2011               5.00          137.98           5.7516
 00017  11.50 %  2011               5.00          137.99           5.7504
 00017  11.50 %  2011               5.00          138.00           5.7492
 00017  11.50 %  2011               5.00          137.98           5.7516
 00017  11.50 %  2011               5.00          137.98           5.7516
 02006   6.85 %  2012               0.50          107.80           5.7082
 02006   6.85 %  2012               5.00          107.86           5.6998
 02006   6.85 %  2012               5.00          107.86           5.6998
 02006   6.85 %  2012               5.00          107.86           5.6998
 02006   6.85 %  2012               5.00          107.86           5.6998
 02006   6.85 %  2012               5.00          107.85           5.7012
 02006   6.85 %  2012               5.00          107.86           5.6998
 02006   6.85 %  2012               5.00          107.89           5.6956
 02006   6.85 %  2012               0.15          107.88           5.6970
 02006   6.85 %  2012               5.00          107.86           5.6998
 02006   6.85 %  2012              10.00          107.85           5.7012
 02006   6.85 %  2012               0.50          107.83           5.7040
 02006   6.85 %  2012              10.00          107.85           5.7012
 02006   6.85 %  2012               5.00          107.86           5.6998
 02006   6.85 %  2012              15.00          107.85           5.7012
 02006   6.85 %  2012               5.00          107.85           5.7012
 02006   6.85 %  2012               5.00          107.85           5.7012
 02006   6.85 %  2012               5.00          107.85           5.7012
 02006   6.85 %  2012               5.00          107.85           5.7012
 02006   6.85 %  2012               5.00          107.85           5.7012
 02006   6.85 %  2012               1.50          107.90           5.6942
 02006   6.85 %  2012               5.00          107.85           5.7012
 02006   6.85 %  2012               5.00          107.845          5.7019
 02006   6.85 %  2012               5.00          107.87           5.6984
 02006   6.85 %  2012               0.50          107.75           5.7151
 02006   6.85 %  2012               5.00          107.84           5.7026
 02006   6.85 %  2012               0.05          107.65           5.7291
 02006   6.85 %  2012               5.00          107.84           5.7026
 02006   6.85 %  2012               5.00          107.82           5.7054
 02006   6.85 %  2012               5.00          107.82           5.7054
 02006   6.85 %  2012              25.00          107.82           5.7054
 02006   6.85 %  2012               1.00          107.92           5.6914
 02009   7.40 %  2012               5.00          111.55           5.7208
 02009   7.40 %  2012               5.00          111.64           5.7086
 02009   7.40 %  2012              20.00          111.63           5.7100
 02009   7.40 %  2012               5.00          111.63           5.7100
 02009   7.40 %  2012               5.00          111.63           5.7100 02009   7.40 %  2012               5.00          111.64           5.7086
 02009   7.40 %  2012               5.00          111.61           5.7127
 02009   7.40 %  2012               5.00          111.64           5.7086
 02009   7.40 %  2012              25.00          111.62           5.7113
 02009   7.40 %  2012              25.00          111.61           5.7127
 02009   7.40 %  2012               5.00          111.61           5.7127
 02009   7.40 %  2012               5.00          111.64           5.7086
 02009   7.40 %  2012               5.00          111.62           5.7113
 02009   7.40 %  2012               5.00          111.62           5.7113
 02009   7.40 %  2012               5.00          111.63           5.7100
 02009   7.40 %  2012               5.00          111.60           5.7140
 02009   7.40 %  2012               5.00          111.60           5.7140
 02009   7.40 %  2012               5.00          111.60           5.7140
 02009   7.40 %  2012               5.00          111.63           5.7100
 02009   7.40 %  2012               5.00          111.61           5.7127
 02009   7.40 %  2012               5.00          111.65           5.7073
 02009   7.40 %  2012               1.50          111.60           5.7140
 02009   7.40 %  2012               5.00          111.60           5.7140
 02009   7.40 %  2012               5.00          111.60           5.7140
 02009   7.40 %  2012               5.00          111.60           5.7140
 02009   7.40 %  2012               5.00          111.61           5.7127
 02009   7.40 %  2012               5.00          111.64           5.7086
 02009   7.40 %  2012               5.00          111.60           5.7140
 02009   7.40 %  2012               5.00          111.63           5.7100
 02009   7.40 %  2012               5.00          111.64           5.7086
 02009   7.40 %  2012               5.00          111.62           5.7113
 02009   7.40 %  2012               5.00          111.62           5.7113
 02009   7.40 %  2012               5.00          111.62           5.7113
 02009   7.40 %  2012               5.00          111.60           5.7140
 02009   7.40 %  2012               5.00          111.62           5.7113
 02009   7.40 %  2012               2.00          111.62           5.7113
 02009   7.40 %  2012               0.50          111.58           5.7168
 02009   7.40 %  2012               5.00          111.60           5.7140
 02009   7.40 %  2012               1.00          111.60           5.7140
 02009   7.40 %  2012              25.00          111.605          5.7134
 02009   7.40 %  2012               5.00          111.61           5.7127
 02009   7.40 %  2012               5.00          111.62           5.7113
 02009   7.40 %  2012               5.00          111.605          5.7134
 02009   7.40 %  2012               5.00          111.60           5.7140
 02009   7.40 %  2012              10.00          111.60           5.7140
 02009   7.40 %  2012               0.25          111.56           5.7195
 02009   7.40 %  2012               0.50          111.60           5.7140
 02009   7.40 %  2012               5.00          111.60           5.7140
 02009   7.40 %  2012               5.00          111.605          5.7134
 02009   7.40 %  2012               5.00          111.59           5.7154
 02009   7.40 %  2012               5.00          111.59           5.7154
 02009   7.40 %  2012               0.50          111.53           5.7235
 02009   7.40 %  2012               5.00          111.62           5.7113
 02009   7.40 %  2012               0.25          111.75           5.6937
 02009   7.40 %  2012               5.00          111.58           5.7168
 02009   7.40 %  2012               5.00          111.62           5.7113
 02009   7.40 %  2012               5.00          111.62           5.7113
 02009   7.40 %  2012               5.00          111.65           5.7073
 02009   7.40 %  2012               4.00          111.60           5.7140
 02009   7.40 %  2012               0.85          111.57           5.7181
 84005  10.25 %  2012               0.50          129.270          5.9794
 00012  11.03 %  2012               5.00          136.65           5.7844 00012  11.03 %  2012               5.00          136.65           5.7844
 00012  11.03 %  2012               5.00          136.65           5.7844
 00012  11.03 %  2012               5.00          136.65           5.7844
 00012  11.03 %  2012               5.00          136.67           5.7821
 00012  11.03 %  2012               5.00          136.65           5.7844
 02013   6.72 %  2012               5.00          105.20           5.9691
 02013   6.72 %  2012               5.00          105.20           5.9691
 02013   6.72 %  2012               5.00          105.20           5.9691
 02013   6.72 %  2012               0.15          103.10           6.2662
 01009   9.40 %  2012              10.00          125.55           5.7861
 01009   9.40 %  2012              25.00          125.57           5.7836
 01009   9.40 %  2012              10.00          125.59           5.7812
 01009   9.40 %  2012               5.00          125.59           5.7812
 01009   9.40 %  2012               5.00          125.58           5.7824
 01009   9.40 %  2012               5.00          125.60           5.7800
 01009   9.40 %  2012              25.00          125.56           5.7849
 01009   9.40 %  2012              10.00          125.60           5.7800
 01009   9.40 %  2012               5.00          125.55           5.7861
 01009   9.40 %  2012              15.00          125.56           5.7849
 01009   9.40 %  2012               5.00          125.55           5.7861
 01009   9.40 %  2012               5.00          125.56           5.7849
 01009   9.40 %  2012               5.00          125.56           5.7849
 01009   9.40 %  2012               5.00          125.56           5.7849
 01009   9.40 %  2012               5.00          125.55           5.7861
 01009   9.40 %  2012              10.00          125.57           5.7836
 01005   9.81 %  2013              10.00          130.53           5.7392
 01005   9.81 %  2013               5.00          130.53           5.7392
 01005   9.81 %  2013              10.00          130.520          5.7403
 01005   9.81 %  2013               5.00          130.520          5.7403
 01005   9.81 %  2013               5.00          130.540          5.7380
 01005   9.81 %  2013               5.00          130.540          5.7380
 01005   9.81 %  2013               5.00          130.540          5.7380
 01005   9.81 %  2013               5.00          130.520          5.7403
 01005   9.81 %  2013               5.00          130.520          5.7403
 01005   9.81 %  2013               5.00          130.520          5.7403
 01005   9.81 %  2013               5.00          130.540          5.7380
 01005   9.81 %  2013               5.00          130.50           5.7425
 01005   9.81 %  2013               5.00          130.520          5.7403
 01005   9.81 %  2013               5.00          130.53           5.7392
 01005   9.81 %  2013               5.00          130.53           5.7392
 01005   9.81 %  2013               5.00          130.50           5.7425
 01005   9.81 %  2013               5.00          130.510          5.7414
 01005   9.81 %  2013              10.00          130.520          5.7403
 01005   9.81 %  2013               5.00          130.520          5.7403
 01005   9.81 %  2013               5.00          130.50           5.7425
 01005   9.81 %  2013               5.00          130.50           5.7425
 01005   9.81 %  2013              25.00          130.520          5.7403
 01005   9.81 %  2013              25.00          130.510          5.7414
 01005   9.81 %  2013               5.00          130.50           5.7425
 01005   9.81 %  2013              25.00          130.50           5.7425
 02017   7.27 %  2013               5.00          111.94           5.7088
 02017   7.27 %  2013              25.00          111.925          5.7107
 02017   7.27 %  2013               5.00          111.92           5.7113
 02017   7.27 %  2013               5.00          111.93           5.7101
 02017   7.27 %  2013               5.00          111.94           5.7088
 02017   7.27 %  2013               0.50          111.95           5.7076
 02017   7.27 %  2013               5.00          111.91           5.7125 02017   7.27 %  2013               1.00          111.85           5.7198
 02017   7.27 %  2013               5.00          111.93           5.7101
 02017   7.27 %  2013               5.00          111.93           5.7101
 02017   7.27 %  2013               5.00          111.93           5.7101
 02017   7.27 %  2013              10.00          111.93           5.7101
 02017   7.27 %  2013               5.00          111.92           5.7113
 02017   7.27 %  2013               5.00          111.92           5.7113
 02017   7.27 %  2013               5.00          111.90           5.7137
 02017   7.27 %  2013              25.00          111.90           5.7137
 02017   7.27 %  2013               5.00          111.92           5.7113
 02017   7.27 %  2013               5.00          111.93           5.7101
 02017   7.27 %  2013               5.00          111.90           5.7137
 02017   7.27 %  2013               5.00          111.93           5.7101
 02017   7.27 %  2013               5.00          111.92           5.7113
 02017   7.27 %  2013              25.00          111.91           5.7125
 02017   7.27 %  2013               0.50          111.86           5.7186
 02017   7.27 %  2013              10.00          111.89           5.7149
 02017   7.27 %  2013               1.00          111.88           5.7161
 02017   7.27 %  2013               5.00          111.89           5.7149
 02017   7.27 %  2013               5.00          111.87           5.7174
 02017   7.27 %  2013               5.00          111.89           5.7149
 02017   7.27 %  2013               5.00          111.89           5.7149
 02017   7.27 %  2013               5.00          111.87           5.7174
 02017   7.27 %  2013               0.50          111.95           5.7076
 02017   7.27 %  2013               0.50          111.95           5.7076
 03009   6.72 %  2014              10.00          107.60           5.7563
 03009   6.72 %  2014              10.00          107.57           5.7599
 03009   6.72 %  2014              25.00          107.55           5.7624
 03009   6.72 %  2014               5.00          107.54           5.7636
 03009   6.72 %  2014               5.00          107.54           5.7636
 03009   6.72 %  2014               5.00          107.53           5.7648
 02008   7.37 %  2014               5.00          112.64           5.7816
 02008   7.37 %  2014               5.00          112.68           5.7770
 02008   7.37 %  2014               5.00          112.65           5.7804
 02008   7.37 %  2014               1.00          112.60           5.7863
 02008   7.37 %  2014              15.00          112.61           5.7851
 02008   7.37 %  2014               5.00          112.60           5.7863
 00009  10.79 %  2015               0.02          139.70           6.0627
 00015  11.43 %  2015               5.00          145.86           6.0417
 02018   7.38 %  2015               0.25          113.06           5.8654
 02018   7.38 %  2015               1.60          113.17           5.8537
 02018   7.38 %  2015               5.00          113.27           5.8430
 02018   7.38 %  2015               5.00          113.195          5.8510
 02018   7.38 %  2015              10.00          113.22           5.8483
 01011   9.85 %  2015              10.00          134.51           5.8746
 01011   9.85 %  2015               5.00          134.55           5.8708
 01011   9.85 %  2015               5.00          134.55           5.8708
 01011   9.85 %  2015               5.00          134.55           5.8708
 01011   9.85 %  2015               5.00          134.55           5.8708
 01011   9.85 %  2015               5.00          134.55           5.8708
 01011   9.85 %  2015              25.00          134.53           5.8727
 01011   9.85 %  2015               5.00          134.55           5.8708
 01011   9.85 %  2015               5.00          134.54           5.8718
 01011   9.85 %  2015               5.00          134.54           5.8718
 01011   9.85 %  2015               5.00          134.55           5.8708
 01011   9.85 %  2015               5.00          134.54           5.8718
 01011   9.85 %  2015               5.00          134.55           5.8708 01011   9.85 %  2015               5.00          134.55           5.8708
 01011   9.85 %  2015               5.00          134.55           5.8708
 01011   9.85 %  2015              10.00          134.55           5.8708
 01011   9.85 %  2015               5.00          134.55           5.8708
 01011   9.85 %  2015              20.00          134.54           5.8718
 01011   9.85 %  2015               5.00          134.54           5.8718
 01011   9.85 %  2015              25.00          134.56           5.8699
 01011   9.85 %  2015               5.00          134.54           5.8718
 01011   9.85 %  2015               5.00          134.54           5.8718
 01011   9.85 %  2015               5.00          134.53           5.8727
 01011   9.85 %  2015               5.00          134.52           5.8737
 01011   9.85 %  2015              10.00          134.52           5.8737
 01011   9.85 %  2015               5.00          134.53           5.8727
 01011   9.85 %  2015               5.00          134.53           5.8727
 01011   9.85 %  2015               5.00          134.54           5.8718
 01011   9.85 %  2015               5.00          134.53           5.8727
 01011   9.85 %  2015               5.00          134.53           5.8727
 01011   9.85 %  2015               5.00          134.55           5.8708
 01011   9.85 %  2015               5.00          134.52           5.8737
 01011   9.85 %  2015              20.00          134.51           5.8746
 01011   9.85 %  2015               5.00          134.52           5.8737
 01011   9.85 %  2015               5.00          134.52           5.8737
 01011   9.85 %  2015              10.00          134.52           5.8737
 01011   9.85 %  2015               5.00          134.53           5.8727
 01011   9.85 %  2015               5.00          134.52           5.8737
 01011   9.85 %  2015               5.00          134.53           5.8727
 01011   9.85 %  2015               5.00          134.51           5.8746
 01011   9.85 %  2015               5.00          134.53           5.8727
 01011   9.85 %  2015              10.00          134.53           5.8727
 01011   9.85 %  2015               5.00          134.55           5.8708
 01011   9.85 %  2015               5.00          134.525          5.8732
 01011   9.85 %  2015               5.00          134.54           5.8718
 01011   9.85 %  2015               1.00          134.56           5.8699
 01011   9.85 %  2015               5.00          134.52           5.8737
 01011   9.85 %  2015              10.00          134.52           5.8737
 01011   9.85 %  2015               5.00          134.52           5.8737
 01011   9.85 %  2015               5.00          134.50           5.8756
 01011   9.85 %  2015               5.00          100.00           9.8462
 01003  10.71 %  2016               5.00          141.51           6.0194
 01003  10.71 %  2016               5.00          141.52           6.0185
 01003  10.71 %  2016               5.00          141.52           6.0185
 01003  10.71 %  2016               5.00          141.51           6.0194
 01003  10.71 %  2016               5.00          141.51           6.0194
 01003  10.71 %  2016              10.00          141.50           6.0203
 01003  10.71 %  2016               5.00          141.50           6.0203
 01003  10.71 %  2016               5.00          141.51           6.0194
 01003  10.71 %  2016               1.00          141.45           6.0248
 02001   8.07 %  2017               5.00          119.58           5.9469
 02001   8.07 %  2017               5.00          119.58           5.9469
 02001   8.07 %  2017               5.00          119.55           5.9498
 02001   8.07 %  2017               5.00          119.55           5.9498
 02001   8.07 %  2017               5.00          119.58           5.9469
 02001   8.07 %  2017               5.00          119.58           5.9469
 02001   8.07 %  2017               5.00          119.56           5.9488
 02001   8.07 %  2017               5.00          119.58           5.9469
 02001   8.07 %  2017               5.00          119.58           5.9469
 02001   8.07 %  2017               5.00          119.58           5.9469 02001   8.07 %  2017               5.00          119.58           5.9469
 02001   8.07 %  2017               5.00          119.58           5.9469
 02001   8.07 %  2017               5.00          119.60           5.9450
 02001   8.07 %  2017               5.00          119.555          5.9493
 02001   8.07 %  2017              10.00          119.55           5.9498
 02001   8.07 %  2017               5.00          119.58           5.9469
 02001   8.07 %  2017               5.00          119.55           5.9498
 02001   8.07 %  2017               5.00          119.57           5.9479
 02001   8.07 %  2017               5.00          119.57           5.9479
 02001   8.07 %  2017               5.00          119.58           5.9469
 02001   8.07 %  2017               5.00          119.55           5.9498
 02001   8.07 %  2017               5.00          119.53           5.9517
 02001   8.07 %  2017               5.00          119.59           5.9459
 02001   8.07 %  2017               5.00          119.55           5.9498
 02001   8.07 %  2017               5.00          119.53           5.9517
 02001   8.07 %  2017               5.00          119.55           5.9498
 02001   8.07 %  2017               5.00          119.58           5.9469
 02001   8.07 %  2017               5.00          119.54           5.9507
 02001   8.07 %  2017               5.00          119.59           5.9459
 02001   8.07 %  2017               5.00          119.53           5.9517
 02001   8.07 %  2017               5.00          119.58           5.9469
 02001   8.07 %  2017               5.00          119.58           5.9469
 02001   8.07 %  2017              10.00          119.57           5.9479
 02001   8.07 %  2017               5.00          119.53           5.9517
 02001   8.07 %  2017               5.00          119.565          5.9483
 02001   8.07 %  2017               5.00          119.58           5.9469
 02001   8.07 %  2017               5.00          119.53           5.9517
 02001   8.07 %  2017               5.00          119.54           5.9507
 02001   8.07 %  2017               5.00          119.54           5.9507
 02001   8.07 %  2017               5.00          119.57           5.9479
 02001   8.07 %  2017               5.00          119.57           5.9479
 02001   8.07 %  2017               5.00          119.55           5.9498
 02001   8.07 %  2017               5.00          119.58           5.9469
 02001   8.07 %  2017               5.00          119.54           5.9507
 02001   8.07 %  2017               5.00          119.55           5.9498
 02001   8.07 %  2017               5.00          119.52           5.9527
 02001   8.07 %  2017               5.00          119.53           5.9517
 02001   8.07 %  2017               5.00          119.54           5.9507
 02001   8.07 %  2017               5.00          119.55           5.9498
 02001   8.07 %  2017               5.00          119.58           5.9469
 02001   8.07 %  2017               5.00          119.56           5.9488
 02001   8.07 %  2017               5.00          119.545          5.9503
 02001   8.07 %  2017               5.00          119.53           5.9517
 02001   8.07 %  2017               5.00          119.55           5.9498
 02001   8.07 %  2017               5.00          119.53           5.9517
 02001   8.07 %  2017               5.00          119.53           5.9517
 02001   8.07 %  2017               5.00          119.565          5.9483
 02001   8.07 %  2017               5.00          119.54           5.9507
 02001   8.07 %  2017               0.50          119.54           5.9507
 02001   8.07 %  2017               0.50          119.54           5.9507
 02001   8.07 %  2017               5.00          119.55           5.9498
 02001   8.07 %  2017               5.00          119.54           5.9507
 02001   8.07 %  2017               5.00          119.54           5.9507
 02001   8.07 %  2017               5.00          119.54           5.9507
 02001   8.07 %  2017               5.00          119.545          5.9503
 02001   8.07 %  2017               5.00          119.56           5.9488
 02001   8.07 %  2017               5.00          119.54           5.9507 02001   8.07 %  2017               5.00          119.54           5.9507
 02001   8.07 %  2017               5.00          119.55           5.9498
 02001   8.07 %  2017               5.00          119.55           5.9498
 02001   8.07 %  2017               5.00          119.54           5.9507
 02001   8.07 %  2017               5.00          119.54           5.9507
 02001   8.07 %  2017               5.00          119.55           5.9498
 02001   8.07 %  2017               5.00          119.54           5.9507
 02001   8.07 %  2017              25.00          119.54           5.9507
 02001   8.07 %  2017               5.00          119.54           5.9507
 02001   8.07 %  2017               5.00          119.57           5.9479
 02001   8.07 %  2017               0.30          119.50           5.9546
 02001   8.07 %  2017               5.00          119.54           5.9507
 02001   8.07 %  2017               5.00          119.54           5.9507
 02001   8.07 %  2017               5.00          119.57           5.9479
 02001   8.07 %  2017               1.00          119.59           5.9459
 02001   8.07 %  2017               5.00          119.53           5.9517
 02001   8.07 %  2017               5.00          119.53           5.9517
 02001   8.07 %  2017               5.00          119.52           5.9527
 02001   8.07 %  2017               5.00          119.51           5.9536
 02001   8.07 %  2017               5.00          119.51           5.9536
 02001   8.07 %  2017               0.25          119.50           5.9546
 02001   8.07 %  2017               5.00          119.515          5.9531
 02001   8.07 %  2017               5.00          119.58           5.9469
 02001   8.07 %  2017              20.00          100.00           8.0687
 02001   8.07 %  2017               5.00          119.57           5.9479
 02001   8.07 %  2017               5.00          119.545          5.9503
 02001   8.07 %  2017               1.00          119.48           5.9565
 02001   8.07 %  2017               4.50          119.59           5.9459
 02001   8.07 %  2017               0.75          119.57           5.9479
 02001   8.07 %  2017               3.00          119.55           5.9498
 02007   7.49 %  2017               5.00          113.73           6.0124
 02007   7.49 %  2017               5.00          113.79           6.0065
 02007   7.49 %  2017               5.00          113.78           6.0075
 02007   7.49 %  2017              10.00          113.75           6.0104
 02007   7.49 %  2017               5.00          113.76           6.0094
 02007   7.49 %  2017               5.00          113.78           6.0075
 02007   7.49 %  2017               1.00          113.85           6.0006
 02007   7.49 %  2017               5.00          113.77           6.0084
 02007   7.49 %  2017               5.00          113.78           6.0075
 02007   7.49 %  2017               5.00          113.75           6.0104
 02007   7.49 %  2017               1.00          113.75           6.0104
 02007   7.49 %  2017              10.00          113.74           6.0114
 02007   7.49 %  2017               5.00          113.74           6.0114
 02007   7.49 %  2017               5.00          113.74           6.0114
 02007   7.49 %  2017               5.00          113.74           6.0114
 02007   7.49 %  2017               0.50          113.73           6.0124
 02007   7.49 %  2017               5.00          113.75           6.0104
 02007   7.49 %  2017               1.00          113.76           6.0094
 02007   7.49 %  2017               5.00          113.75           6.0104
 02007   7.49 %  2017               5.00          113.80           6.0055
 02007   7.49 %  2017               0.50          113.76           6.0094
 02007   7.49 %  2017               1.00          113.70           6.0154
 02007   7.49 %  2017               5.00          113.76           6.0094
 02007   7.49 %  2017               1.00          113.75           6.0104
 02007   7.49 %  2017               0.50          113.75           6.0104
 02007   7.49 %  2017               1.00          113.78           6.0075
 02007   7.49 %  2017               0.50          113.73           6.0124 02007   7.49 %  2017               0.75          100.00           7.4882
 02007   7.49 %  2017               5.00          113.73           6.0124
 02007   7.49 %  2017               5.00          113.76           6.0094
 02014   7.46 %  2017               5.00          114.00           5.9812
 02014   7.46 %  2017               5.00          114.01           5.9803
 02014   7.46 %  2017               5.00          113.94           5.9871
 02014   7.46 %  2017               5.00          114.00           5.9812
 02014   7.46 %  2017               5.00          114.00           5.9812
 02014   7.46 %  2017               5.00          114.02           5.9793
 02014   7.46 %  2017               5.00          113.97           5.9842
 02014   7.46 %  2017               5.00          113.98           5.9832
 02014   7.46 %  2017               5.00          113.95           5.9861
 02014   7.46 %  2017               5.00          113.98           5.9832
 02014   7.46 %  2017               5.00          114.02           5.9793
 02014   7.46 %  2017               5.00          114.02           5.9793
 02014   7.46 %  2017               5.00          114.02           5.9793
 02014   7.46 %  2017               1.00          113.98           5.9832
 02014   7.46 %  2017               0.50          113.95           5.9861
 02014   7.46 %  2017               0.50          113.97           5.9842
 02014   7.46 %  2017               1.00          114.00           5.9812
 02014   7.46 %  2017               5.00          114.02           5.9793
 02014   7.46 %  2017               1.00          114.00           5.9812
 02014   7.46 %  2017               5.00          114.02           5.9793
 02014   7.46 %  2017               5.00          114.02           5.9793
 02014   7.46 %  2017              10.00          114.01           5.9803
 02014   7.46 %  2017               5.00          114.00           5.9812
 02014   7.46 %  2017               5.00          114.03           5.9784
 02014   7.46 %  2017               5.00          114.005          5.9808
 02014   7.46 %  2017               5.00          114.01           5.9803
 02014   7.46 %  2017               5.00          114.00           5.9812
 02014   7.46 %  2017               5.00          114.00           5.9812
 02014   7.46 %  2017               5.00          114.02           5.9793
 02014   7.46 %  2017               5.00          114.02           5.9793
 02014   7.46 %  2017               5.00          114.00           5.9812
 02014   7.46 %  2017               5.00          114.02           5.9793
 02014   7.46 %  2017               1.00          113.91           5.9900
 02014   7.46 %  2017               5.00          114.03           5.9784
 02014   7.46 %  2017               5.00          114.02           5.9793
 02014   7.46 %  2017               5.00          114.03           5.9784
 02014   7.46 %  2017               5.00          113.98           5.9832
 02014   7.46 %  2017               5.00          114.00           5.9812
 02014   7.46 %  2017               5.00          114.04           5.9774
 02014   7.46 %  2017               0.50          113.96           5.9851
 02014   7.46 %  2017               5.00          114.02           5.9793
 02014   7.46 %  2017               1.00          113.94           5.9871
 02014   7.46 %  2017               5.00          113.99           5.9822
 02014   7.46 %  2017               5.00          114.02           5.9793
 02014   7.46 %  2017               5.00          114.00           5.9812
 02014   7.46 %  2017              10.00          114.02           5.9793
 02014   7.46 %  2017              10.00          113.99           5.9822
 02014   7.46 %  2017              15.00          113.99           5.9822
 02014   7.46 %  2017               5.00          114.02           5.9793
 02014   7.46 %  2017               5.00          114.00           5.9812
 02014   7.46 %  2017               5.00          114.00           5.9812
 02014   7.46 %  2017               5.00          113.98           5.9832
 02014   7.46 %  2017               5.00          114.00           5.9812
 02014   7.46 %  2017               5.00          113.99           5.9822 02014   7.46 %  2017               1.00          114.03           5.9784
 02014   7.46 %  2017               0.50          113.96           5.9851
 02014   7.46 %  2017               1.00          113.98           5.9832
 02014   7.46 %  2017               0.25          113.92           5.9890
 02014   7.46 %  2017               5.00          114.02           5.9793
 02014   7.46 %  2017               0.25          113.92           5.9890
 02014   7.46 %  2017               1.00          114.00           5.9812
 02014   7.46 %  2017               0.50          113.985          5.9827
 02014   7.46 %  2017               5.00          113.98           5.9832
 02014   7.46 %  2017               5.00          113.98           5.9832
 02014   7.46 %  2017               5.00          113.99           5.9822
 02014   7.46 %  2017               5.00          114.00           5.9812
 02014   7.46 %  2017               1.00          114.03           5.9784
 02014   7.46 %  2017               5.00          114.00           5.9812
 02014   7.46 %  2017               1.00          113.96           5.9851
 02014   7.46 %  2017               5.00          113.98           5.9832
 02014   7.46 %  2017               5.00          114.00           5.9812
 02014   7.46 %  2017               5.00          113.985          5.9827
 02014   7.46 %  2017               1.00          113.97           5.9842
 02014   7.46 %  2017               0.50          113.91           5.9900
 02014   7.46 %  2017               1.00          113.97           5.9842
 02014   7.46 %  2017               5.00          113.985          5.9827
 02014   7.46 %  2017               5.00          114.00           5.9812
 02014   7.46 %  2017               2.00          113.97           5.9842
 02014   7.46 %  2017               1.00          114.00           5.9812
 02014   7.46 %  2017               0.50          114.00           5.9812
 02014   7.46 %  2017               0.25          114.03           5.9784
 02014   7.46 %  2017               5.00          113.99           5.9822
 02014   7.46 %  2017               5.00          113.99           5.9822
 02014   7.46 %  2017               5.00          113.98           5.9832
 02014   7.46 %  2017               5.00          114.005          5.9808
 02014   7.46 %  2017              25.00          113.98           5.9832
 02014   7.46 %  2017               1.00          113.97           5.9842
 02014   7.46 %  2017               1.00          114.00           5.9812
 02014   7.46 %  2017               1.00          114.01           5.9803
 02014   7.46 %  2017               5.00          113.99           5.9822
 02014   7.46 %  2017               0.50          113.97           5.9842
 02014   7.46 %  2017               1.00          113.97           5.9842
 02014   7.46 %  2017               5.00          113.99           5.9822
 02014   7.46 %  2017               1.00          113.98           5.9832
 02014   7.46 %  2017               0.09          113.80           6.0006
 02014   7.46 %  2017              10.00          113.98           5.9832
 02014   7.46 %  2017               5.00          113.98           5.9832
 02014   7.46 %  2017               5.00          113.985          5.9827
 02014   7.46 %  2017               5.00          113.98           5.9832
 02014   7.46 %  2017               5.00          113.98           5.9832
 02014   7.46 %  2017               0.50          114.00           5.9812
 02014   7.46 %  2017               1.50          114.03           5.9784
 02014   7.46 %  2017              10.00          114.01           5.9803
 02014   7.46 %  2017               0.75          114.00           5.9812
 02014   7.46 %  2017               5.00          114.00           5.9812
 02014   7.46 %  2017               0.50          113.97           5.9842
 02014   7.46 %  2017               0.75          113.96           5.9851
 02014   7.46 %  2017               5.00          114.00           5.9812
 02014   7.46 %  2017               5.00          114.03           5.9784
 02014   7.46 %  2017               5.00          114.02           5.9793
 02014   7.46 %  2017               5.00          114.00           5.9812 02014   7.46 %  2017               5.00          113.97           5.9842
 02014   7.46 %  2017               5.00          113.80           6.0006
 02014   7.46 %  2017               5.00          114.05           5.9764
 02014   7.46 %  2017               1.00          113.95           5.9861
 02014   7.46 %  2017               0.65          113.95           5.9861
 03003   6.25 %  2018               5.00          103.05           5.9336
 03003   6.25 %  2018               5.00          103.06           5.9326
 03003   6.25 %  2018               5.00          103.02           5.9367
 03003   6.25 %  2018               5.00          103.05           5.9336
 03003   6.25 %  2018               0.25          103.00           5.9387
 03003   6.25 %  2018               5.00          103.09           5.9296
 03003   6.25 %  2018               5.00          103.095          5.9291
 03003   6.25 %  2018              10.00          103.09           5.9296
 03003   6.25 %  2018               5.00          103.095          5.9291
 03003   6.25 %  2018               2.00          103.08           5.9306
 03003   6.25 %  2018              10.00          103.09           5.9296
 03003   6.25 %  2018               1.00          103.00           5.9387
 03003   6.25 %  2018               5.00          103.10           5.9285
 03003   6.25 %  2018               5.00          103.07           5.9316
 03003   6.25 %  2018               5.00          103.10           5.9285
 03003   6.25 %  2018               5.00          103.10           5.9285
 03003   6.25 %  2018               5.00          103.08           5.9306
 03003   6.25 %  2018               5.00          103.08           5.9306
 03003   6.25 %  2018               5.00          103.10           5.9285
 03003   6.25 %  2018               5.00          103.10           5.9285
 03003   6.25 %  2018               5.00          103.10           5.9285
 03003   6.25 %  2018               5.00          103.08           5.9306
 03003   6.25 %  2018               5.00          103.08           5.9306
 03003   6.25 %  2018               5.00          103.09           5.9296
 03003   6.25 %  2018               5.00          103.09           5.9296
 03003   6.25 %  2018               5.00          103.08           5.9306
 03003   6.25 %  2018               5.00          103.08           5.9306
 03003   6.25 %  2018               5.00          103.08           5.9306
 03003   6.25 %  2018               5.00          103.08           5.9306
 03003   6.25 %  2018               5.00          103.08           5.9306
 03003   6.25 %  2018               5.00          103.08           5.9306
 03003   6.25 %  2018               5.00          103.09           5.9296
 03003   6.25 %  2018               5.00          103.08           5.9306
 03003   6.25 %  2018               5.00          103.08           5.9306
 03003   6.25 %  2018               0.30          103.25           5.9133
 03003   6.25 %  2018               5.00          103.09           5.9296
 03003   6.25 %  2018              10.00          103.06           5.9326
 03003   6.25 %  2018               0.50          103.03           5.9357
 03003   6.25 %  2018               5.00          103.10           5.9285
 03003   6.25 %  2018               5.00          103.06           5.9326
 03003   6.25 %  2018               0.50          103.08           5.9306
 03003   6.25 %  2018               5.00          103.065          5.9321
 03003   6.25 %  2018              10.00          103.06           5.9326
 03003   6.25 %  2018               1.00          103.02           5.9367
 03003   6.25 %  2018              15.00          103.07           5.9316
 03003   6.25 %  2018               5.00          103.07           5.9316
 03003   6.25 %  2018               0.50          103.05           5.9336
 03003   6.25 %  2018               0.50          103.03           5.9357
 03003   6.25 %  2018               1.00          103.03           5.9357
 03003   6.25 %  2018               5.00          103.07           5.9316
 03003   6.25 %  2018               5.00          103.07           5.9316
 03003   6.25 %  2018               1.00          103.00           5.9387 03003   6.25 %  2018               0.50          103.00           5.9387
 03003   6.25 %  2018               5.00          103.09           5.9296
 03003   6.25 %  2018               5.00          103.08           5.9306
 03003   6.25 %  2018               0.75          103.01           5.9377
 03003   6.25 %  2018               3.50          103.08           5.9306
 03003   6.25 %  2018               0.061         103.05           5.9336
 03003   6.25 %  2018               5.00          103.075          5.9311
 03003   6.25 %  2018               5.00          103.09           5.9296
 03003   6.25 %  2018               5.00          103.075          5.9311
 03003   6.25 %  2018               1.00          103.08           5.9306
 03003   6.25 %  2018               5.00          103.06           5.9326
 03003   6.25 %  2018               5.00          103.06           5.9326
 03003   6.25 %  2018               5.00          103.07           5.9316
 03003   6.25 %  2018               5.00          103.055          5.9331
 03003   6.25 %  2018               1.00          102.97           5.9418
 03003   6.25 %  2018               1.00          103.05           5.9336
 03003   6.25 %  2018               5.00          103.05           5.9336
 03003   6.25 %  2018               5.00          103.085          5.9301
 03003   6.25 %  2018               3.00          103.01           5.9377
 03003   6.25 %  2018               5.00          103.05           5.9336
 03003   6.25 %  2018               0.50          103.00           5.9387
 03003   6.25 %  2018               1.60          103.02           5.9367
 03003   6.25 %  2018               0.50          103.06           5.9326
 03003   6.25 %  2018               1.00          103.02           5.9367
 03003   6.25 %  2018               5.00          103.04           5.9346
 03003   6.25 %  2018               5.00          103.045          5.9341
 03003   6.25 %  2018               0.50          103.04           5.9346
 03003   6.25 %  2018               0.50          103.00           5.9387
 03003   6.25 %  2018               5.00          103.04           5.9346
 03003   6.25 %  2018               0.03          103.06           5.9326
 03003   6.25 %  2018               5.00          103.05           5.9336
 03003   6.25 %  2018               1.00          103.04           5.9346
 03003   6.25 %  2018               0.50          103.04           5.9346
 03003   6.25 %  2018               5.00          103.03           5.9357
 03003   6.25 %  2018               0.50          103.06           5.9326
 03003   6.25 %  2018               0.25          103.00           5.9387
 03003   6.25 %  2018               5.00          103.08           5.9306
 03003   6.25 %  2018              10.00          103.055          5.9331
 03003   6.25 %  2018               5.00          103.085          5.9301
 03003   6.25 %  2018               1.00          103.06           5.9326
 03003   6.25 %  2018               1.00          103.05           5.9336
 03003   6.25 %  2018               5.00          103.04           5.9346
 03003   6.25 %  2018               1.00          103.07           5.9316
 03003   6.25 %  2018               1.00          103.09           5.9296
 03003   6.25 %  2018               5.00          103.05           5.9336
 03003   6.25 %  2018               5.00          103.10           5.9285
 03003   6.25 %  2018               5.00          103.05           5.9336
 03003   6.25 %  2018               8.00          103.05           5.9336
 03003   6.25 %  2018              10.00          103.10           5.9285
 03003   6.25 %  2018              10.00          103.03           5.9357
 03003   6.25 %  2018              10.00          103.10           5.9285
 03003   6.25 %  2018               0.25          103.00           5.9387
 03003   6.25 %  2018               0.50          102.98           5.9407
 03003   6.25 %  2018               0.30          103.08           5.9306
 01004  10.45 %  2018               5.00          141.40           6.1574
 01008  10.03 %  2019              10.00          140.05           6.0951
 01008  10.03 %  2019               5.00          140.06           6.0943 01008  10.03 %  2019               5.00          140.05           6.0951
 01008  10.03 %  2019              15.00          140.03           6.0966
 00008  10.70 %  2020               1.00          146.65           6.1972
 00008  10.70 %  2020               1.00          146.65           6.1972
 00018  11.60 %  2020               0.18          156.50           6.2489
 01006  10.25 %  2021               5.00          144.15           6.1525
 01006  10.25 %  2021               5.00          144.18           6.1503
 01006  10.25 %  2021               1.41          144.15           6.1525
 01006  10.25 %  2021               1.59          144.15           6.1525
 01006  10.25 %  2021               2.00          144.15           6.1525
 02011   8.35 %  2022              10.00          124.87           6.1124
 02011   8.35 %  2022               5.00          124.88           6.1116
 02011   8.35 %  2022               5.00          124.89           6.1109
 02011   8.35 %  2022               5.00          124.86           6.1132
 02011   8.35 %  2022               5.00          124.86           6.1132
 02011   8.35 %  2022               1.00          124.80           6.1178
 02011   8.35 %  2022               5.00          124.83           6.1155
 02011   8.35 %  2022               5.00          124.86           6.1132
 02011   8.35 %  2022               5.00          124.88           6.1116
 02011   8.35 %  2022               5.00          124.89           6.1109
 02011   8.35 %  2022               5.00          124.84           6.1147
 02011   8.35 %  2022               5.00          124.86           6.1132
 02011   8.35 %  2022               5.00          124.89           6.1109
 02011   8.35 %  2022              10.00          124.84           6.1147
 02011   8.35 %  2022               5.00          124.835          6.1151
 02011   8.35 %  2022              10.00          124.845          6.1143
 02011   8.35 %  2022               5.00          124.835          6.1151
 02011   8.35 %  2022              10.00          124.825          6.1159
 02011   8.35 %  2022               5.00          124.86           6.1132
 02011   8.35 %  2022              10.00          124.87           6.1124
 03013   6.30 %  2023               0.20          102.89           6.0468
 03013   6.30 %  2023               5.00          102.89           6.0468
 03013   6.30 %  2023               0.75          102.90           6.0459
 03013   6.30 %  2023               5.00          102.87           6.0485
 03013   6.30 %  2023               0.50          102.87           6.0485
 03013   6.30 %  2023               0.50          102.90           6.0459
 03013   6.30 %  2023               1.50          102.91           6.0451
 03013   6.30 %  2023               7.00          102.845          6.0506
 03013   6.30 %  2023               1.00          102.89           6.0468
 03013   6.30 %  2023               1.50          102.91           6.0451
 03013   6.30 %  2023               1.00          102.87           6.0485
 03013   6.30 %  2023               5.00          102.91           6.0451
 03013   6.30 %  2023               1.00          102.85           6.0502
 03013   6.30 %  2023               5.00          102.90           6.0459
 03013   6.30 %  2023               5.00          102.91           6.0451
 03013   6.30 %  2023               1.00          102.95           6.0416
 03013   6.30 %  2023               5.00          102.90           6.0459
 03013   6.30 %  2023               5.00          102.90           6.0459
 03013   6.30 %  2023               0.50          102.88           6.0476
 03013   6.30 %  2023               5.00          102.87           6.0485
 03013   6.30 %  2023              10.00          102.865          6.0489
 03013   6.30 %  2023               2.00          102.88           6.0476
 03013   6.30 %  2023               0.25          102.86           6.0493
 03013   6.30 %  2023               0.50          102.88           6.0476
 03013   6.30 %  2023               5.00          102.86           6.0493
 03013   6.30 %  2023               5.00          102.86           6.0493
 03013   6.30 %  2023               0.50          102.89           6.0468 03013   6.30 %  2023               0.50          102.90           6.0459
 03013   6.30 %  2023               1.00          102.91           6.0451
 03013   6.30 %  2023               5.00          102.85           6.0502
 03013   6.30 %  2023               5.00          102.90           6.0459
 03013   6.30 %  2023               0.50          102.90           6.0459
 03013   6.30 %  2023               0.50          102.87           6.0485
 03013   6.30 %  2023               1.00          102.88           6.0476
 03013   6.30 %  2023               0.25          102.94           6.0425
 03013   6.30 %  2023               1.00          102.93           6.0433
 03013   6.30 %  2023               0.20          102.96           6.0408
 03013   6.30 %  2023               1.00          102.90           6.0459
 03015   6.13 %  2028               1.00          101.03           6.0493
 03015   6.13 %  2028               1.00          101.05           6.0477
 03015   6.13 %  2028               0.50          101.00           6.0516
 03015   6.13 %  2028               1.00          101.10           6.0438
 03015   6.13 %  2028               0.50          101.03           6.0493
 03015   6.13 %  2028               5.00          101.00           6.0516
 03015   6.13 %  2028               1.00          101.00           6.0516
 03015   6.13 %  2028               0.50          100.95           6.0555
 03015   6.13 %  2028               0.50          101.02           6.0500
 03015   6.13 %  2028               0.25          101.00           6.0516
     Total                       7216.942
B. State Government Securities
          Contract Date : June 17, 2003
 03231 6.75% ANDHRA PRADESH SDL
       2013                         0.87          103.00          6.3307
 03298 6.35% MAHARASHTRA SDL
       2013                        30.00          100.25          6.3157
 03298 6.35% MAHARASHTRA SDL
       2013                         2.00          100.60          6.2681
          Contract Date : June 18, 2003
 95211 14.00% KERALA S.D.L. 2005    0.50          114.05          6.1524
 99207 12.25 % ASSAM SDL 2009       5.00          128.33          6.3620
 01254 9.53% ANDHRA PRADESH
       GOVT. STOCK 2011            15.00          119.98          6.3507
 01260 9.40% MAHARASHTRA GOVT.
       STOCK 2011                   1.00          119.20          6.3558
 01276 9.45% RAJASTHAN S.D.L
       2011                         5.00          119.68          6.3607
 01263 9.45% ASSAM S.D.L 2011       5.00          119.68          6.3607
 02229 8.00% A.P. SDL 2012          0.20          110.13          6.4620
 03279 6.40% TAMILNADU SDL 2013     0.26          100.74          6.2973
 03262 6.40% GUJARAT SDL 2013       0.50          100.37          6.3480
 03267 6.40% KARNATAKA SDL 2013     0.02          100.60          6.3165
 03284 6.35% A.P. SDL 2013          0.25          100.70          6.2545
 03295 6.35% KARNATAKA SDL 2013     0.20          100.38          6.2979
 03295 6.35% KARNATAKA SDL 2013     0.035         100.40          6.2952
 03295 6.35% KARNATAKA SDL 2013     0.50          100.65          6.2612
 03298 6.35% MAHARASHTRA SDL
       2013                         3.00          100.40          6.2952
     Total                         69.335
C. Treasury Bills
   (i) 14 Day Bills (Maturity-wise)
       (DD/MM/YYYY)
                                           NIL
   (ii) 91 Day Bills (Maturity-wise)       (DD/MM/YYYY)
          Contract Date : June 17, 2003
        29/08/2003                 10.00           99.0349         4.8592
        12/09/2003                  9.05           98.8541         4.8499
          Contract Date : June 18, 2003
        04/07/2003                  1.50           99.7900         4.7876
        04/07/2003                  0.15           99.7900         4.7876
        04/07/2003                  8.49           99.7857         4.8858
        04/07/2003                  1.98           99.7857         4.8858
        08/08/2003                 10.00           99.3062         4.9864
        08/08/2003                  1.85           99.3172         4.9068
        22/08/2003                 10.00           99.1174         4.9866
        22/08/2003                  5.00           99.1306         4.9113
        29/08/2003                  3.00           99.0349         4.9267
        29/08/2003                  2.00           99.0378         4.9117
        29/08/2003                  0.55           99.0378         4.9117
        29/08/2003                 10.00           99.0388         4.9066
        29/08/2003                  0.44           99.0369         4.9164
        29/08/2003                  9.35           99.0369         4.9164
        05/09/2003                  6.40           98.9442         4.9166
        12/09/2003                  6.22           98.8541         4.9063
        12/09/2003                 23.14           98.8517         4.9167
     Total                        119.12
   (iii) 182 Day Bills (Maturity-wise)
       (DD/MM/YYYY)
                                           NIL
   (iv) 364 Day Bills (Maturity-wise)
       (DD/MM/YYYY)
          Contract Date : June 17, 2003
        30/04/2004                  0.17           95.9181         4.8712
        30/04/2004                 15.00           95.8702         4.9308
        15/05/2004                  2.5725         95.7082         4.9017
        28/05/2004                  5.00           95.5045         4.9520
          Contract Date : June 18, 2003
        12/12/2003                  5.95           97.6790         4.8865
        05/03/2004                  0.66           96.6482         4.8367
        30/04/2004                 20.00           95.8702         4.9464
        30/04/2004                 20.00           95.8702         4.9464
        15/05/2004                 10.00           95.7332         4.8866
        15/05/2004                  0.07           95.7499         4.8666
        28/05/2004                 70.00           95.5304         4.9364
        11/06/2004                 25.00           95.3517         4.9428
     Total                        174.4225
II.  REPO Transactions *
    (Other than with RBI)
---------------------------------------------------------------------------
 Loan  Nomenclature                Amount      Price *   Repo Rate   Repo
 Code                            (Face Value) Per Rs.100   (%pa)    Period
                                 (in Rs.Crore) Nominal              (Days)
           (1)                      (2)          (3)        (4)      (5)
---------------------------------------------------------------------------
A. Government of India Dated Securities
 94003  12.50 %  2004             110.00      105.45        4.70       1
 94003  12.50 %  2004              23.00      105.45        4.75       1
 98008  11.50 %  2004              25.00      105.55        4.20       7 97007  12.59 %  2004               2.26      107.15        4.60       5
 97007  12.59 %  2004              13.00      107.20        4.65       1
 98022  11.98 %  2004               5.00      108.05        4.60       5
 00011  10.20 %  2005              14.00      109.90        4.75       5
 97010  11.19 %  2005              50.00      112.15        5.00       1
 00013  11.00 %  2006              25.00      116.40        4.60       1
 87011  11.50 %  2007              39.50      123.00        4.65       1
 87011  11.50 %  2007              25.00      123.00        4.60       1
 87011  11.50 %  2007               8.50      123.00        4.25       1
 00016  11.40 %  2008              20.00      127.30        4.55       1
 00016  11.40 %  2008              96.00      127.30        4.70       2
 00016  11.40 %  2008              78.00      127.30        4.75       1
 00016  11.40 %  2008              78.00      127.30        4.75       1
 00016  11.40 %  2008              20.00      127.30        4.65       1
 00016  11.40 %  2008              23.00      127.30        4.60       1
 00016  11.40 %  2008              32.00      127.30        4.70       1
 00016  11.40 %  2008              39.00      127.30        4.75       1
 00016  11.40 %  2008              33.00      127.25        4.70       1
 00016  11.40 %  2008              23.00      127.30        4.65       1
 00016  11.40 %  2008              40.00      127.25        5.05       1
 02005   6.65 %  2009             121.00      106.25        5.05       1
 02005   6.65 %  2009              38.00      106.25        4.70       1
 02005   6.65 %  2009              18.70      106.25        4.80       1
 99005  12.32 %  2011              25.00      140.00        4.65       1
 02006   6.85 %  2012              74.00      107.88        4.70       1
 02006   6.85 %  2012              24.00      107.88        4.60       1
 02006   6.85 %  2012              23.00      107.88        4.80       1
 02006   6.85 %  2012               9.50      107.80        5.05       1
 00012  11.03 %  2012              18.00      136.60        4.60       1
 02017   7.27 %  2013              30.00      111.90        4.65       1
 03014   5.09 %  2014             100.00       99.85        4.70       2
 03014   5.09 %  2014              50.00       99.85        4.70       2
 03014   5.09 %  2014              75.00       99.85        4.75       5
 02018   7.38 %  2015              11.55      113.25        4.60       1
 01003  10.71 %  2016              55.00      141.50        4.85       1
 01003  10.71 %  2016              22.00      141.50        4.80       1
 02011   8.35 %  2022              16.00      124.90        4.75       1
 03013   6.30 %  2023              50.00      103.00        4.70       2
 03013   6.30 %  2023              20.00      103.00        4.75       1
 02015   7.95 %  2032              38.00      123.75        4.70       2
     Total                       1641.01
B. State Government Securities
                                           NIL
C. Treasury Bills
   (i) 14 Day Bills (Maturity-wise)
      (DD/MM/YYYY)
                                           NIL
   (ii) 91 Day Bills (Maturity-wise)
      (DD/MM/YYYY)
        05/09/2003                 40.00       98.9442      5.00       1
     Total                         40.00
   (iii) 182 Day Bills (Maturity-wise)
      (DD/MM/YYYY)
                                           NIL
   (iv) 364 Day Bills (Maturity-wise)
       (DD/MM/YYYY)
        27/06/2003                 30.00       99.8781      5.10       1        11/07/2003                 10.00       99.6891      5.05       1
        28/11/2003                 20.00       97.8373      4.70       1
        09/01/2004                 35.00       95.3944      4.65       1
        28/05/2004                 50.00       95.6599      4.75       1
        11/06/2004                 20.00       95.3574      4.75       2
     Total                        165.00
--------------------------------------------------------------------------
* Relate to the first leg of Repos
# YTM(indicative) will depend upon assumed rate of inflation
Date :  18 June 2003