Subsidiary General Ledger Account Transactions
in Government Dated Securities and Treasury Bills
at RBI, Mumbai on 25 April 2003
---------------------------------------------------------------------------
 Loan  Nomenclature              Amount           Price *        YTM %
 Code                            (Face Value)     Per Rs.100   Indicative
                                 (in Rs.Crore)    nominal
---------------------------------------------------------------------------
I.  Outright Transactions
A.Government of India Dated Securities
          Contract Date : April 24, 2003
 00016  11.40 %  2008               5.00          125.95           5.7026
 00016  11.40 %  2008               5.00          125.95           5.7026
 00016  11.40 %  2008               5.00          125.94           5.7045
 00016  11.40 %  2008               5.00          125.95           5.7026
 00016  11.40 %  2008               5.00          125.965          5.6998
 00016  11.40 %  2008               5.00          125.96           5.7007
 00016  11.40 %  2008               5.00          125.95           5.7026
 00016  11.40 %  2008              10.00          125.95           5.7026
 00016  11.40 %  2008              10.00          125.93           5.7064
 02004   6.96 %  2009               5.00          104.05           6.1341
 99006  11.99 %  2009               5.00          130.580          5.8340
 99006  11.99 %  2009               5.00          130.53           5.8425
 99006  11.99 %  2009               5.00          130.550          5.8391
 99006  11.99 %  2009               5.00          130.550          5.8391
 99006  11.99 %  2009               5.00          130.53           5.8425
 99006  11.99 %  2009               5.00          130.53           5.8425
 99006  11.99 %  2009               5.00          130.550          5.8391
 79002   7.00 %  2009               0.50          105.05           5.9959
 03002   5.87 %  2010               5.00           99.98           5.8718
 03005   6.00 %  2010              10.00           98.65           6.2469
 03005   6.00 %  2010              25.00           98.78           6.2228
 03005   6.00 %  2010               5.00           98.60           6.2562
 03007   6.20 %  2010              25.00           99.83           6.2290
 02010   7.55 %  2010               5.00          109.80           5.8347
 02010   7.55 %  2010              10.00          109.71           5.8496
 02010   7.55 %  2010               5.00          109.78           5.8380
 02010   7.55 %  2010               5.00          109.76           5.8413
 02010   7.55 %  2010               5.00          109.78           5.8380
 02010   7.55 %  2010               5.00          109.78           5.8380
 02010   7.55 %  2010              10.00          109.78           5.8380
 02010   7.55 %  2010              10.00          109.80           5.8347
 00010  10.95 %  2011               5.00          130.00           6.1837
 00010  10.95 %  2011               5.00          130.040          6.1783
 00010  10.95 %  2011               5.00          130.03           6.1797
 00010  10.95 %  2011               5.00          130.050          6.1770
 01007   9.39 %  2011              75.00          121.70           5.9953
 01007   9.39 %  2011               5.00          121.80           5.9815
 01007   9.39 %  2011              10.00          121.84           5.9760
 01007   9.39 %  2011              10.00          121.81           5.9801
 01007   9.39 %  2011               5.00          121.84           5.9760 01007   9.39 %  2011               5.00          121.86           5.9732
 01007   9.39 %  2011               5.00          121.80           5.9815
 01007   9.39 %  2011               5.00          121.85           5.9746
 01007   9.39 %  2011              10.00          121.80           5.9815
 01007   9.39 %  2011               5.00          121.86           5.9732
 01007   9.39 %  2011               5.00          121.84           5.9760
 01007   9.39 %  2011               5.00          121.85           5.9746
 01007   9.39 %  2011               5.00          121.80           5.9815
 00017  11.50 %  2011              25.00          135.90           6.0701
 02006   6.85 %  2012              10.00          105.70           6.0162
 02009   7.40 %  2012              50.00          110.25           5.9174
 02009   7.40 %  2012              10.00          110.30           5.9106
 02009   7.40 %  2012               5.00          110.30           5.9106
 02009   7.40 %  2012               5.00          110.35           5.9038
 02009   7.40 %  2012              10.00          110.35           5.9038
 02009   7.40 %  2012              10.00          110.32           5.9079
 02009   7.40 %  2012               5.00          110.30           5.9106
 02009   7.40 %  2012              25.00          110.35           5.9038
 02009   7.40 %  2012              10.00          110.35           5.9038
 02009   7.40 %  2012               5.00          110.35           5.9038
 02009   7.40 %  2012               5.00          110.33           5.9065
 02009   7.40 %  2012               5.00          110.35           5.9038
 02009   7.40 %  2012               5.00          110.31           5.9093
 02009   7.40 %  2012               5.00          110.33           5.9065
 02009   7.40 %  2012               5.00          110.35           5.9038
 02009   7.40 %  2012               5.00          110.35           5.9038
 02009   7.40 %  2012              25.00          110.32           5.9079
 02009   7.40 %  2012              10.00          110.32           5.9079
 00012  11.03 %  2012              25.00          134.75           6.0580
 00012  11.03 %  2012              50.00          134.75           6.0580
 00012  11.03 %  2012               5.00          134.78           6.0545
 00012  11.03 %  2012               5.00          134.76           6.0569
 00012  11.03 %  2012               5.00          134.76           6.0569
 02013   6.72 %  2012              20.00          104.08           6.1329
 02013   6.72 %  2012               5.00          104.05           6.1371
 01009   9.40 %  2012              15.00          123.25           6.1058
 01005   9.81 %  2013              25.00          129.200          5.9252
 01005   9.81 %  2013               5.00          129.300          5.9139
 01005   9.81 %  2013               5.00          129.290          5.9150
 01005   9.81 %  2013               5.00          129.32           5.9117
 01005   9.81 %  2013               5.00          129.31           5.9128
 01005   9.81 %  2013               5.00          129.32           5.9117
 01005   9.81 %  2013               5.00          129.290          5.9150
 01005   9.81 %  2013               5.00          129.300          5.9139
 01005   9.81 %  2013               5.00          129.28           5.9162
 01005   9.81 %  2013              25.00          129.290          5.9150
 01005   9.81 %  2013               5.00          129.140          5.9319
 98021  12.40 %  2013               1.80          144.95           6.3843
 02017   7.27 %  2013              10.00          110.10           5.9485
 02008   7.37 %  2014               5.00          110.75           6.0175
 02008   7.37 %  2014              10.00          110.77           6.0152
 02008   7.37 %  2014              10.00          110.75           6.0175
 02008   7.37 %  2014               5.00          110.78           6.0140
 02008   7.37 %  2014               5.00          110.75           6.0175
 02008   7.37 %  2014               5.00          110.75           6.0175
 02008   7.37 %  2014               5.00          110.75           6.0175
 02008   7.37 %  2014               5.00          110.60           6.0352 99020  11.83 %  2014               5.00          144.12           6.3740
 99020  11.83 %  2014              15.00          144.40           6.3471
 02018   7.38 %  2015               5.00          111.00           6.0986
 01011   9.85 %  2015               5.00          132.01           6.1400
 01011   9.85 %  2015               5.00          132.05           6.1361
 01011   9.85 %  2015               5.00          132.03           6.1380
 01011   9.85 %  2015               5.00          132.04           6.1371
 01011   9.85 %  2015               5.00          132.05           6.1361
 01003  10.71 %  2016               5.00          138.65           6.3061
 01003  10.71 %  2016               5.00          138.65           6.3061
 02001   8.07 %  2017               5.00          117.36           6.1744
 02001   8.07 %  2017               5.00          117.30           6.1803
 02001   8.07 %  2017               5.00          117.35           6.1754
 02001   8.07 %  2017               5.00          117.27           6.1833
 02001   8.07 %  2017               5.00          117.35           6.1754
 02001   8.07 %  2017               5.00          117.38           6.1725
 02001   8.07 %  2017               5.00          117.30           6.1803
 02001   8.07 %  2017               5.00          117.36           6.1744
 02001   8.07 %  2017               5.00          117.37           6.1735
 02001   8.07 %  2017               5.00          117.35           6.1754
 02001   8.07 %  2017               5.00          117.38           6.1725
 02001   8.07 %  2017               5.00          117.30           6.1803
 02001   8.07 %  2017               5.00          117.38           6.1725
 02001   8.07 %  2017               5.00          117.30           6.1803
 02001   8.07 %  2017               5.00          117.35           6.1754
 02001   8.07 %  2017               5.00          117.335          6.1769
 02001   8.07 %  2017              10.00          117.30           6.1803
 02001   8.07 %  2017               5.00          117.25           6.1852
 02007   7.49 %  2017              35.00          111.66           6.2283
 02014   7.46 %  2017               5.00          112.00           6.1848
 02014   7.46 %  2017               5.00          112.00           6.1848
 02014   7.46 %  2017               5.00          111.92           6.1927
 02014   7.46 %  2017               5.00          111.93           6.1917
 02014   7.46 %  2017              10.00          111.93           6.1917
 02014   7.46 %  2017              10.00          111.93           6.1917
 02014   7.46 %  2017               5.00          111.95           6.1897
 02014   7.46 %  2017               5.00          111.95           6.1897
 02014   7.46 %  2017               5.00          111.92           6.1927
 02014   7.46 %  2017               5.00          111.92           6.1927
 02014   7.46 %  2017              10.00          111.95           6.1897
 02014   7.46 %  2017               5.00          111.94           6.1907
 02014   7.46 %  2017               5.00          111.94           6.1907
 03003   6.25 %  2018              10.00          101.40           6.1032
 03003   6.25 %  2018               5.00          101.08           6.1362
 03003   6.25 %  2018               5.00          101.08           6.1362
 03003   6.25 %  2018               5.00          101.08           6.1362
 03003   6.25 %  2018               5.00          101.08           6.1362
 03003   6.25 %  2018              50.00          101.55           6.0877
 03003   6.25 %  2018               5.00          101.155          6.1285
 03003   6.25 %  2018               0.25          101.24           6.1197
 00008  10.70 %  2020              75.00          144.25           6.3929
 01006  10.25 %  2021               5.00          141.05           6.3897
 01006  10.25 %  2021              10.00          141.03           6.3911
 01006  10.25 %  2021               5.00          141.05           6.3897
 01006  10.25 %  2021              10.00          141.08           6.3875
 01006  10.25 %  2021               5.00          141.02           6.3919
 01006  10.25 %  2021              10.00          141.08           6.3875 02011   8.35 %  2022              75.00          122.05           6.3397
 02011   8.35 %  2022               5.00          122.09           6.3365
 02011   8.35 %  2022              10.00          122.10           6.3357
 02011   8.35 %  2022               5.00          122.08           6.3373
 02011   8.35 %  2022              20.00          122.05           6.3397
 03013   6.30 %  2023               0.50          101.14           6.1993
 02015   7.95 %  2032             100.00          120.50           6.3929
 02015   7.95 %  2032               5.00          120.75           6.3766
 02015   7.95 %  2032               5.00          120.75           6.3766
 02015   7.95 %  2032               5.00          120.60           6.3864
 02015   7.95 %  2032              10.00          120.65           6.3831
          Contract Date : April 25, 2003
 75002   6.50 %  2003               0.235         100.342          5.0786
 75002   6.50 %  2003               0.225         100.342          5.0786
 75002   6.50 %  2003               0.8925        100.342          5.0786
 75002   6.50 %  2003               2.275         100.342          5.0786
 94003  12.50 %  2004              10.00          106.42           5.1819
 94003  12.50 %  2004               5.00          106.44           5.1603
 94003  12.50 %  2004              10.00          106.445          5.1549
 94003  12.50 %  2004              25.00          106.50           5.0955
 97007  12.59 %  2004              10.00          108.05           5.2524
 00007   9.90 %  2005              10.00          108.35           5.4201
 95004  13.75 %  2005              25.00          115.60           5.5110
 95006  14.00 %  2005              22.2775        116.74           5.5141
 90009  11.25 %  2005               5.00          111.70           5.3520
 95012  14.00 %  2005(INSTA        25.00          118.75           5.4749
 99008  11.68 %  2006               5.00          116.93           5.4081
 99008  11.68 %  2006               5.00          117.05           5.3679
 99008  11.68 %  2006               5.00          117.05           5.3679
 98005  11.75 %  2006               1.00          117.15           5.4282
 86007  11.50 %  2006              10.00          116.20           5.6371
 00013  11.00 %  2006              10.00          116.50           5.4031
 00013  11.00 %  2006               5.00          116.50           5.4031
 98009  11.90 %  2007               5.00          122.97           5.5448
 98009  11.90 %  2007              10.00          123.00           5.5375
 84002   9.50 %  2008               5.00          115.37           5.7953
 98007  12.00 %  2008               0.03          127.25           5.6830
 88008  11.50 %  2008               5.00          124.00           5.9514
 00016  11.40 %  2008               5.00          125.90           5.7099
 00016  11.40 %  2008              20.00          125.80           5.7289
 00016  11.40 %  2008               5.00          125.89           5.7118
 00016  11.40 %  2008               5.00          125.92           5.7061
 00016  11.40 %  2008               5.00          125.94           5.7023
 00016  11.40 %  2008               5.00          125.95           5.7004
 00016  11.40 %  2008               5.00          125.95           5.7004
 00016  11.40 %  2008               5.00          125.90           5.7099
 00016  11.40 %  2008              25.00          125.90           5.7099
 00016  11.40 %  2008               5.00          125.98           5.6947
 00016  11.40 %  2008               5.00          126.02           5.6871
 00016  11.40 %  2008               5.00          126.02           5.6871
 00016  11.40 %  2008               5.00          126.05           5.6814
 00016  11.40 %  2008               5.00          126.05           5.6814
 00016  11.40 %  2008              10.00          126.00           5.6909
 00016  11.40 %  2008               5.00          126.10           5.6719
 00016  11.40 %  2008               5.00          125.95           5.7004
 00016  11.40 %  2008               5.00          126.00           5.6909
 98023  12.25 %  2008               3.00          128.700          5.9274 02004   6.96 %  2009               5.00          104.03           6.1378
 02004   6.96 %  2009               5.00          104.01           6.1417
 02004   6.96 %  2009               5.00          104.03           6.1378
 02005   6.65 %  2009              25.00          104.10           5.8232
 02005   6.65 %  2009               1.00          103.55           5.9317
 02005   6.65 %  2009               0.50          103.26           5.9891
 99006  11.99 %  2009               5.00          130.50           5.8456
 99006  11.99 %  2009               5.00          130.480          5.8490
 99006  11.99 %  2009               5.00          130.50           5.8456
 99006  11.99 %  2009               5.00          130.520          5.8422
 99006  11.99 %  2009               5.00          130.50           5.8456
 99006  11.99 %  2009               5.00          130.520          5.8422
 99006  11.99 %  2009               5.00          130.520          5.8422
 99006  11.99 %  2009               5.00          130.510          5.8439
 99006  11.99 %  2009               5.00          130.540          5.8387
 99006  11.99 %  2009               5.00          130.555          5.8362
 99006  11.99 %  2009               5.00          130.550          5.8370
 99006  11.99 %  2009               5.00          130.540          5.8387
 99006  11.99 %  2009               5.00          130.555          5.8362
 99006  11.99 %  2009               5.00          130.56           5.8353
 99006  11.99 %  2009              25.00          130.550          5.8370
 99006  11.99 %  2009               5.00          130.57           5.8336
 99006  11.99 %  2009               5.00          130.56           5.8353
 99006  11.99 %  2009               5.00          130.580          5.8319
 99006  11.99 %  2009               5.00          130.59           5.8302
 99006  11.99 %  2009              10.00          130.50           5.8456
 99006  11.99 %  2009              10.00          130.60           5.8285
 99006  11.99 %  2009               5.00          130.60           5.8285
 99006  11.99 %  2009               5.00          130.72           5.8081
 99006  11.99 %  2009               5.00          100.00          11.9863
 79002   7.00 %  2009               0.05          106.25           5.7659
 79002   7.00 %  2009               0.05          106.25           5.7659
 79002   7.00 %  2009              20.00          105.55           5.8995
 79002   7.00 %  2009               0.0275        106.10           5.7945
 03002   5.87 %  2010              20.00          100.03           5.8627
 03002   5.87 %  2010              25.00          100.05           5.8590
 03002   5.87 %  2010              20.00          100.05           5.8590
 03005   6.00 %  2010               5.00           98.60           6.2563
 03005   6.00 %  2010               5.00           98.62           6.2526
 99004  12.29 %  2010               5.00          134.30           6.0328
 80003   7.50 %  2010               0.01          100.00           7.4989
 82013   8.75 %  2010               0.18          100.00           8.7467
 00010  10.95 %  2011               5.00          130.00           6.1827
 00010  10.95 %  2011               5.00          130.050          6.1760
 00010  10.95 %  2011               5.00          130.020          6.1800
 00010  10.95 %  2011               5.00          130.040          6.1773
 00010  10.95 %  2011               5.00          130.040          6.1773
 00010  10.95 %  2011               5.00          130.00           6.1827
 00010  10.95 %  2011               5.00          130.040          6.1773
 00010  10.95 %  2011               5.00          130.00           6.1827
 00010  10.95 %  2011               5.00          130.00           6.1827
 00010  10.95 %  2011               5.00          130.00           6.1827
 00010  10.95 %  2011               5.00          130.00           6.1827
 00010  10.95 %  2011               5.00          130.00           6.1827
 00010  10.95 %  2011               5.00          130.00           6.1827
 00010  10.95 %  2011               5.00          130.10           6.1693
 00010  10.95 %  2011               5.00          130.10           6.1693 01007   9.39 %  2011               5.00          121.75           5.9876
 01007   9.39 %  2011               5.00          121.70           5.9945
 01007   9.39 %  2011               5.00          121.73           5.9904
 01007   9.39 %  2011              10.00          121.78           5.9835
 01007   9.39 %  2011               5.00          121.78           5.9835
 01007   9.39 %  2011               5.00          121.80           5.9807
 01007   9.39 %  2011               5.00          121.80           5.9807
 01007   9.39 %  2011               5.00          121.80           5.9807
 01007   9.39 %  2011               5.00          121.84           5.9752
 01007   9.39 %  2011               5.00          121.70           5.9945
 01007   9.39 %  2011               5.00          121.89           5.9683
 01007   9.39 %  2011               5.00          121.89           5.9683
 01007   9.39 %  2011               5.00          121.80           5.9807
 01007   9.39 %  2011               5.00          121.82           5.9779
 00017  11.50 %  2011               5.00          135.92           6.0666
 00017  11.50 %  2011              10.00          135.92           6.0666
 00017  11.50 %  2011               5.00          136.00           6.0567
 00017  11.50 %  2011               5.00          136.00           6.0567
 02006   6.85 %  2012               0.50          105.80           6.0018
 02006   6.85 %  2012               1.00          105.15           6.0939
 02006   6.85 %  2012               0.25          105.00           6.1152
 02006   6.85 %  2012               0.47          104.96           6.1209
 02009   7.40 %  2012               5.00          110.32           5.9076
 02009   7.40 %  2012               2.00          110.36           5.9022
 02009   7.40 %  2012               5.00          110.30           5.9103
 02009   7.40 %  2012               5.00          110.27           5.9144
 02009   7.40 %  2012               5.00          110.30           5.9103
 02009   7.40 %  2012               5.00          110.28           5.9131
 02009   7.40 %  2012               5.00          110.26           5.9158
 02009   7.40 %  2012               5.00          110.24           5.9185
 02009   7.40 %  2012               5.00          110.25           5.9171
 02009   7.40 %  2012              10.00          110.26           5.9158
 02009   7.40 %  2012              10.00          110.30           5.9103
 02009   7.40 %  2012               0.50          110.28           5.9131
 02009   7.40 %  2012               0.25          110.33           5.9063
 02009   7.40 %  2012               0.50          110.44           5.8913
 02009   7.40 %  2012              10.00          110.30           5.9103
 02009   7.40 %  2012               5.00          110.30           5.9103
 02009   7.40 %  2012               5.00          110.30           5.9103
 02009   7.40 %  2012               5.00          110.31           5.9090
 02009   7.40 %  2012               5.00          110.28           5.9131
 02009   7.40 %  2012               5.00          110.29           5.9117
 02009   7.40 %  2012               5.00          110.28           5.9131
 02009   7.40 %  2012               5.00          110.30           5.9103
 02009   7.40 %  2012               5.00          110.29           5.9117
 02009   7.40 %  2012               5.00          110.25           5.9171
 02009   7.40 %  2012               5.00          110.28           5.9131
 02009   7.40 %  2012               5.00          110.25           5.9171
 02009   7.40 %  2012               5.00          110.25           5.9171
 02009   7.40 %  2012              25.00          110.28           5.9131
 02009   7.40 %  2012               5.00          110.30           5.9103
 02009   7.40 %  2012               5.00          110.35           5.9035
 02009   7.40 %  2012               2.00          110.33           5.9063
 02009   7.40 %  2012               5.00          110.35           5.9035
 02009   7.40 %  2012               5.00          110.29           5.9117
 02009   7.40 %  2012              10.00          110.28           5.9131
 02009   7.40 %  2012               5.00          110.28           5.9131 02009   7.40 %  2012              10.00          110.35           5.9035
 02009   7.40 %  2012               1.00          110.25           5.9171
 02009   7.40 %  2012               5.00          110.35           5.9035
 02009   7.40 %  2012              10.00          110.35           5.9035
 02009   7.40 %  2012               5.00          110.32           5.9076
 02009   7.40 %  2012               5.00          110.32           5.9076
 02009   7.40 %  2012               5.00          110.34           5.9049
 02009   7.40 %  2012               5.00          110.33           5.9063
 02009   7.40 %  2012              10.00          110.33           5.9063
 02009   7.40 %  2012               5.00          110.275          5.9137
 02009   7.40 %  2012              10.00          110.33           5.9063
 02009   7.40 %  2012              10.00          110.35           5.9035
 02009   7.40 %  2012               5.00          110.35           5.9035
 02009   7.40 %  2012               5.00          110.32           5.9076
 02009   7.40 %  2012               5.00          110.32           5.9076
 02009   7.40 %  2012               5.00          110.32           5.9076
 02009   7.40 %  2012               5.00          110.31           5.9090
 02009   7.40 %  2012               5.00          110.31           5.9090
 02009   7.40 %  2012               5.00          110.35           5.9035
 02009   7.40 %  2012               5.00          110.39           5.8981
 02009   7.40 %  2012              10.00          110.35           5.9035
 02009   7.40 %  2012               5.00          110.40           5.8967
 02009   7.40 %  2012               5.00          110.34           5.9049
 02009   7.40 %  2012              10.00          110.40           5.8967
 02009   7.40 %  2012               5.00          110.38           5.8995
 02009   7.40 %  2012               5.00          110.40           5.8967
 02009   7.40 %  2012               5.00          110.40           5.8967
 02009   7.40 %  2012               5.00          110.40           5.8967
 02009   7.40 %  2012               5.00          110.40           5.8967
 02009   7.40 %  2012               5.00          110.40           5.8967
 02009   7.40 %  2012               5.00          110.40           5.8967
 02009   7.40 %  2012               5.00          110.40           5.8967
 02009   7.40 %  2012               5.00          110.33           5.9063
 02009   7.40 %  2012               5.00          110.38           5.8995
 02009   7.40 %  2012              10.00          110.35           5.9035
 02009   7.40 %  2012              10.00          110.38           5.8995
 02009   7.40 %  2012               5.00          110.35           5.9035
 02009   7.40 %  2012               5.00          110.30           5.9103
 02009   7.40 %  2012              10.00          110.28           5.9131
 02009   7.40 %  2012               5.00          110.25           5.9171
 02009   7.40 %  2012               1.00          110.25           5.9171
 02009   7.40 %  2012               0.75          110.45           5.8900
 02013   6.72 %  2012              30.00          104.055          6.1363
 02013   6.72 %  2012              20.00          104.15           6.1230
 02013   6.72 %  2012              10.00          104.30           6.1020
 02013   6.72 %  2012               5.00          104.20           6.1160
 01009   9.40 %  2012              10.00          123.12           6.1213
 01009   9.40 %  2012               5.00          123.08           6.1262
 01009   9.40 %  2012               5.00          123.15           6.1175
 01009   9.40 %  2012              25.00          123.20           6.1113
 82005   9.00 %  2013               0.02          100.00           8.9979
 01005   9.81 %  2013               5.00          129.25           5.9189
 01005   9.81 %  2013               5.00          129.22           5.9223
 01005   9.81 %  2013               4.00          129.290          5.9144
 01005   9.81 %  2013               5.00          129.260          5.9178
 01005   9.81 %  2013               5.00          129.25           5.9189
 01005   9.81 %  2013               5.00          129.25           5.9189 01005   9.81 %  2013               5.00          129.230          5.9211
 01005   9.81 %  2013               5.00          129.260          5.9178
 01005   9.81 %  2013               5.00          129.25           5.9189
 01005   9.81 %  2013               5.00          129.25           5.9189
 01005   9.81 %  2013               5.00          129.22           5.9223
 01005   9.81 %  2013               5.00          129.28           5.9155
 01005   9.81 %  2013               5.00          129.25           5.9189
 01005   9.81 %  2013               5.00          129.28           5.9155
 01005   9.81 %  2013               5.00          129.28           5.9155
 01005   9.81 %  2013               5.00          129.290          5.9144
 01005   9.81 %  2013              10.00          129.210          5.9234
 01005   9.81 %  2013               5.00          129.290          5.9144
 01005   9.81 %  2013               5.00          129.230          5.9211
 01005   9.81 %  2013               5.00          129.32           5.9110
 01005   9.81 %  2013               5.00          129.25           5.9189
 01005   9.81 %  2013              10.00          129.300          5.9133
 01005   9.81 %  2013               5.00          129.32           5.9110
 01005   9.81 %  2013               5.00          129.32           5.9110
 01005   9.81 %  2013               5.00          129.32           5.9110
 01005   9.81 %  2013               5.00          129.32           5.9110
 01005   9.81 %  2013               5.00          129.32           5.9110
 01005   9.81 %  2013               5.00          129.290          5.9144
 01005   9.81 %  2013               5.00          129.32           5.9110
 01005   9.81 %  2013               5.00          129.270          5.9166
 01005   9.81 %  2013               5.00          129.35           5.9076
 01005   9.81 %  2013               5.00          129.335          5.9093
 01005   9.81 %  2013               5.00          129.35           5.9076
 01005   9.81 %  2013               5.00          129.31           5.9121
 01005   9.81 %  2013               5.00          129.35           5.9076
 01005   9.81 %  2013               5.00          129.300          5.9133
 01005   9.81 %  2013               5.00          129.37           5.9054
 01005   9.81 %  2013               5.00          129.35           5.9076
 01005   9.81 %  2013               5.00          129.38           5.9043
 01005   9.81 %  2013               5.00          129.32           5.9110
 01005   9.81 %  2013               5.00          129.330          5.9099
 01005   9.81 %  2013               5.00          129.330          5.9099
 01005   9.81 %  2013               5.00          129.35           5.9076
 01005   9.81 %  2013               5.00          129.35           5.9076
 98021  12.40 %  2013               0.25          145.50           6.3262
 98021  12.40 %  2013               2.00          145.45           6.3314
 98021  12.40 %  2013               4.00          145.00           6.3782
 98021  12.40 %  2013               5.00          145.00           6.3782
 98021  12.40 %  2013               5.00          145.00           6.3782
 98021  12.40 %  2013               0.15          144.60           6.4199
 98021  12.40 %  2013               0.10          143.70           6.5144
 98021  12.40 %  2013               2.60          144.80           6.3990
 02017   7.27 %  2013               0.50          110.19           5.9372
 02008   7.37 %  2014               5.00          110.68           6.0255
 02008   7.37 %  2014               5.00          110.72           6.0208
 02008   7.37 %  2014               5.00          110.75           6.0173
 02008   7.37 %  2014               1.00          110.70           6.0232
 83004  10.00 %  2014               0.0035        100.00           9.9971
 83004  10.00 %  2014               0.2325        100.00           9.9971
 83004  10.00 %  2014               3.00          127.80           6.4518
 83004  10.00 %  2014               0.50          131.50           6.0584
 83004  10.00 %  2014               2.00          127.75           6.4572
 99020  11.83 %  2014               5.00          144.50           6.3368 99020  11.83 %  2014               5.00          144.10           6.3753
 01001  10.47 %  2015              25.00          134.30           6.3029
 01001  10.47 %  2015              25.00          134.30           6.3029
 01001  10.47 %  2015               5.00          134.30           6.3029
 01001  10.47 %  2015               5.00          134.30           6.3029
 01001  10.47 %  2015              10.00          134.30           6.3029
 00015  11.43 %  2015               0.30          143.65           6.2768
 01011   9.85 %  2015               5.00          131.90           6.1500
 01011   9.85 %  2015               5.00          131.86           6.1539
 01011   9.85 %  2015               5.00          131.95           6.1452
 01011   9.85 %  2015               5.00          131.81           6.1587
 01011   9.85 %  2015               5.00          131.815          6.1582
 01011   9.85 %  2015               5.00          131.85           6.1549
 01011   9.85 %  2015               5.00          131.85           6.1549
 01011   9.85 %  2015               5.00          131.83           6.1568
 01011   9.85 %  2015               5.00          131.85           6.1549
 01011   9.85 %  2015               5.00          131.85           6.1549
 01011   9.85 %  2015               5.00          131.84           6.1558
 01011   9.85 %  2015               5.00          131.82           6.1577
 01011   9.85 %  2015               5.00          131.86           6.1539
 01011   9.85 %  2015               5.00          131.86           6.1539
 01011   9.85 %  2015               5.00          131.87           6.1529
 01011   9.85 %  2015               5.00          131.83           6.1568
 01011   9.85 %  2015               5.00          131.83           6.1568
 01011   9.85 %  2015               5.00          131.87           6.1529
 01011   9.85 %  2015              25.00          131.87           6.1529
 01011   9.85 %  2015               5.00          131.86           6.1539
 01011   9.85 %  2015               5.00          131.87           6.1529
 01011   9.85 %  2015               5.00          131.83           6.1568
 01011   9.85 %  2015               5.00          131.86           6.1539
 01011   9.85 %  2015              10.00          131.95           6.1452
 01011   9.85 %  2015               5.00          131.82           6.1577
 01011   9.85 %  2015               5.00          131.89           6.1510
 01011   9.85 %  2015               5.00          131.86           6.1539
 01011   9.85 %  2015               5.00          131.90           6.1500
 01011   9.85 %  2015               5.00          131.86           6.1539
 01011   9.85 %  2015               5.00          131.90           6.1500
 01011   9.85 %  2015               5.00          131.95           6.1452
 01011   9.85 %  2015               5.00          131.90           6.1500
 01011   9.85 %  2015               5.00          131.91           6.1491
 01011   9.85 %  2015               5.00          131.95           6.1452
 01011   9.85 %  2015               5.00          131.92           6.1481
 01011   9.85 %  2015               5.00          131.95           6.1452
 01011   9.85 %  2015               5.00          131.90           6.1500
 01011   9.85 %  2015               5.00          131.90           6.1500
 01011   9.85 %  2015               5.00          131.96           6.1443
 01011   9.85 %  2015               5.00          131.95           6.1452
 01011   9.85 %  2015               5.00          131.92           6.1481
 01011   9.85 %  2015               5.00          131.96           6.1443
 01011   9.85 %  2015               5.00          131.99           6.1414
 01011   9.85 %  2015               5.00          131.90           6.1500
 01011   9.85 %  2015               5.00          132.05           6.1356
 01003  10.71 %  2016               5.00          138.60           6.3102
 01003  10.71 %  2016               5.00          138.65           6.3056
 01003  10.71 %  2016               5.00          138.59           6.3111
 01003  10.71 %  2016               5.00          138.60           6.3102
 01003  10.71 %  2016               5.00          138.65           6.3056 99019  12.30 %  2016               0.50          152.60           6.3489
 99019  12.30 %  2016               0.50          152.60           6.3489
 02001   8.07 %  2017               2.00          117.40           6.1703
 02001   8.07 %  2017               1.00          117.45           6.1654
 02001   8.07 %  2017               5.00          117.38           6.1723
 02001   8.07 %  2017               5.00          117.28           6.1821
 02001   8.07 %  2017               5.00          117.25           6.1850
 02001   8.07 %  2017               5.00          117.27           6.1830
 02001   8.07 %  2017               5.00          117.26           6.1840
 02001   8.07 %  2017               5.00          117.25           6.1850
 02001   8.07 %  2017               5.00          117.24           6.1860
 02001   8.07 %  2017               5.00          117.23           6.1870
 02001   8.07 %  2017              10.00          117.26           6.1840
 02001   8.07 %  2017               5.00          117.22           6.1879
 02001   8.07 %  2017               5.00          117.23           6.1870
 02001   8.07 %  2017               5.00          117.25           6.1850
 02001   8.07 %  2017               5.00          117.27           6.1830
 02001   8.07 %  2017               5.00          117.30           6.1801
 02001   8.07 %  2017               5.00          117.25           6.1850
 02001   8.07 %  2017               5.00          117.25           6.1850
 02001   8.07 %  2017               5.00          117.25           6.1850
 02001   8.07 %  2017               5.00          117.27           6.1830
 02001   8.07 %  2017               5.00          117.27           6.1830
 02001   8.07 %  2017               5.00          117.24           6.1860
 02001   8.07 %  2017               5.00          117.25           6.1850
 02001   8.07 %  2017               5.00          117.25           6.1850
 02001   8.07 %  2017               0.68          117.60           6.1507
 02001   8.07 %  2017               5.00          117.27           6.1830
 02001   8.07 %  2017               5.00          117.29           6.1811
 02001   8.07 %  2017               5.00          117.26           6.1840
 02001   8.07 %  2017               5.00          117.30           6.1801
 02001   8.07 %  2017               5.00          117.30           6.1801
 02001   8.07 %  2017               5.00          117.38           6.1723
 02001   8.07 %  2017               5.00          117.35           6.1752
 02001   8.07 %  2017               5.00          117.35           6.1752
 02001   8.07 %  2017               5.00          117.38           6.1723
 02001   8.07 %  2017               5.00          117.35           6.1752
 02001   8.07 %  2017               5.00          117.35           6.1752
 02001   8.07 %  2017               5.00          117.37           6.1732
 02001   8.07 %  2017               5.00          117.32           6.1781
 02001   8.07 %  2017               5.00          117.38           6.1723
 02001   8.07 %  2017               5.00          117.32           6.1781
 02001   8.07 %  2017               5.00          117.35           6.1752
 02001   8.07 %  2017               5.00          117.37           6.1732
 02001   8.07 %  2017               5.00          117.35           6.1752
 02001   8.07 %  2017               5.00          117.35           6.1752
 02001   8.07 %  2017               0.50          117.36           6.1742
 02001   8.07 %  2017               5.00          117.35           6.1752
 02001   8.07 %  2017               5.00          117.33           6.1772
 02001   8.07 %  2017               2.00          117.33           6.1772
 02001   8.07 %  2017               5.00          117.29           6.1811
 02001   8.07 %  2017               5.00          117.35           6.1752
 02001   8.07 %  2017               5.00          117.35           6.1752
 02001   8.07 %  2017               5.00          117.35           6.1752
 02001   8.07 %  2017               5.00          117.37           6.1732
 02001   8.07 %  2017               5.00          117.34           6.1762
 02001   8.07 %  2017               5.00          117.22           6.1879 02001   8.07 %  2017               5.00          117.23           6.1870
 02001   8.07 %  2017               5.00          117.39           6.1713
 02001   8.07 %  2017               5.00          117.385          6.1718
 02001   8.07 %  2017               5.00          117.35           6.1752
 02001   8.07 %  2017               5.00          117.36           6.1742
 02001   8.07 %  2017               5.00          117.37           6.1732
 02001   8.07 %  2017               5.00          117.38           6.1723
 02001   8.07 %  2017               5.00          117.39           6.1713
 02001   8.07 %  2017               5.00          117.38           6.1723
 02001   8.07 %  2017               5.00          117.40           6.1703
 02001   8.07 %  2017               5.00          117.34           6.1762
 02001   8.07 %  2017               5.00          117.35           6.1752
 02001   8.07 %  2017               5.00          117.38           6.1723
 02001   8.07 %  2017               5.00          117.42           6.1683
 02001   8.07 %  2017               5.00          117.39           6.1713
 02001   8.07 %  2017               5.00          117.47           6.1634
 02001   8.07 %  2017               5.00          117.40           6.1703
 02001   8.07 %  2017               5.00          117.35           6.1752
 02001   8.07 %  2017               5.00          117.38           6.1723
 02001   8.07 %  2017               5.00          117.30           6.1801
 02001   8.07 %  2017               5.00          117.30           6.1801
 02001   8.07 %  2017               2.00          117.36           6.1742
 02001   8.07 %  2017               0.50          117.15           6.1948
 02007   7.49 %  2017               3.00          112.15           6.1790
 02007   7.49 %  2017               5.00          111.62           6.2321
 02007   7.49 %  2017               5.00          111.55           6.2392
 02007   7.49 %  2017               5.00          111.59           6.2351
 02007   7.49 %  2017               5.00          111.50           6.2442
 02007   7.49 %  2017               5.00          111.60           6.2341
 02007   7.49 %  2017               0.50          112.36           6.1580
 02007   7.49 %  2017               5.00          111.54           6.2402
 02007   7.49 %  2017               5.00          111.61           6.2331
 02007   7.49 %  2017              10.00          111.63           6.2311
 02007   7.49 %  2017               5.00          111.60           6.2341
 02007   7.49 %  2017               5.00          111.63           6.2311
 02007   7.49 %  2017              10.00          111.55           6.2392
 02007   7.49 %  2017               5.00          111.60           6.2341
 02007   7.49 %  2017               5.00          111.61           6.2331
 02007   7.49 %  2017               5.00          111.60           6.2341
 02007   7.49 %  2017               5.00          111.60           6.2341
 02007   7.49 %  2017               5.00          111.60           6.2341
 02007   7.49 %  2017               5.00          111.64           6.2301
 02007   7.49 %  2017               5.00          111.62           6.2321
 02007   7.49 %  2017               5.00          111.67           6.2271
 02007   7.49 %  2017               5.00          111.65           6.2291
 02007   7.49 %  2017              10.00          111.69           6.2251
 02007   7.49 %  2017              10.00          111.55           6.2392
 02014   7.46 %  2017               5.00          111.975          6.1871
 02014   7.46 %  2017               5.00          112.00           6.1847
 02014   7.46 %  2017               5.00          111.90           6.1945
 02014   7.46 %  2017               5.00          112.33           6.1523
 02014   7.46 %  2017               5.00          111.83           6.2014
 02014   7.46 %  2017               1.00          112.05           6.1798
 02014   7.46 %  2017               5.00          111.88           6.1965
 02014   7.46 %  2017               1.00          112.05           6.1798
 02014   7.46 %  2017               5.00          111.80           6.2044
 02014   7.46 %  2017               1.00          112.50           6.1356 02014   7.46 %  2017               0.50          112.03           6.1817
 02014   7.46 %  2017               5.00          111.83           6.2014
 02014   7.46 %  2017               0.50          112.00           6.1847
 02014   7.46 %  2017               0.50          111.85           6.1994
 02014   7.46 %  2017               5.00          111.835          6.2009
 02014   7.46 %  2017               5.00          111.82           6.2024
 02014   7.46 %  2017               5.00          111.82           6.2024
 02014   7.46 %  2017               5.00          111.80           6.2044
 02014   7.46 %  2017               5.00          111.80           6.2044
 02014   7.46 %  2017               1.00          112.25           6.1601
 02014   7.46 %  2017               5.00          111.82           6.2024
 02014   7.46 %  2017               5.00          111.82           6.2024
 02014   7.46 %  2017               5.00          111.80           6.2044
 02014   7.46 %  2017               1.00          112.08           6.1768
 02014   7.46 %  2017               5.00          111.90           6.1945
 02014   7.46 %  2017               5.00          111.83           6.2014
 02014   7.46 %  2017               5.00          111.84           6.2004
 02014   7.46 %  2017               0.50          112.00           6.1847
 02014   7.46 %  2017              25.00          111.95           6.1896
 02014   7.46 %  2017               5.00          111.90           6.1945
 02014   7.46 %  2017               5.00          111.83           6.2014
 02014   7.46 %  2017               5.00          111.90           6.1945
 02014   7.46 %  2017               5.00          111.82           6.2024
 02014   7.46 %  2017               5.00          111.92           6.1925
 02014   7.46 %  2017               5.00          111.94           6.1906
 02014   7.46 %  2017               5.00          111.90           6.1945
 02014   7.46 %  2017               5.00          111.95           6.1896
 02014   7.46 %  2017               0.25          112.07           6.1778
 02014   7.46 %  2017               5.00          111.86           6.1985
 02014   7.46 %  2017               5.00          111.95           6.1896
 02014   7.46 %  2017               1.00          112.05           6.1798
 02014   7.46 %  2017               0.15          112.05           6.1798
 02014   7.46 %  2017               1.00          112.05           6.1798
 02014   7.46 %  2017               1.00          111.95           6.1896
 02014   7.46 %  2017               5.00          111.90           6.1945
 02014   7.46 %  2017               5.00          111.80           6.2044
 02014   7.46 %  2017               5.00          111.80           6.2044
 02014   7.46 %  2017               1.00          111.95           6.1896
 02014   7.46 %  2017               5.00          111.94           6.1906
 02014   7.46 %  2017               5.00          111.95           6.1896
 02014   7.46 %  2017               5.00          111.93           6.1916
 02014   7.46 %  2017               5.00          111.94           6.1906
 02014   7.46 %  2017               0.50          111.90           6.1945
 02014   7.46 %  2017               0.50          111.95           6.1896
 02014   7.46 %  2017               5.00          111.90           6.1945
 02014   7.46 %  2017               5.00          111.84           6.2004
 02014   7.46 %  2017               5.00          111.80           6.2044
 02014   7.46 %  2017               5.00          111.97           6.1876
 02014   7.46 %  2017               5.00          111.90           6.1945
 02014   7.46 %  2017               5.00          111.95           6.1896
 02014   7.46 %  2017               1.00          100.00           7.4583
 02014   7.46 %  2017              10.00          111.85           6.1994
 02014   7.46 %  2017               0.88          111.93           6.1916
 02014   7.46 %  2017               5.00          111.95           6.1896
 03003   6.25 %  2018              30.00          100.00           6.2488
 03003   6.25 %  2018               0.30          100.00           6.2488
 03003   6.25 %  2018               1.10          101.30           6.1135 03003   6.25 %  2018               5.00          101.46           6.0970
 03003   6.25 %  2018               1.00          101.57           6.0856
 03003   6.25 %  2018               0.50          101.15           6.1290
 03003   6.25 %  2018              10.00          101.00           6.1445
 03003   6.25 %  2018              10.00          101.35           6.1083
 03003   6.25 %  2018              15.00          101.05           6.1393
 03003   6.25 %  2018               5.00          101.04           6.1404
 03003   6.25 %  2018               0.50          101.10           6.1341
 03003   6.25 %  2018               0.50          101.57           6.0856
 03003   6.25 %  2018               1.00          101.10           6.1341
 03003   6.25 %  2018               5.00          101.08           6.1362
 03003   6.25 %  2018               5.00          101.08           6.1362
 03003   6.25 %  2018               5.00          101.07           6.1372
 03003   6.25 %  2018               5.00          101.08           6.1362
 03003   6.25 %  2018               2.00          101.07           6.1372
 03003   6.25 %  2018               0.50          101.10           6.1341
 03003   6.25 %  2018              15.00          101.07           6.1372
 03003   6.25 %  2018               5.00          101.07           6.1372
 03003   6.25 %  2018               5.00          101.09           6.1352
 03003   6.25 %  2018              10.00          101.065          6.1378
 03003   6.25 %  2018               5.00          101.15           6.1290
 03003   6.25 %  2018              10.00          101.45           6.0980
 03003   6.25 %  2018               2.00          101.15           6.1290
 03003   6.25 %  2018               5.00          101.21           6.1228
 00008  10.70 %  2020               1.00          140.04           6.7137
 01006  10.25 %  2021              10.00          141.05           6.3895
 01006  10.25 %  2021               5.00          141.12           6.3843
 01006  10.25 %  2021               5.00          141.05           6.3895
 01006  10.25 %  2021               5.00          140.90           6.4004
 01006  10.25 %  2021               5.00          140.85           6.4041
 01006  10.25 %  2021               0.15          142.25           6.3022
 01006  10.25 %  2021               5.00          140.95           6.3968
 01006  10.25 %  2021               5.00          140.95           6.3968
 01006  10.25 %  2021               5.00          141.02           6.3916
 02011   8.35 %  2022               1.00          121.90           6.3514
 02011   8.35 %  2022               5.00          122.08           6.3372
 02011   8.35 %  2022               5.00          122.10           6.3356
 02011   8.35 %  2022               0.50          122.40           6.3120
 02011   8.35 %  2022               5.00          121.80           6.3593
 02011   8.35 %  2022               5.00          121.80           6.3593
 02011   8.35 %  2022               5.00          121.82           6.3578
 02011   8.35 %  2022              25.00          121.80           6.3593
 02011   8.35 %  2022               5.00          121.85           6.3554
 02011   8.35 %  2022               5.00          121.85           6.3554
 02011   8.35 %  2022              10.00          121.95           6.3475
 02011   8.35 %  2022               5.00          121.80           6.3593
 02011   8.35 %  2022               5.00          121.80           6.3593
 02011   8.35 %  2022               5.00          121.83           6.3570
 02011   8.35 %  2022               5.00          121.81           6.3586
 02011   8.35 %  2022               5.00          121.90           6.3514
 02011   8.35 %  2022              10.00          121.88           6.3530
 02011   8.35 %  2022              10.00          121.95           6.3475
 02011   8.35 %  2022               5.00          121.90           6.3514
 02011   8.35 %  2022               5.00          121.92           6.3498
 02011   8.35 %  2022               5.00          121.87           6.3538
 02011   8.35 %  2022               5.00          121.89           6.3522
 02011   8.35 %  2022               5.00          121.90           6.3514 02011   8.35 %  2022               5.00          121.80           6.3593
 02011   8.35 %  2022               5.00          122.00           6.3435
 02011   8.35 %  2022               5.00          122.00           6.3435
 02011   8.35 %  2022               5.00          121.93           6.3491
 02011   8.35 %  2022               3.00          121.90           6.3514
 03013   6.30 %  2023               0.004         100.00           6.2997
 03013   6.30 %  2023               5.00          100.81           6.2282
 03013   6.30 %  2023               0.25          101.00           6.2115
 03013   6.30 %  2023               0.25          101.05           6.2072
 03013   6.30 %  2023               0.50          100.90           6.2203
 03013   6.30 %  2023               2.00          100.95           6.2159
 03013   6.30 %  2023               0.50          101.00           6.2115
 03013   6.30 %  2023               0.50          100.78           6.2308
 03013   6.30 %  2023               0.20          100.91           6.2194
 03013   6.30 %  2023               0.50          100.84           6.2256
 01010  10.18 %  2026               0.50          146.10           6.3631
 02015   7.95 %  2032               5.00          120.75           6.3766
 02015   7.95 %  2032               0.50          120.54           6.3903
 02015   7.95 %  2032               5.00          120.82           6.3720
     Total                       4783.8925
B. State Government Securities
          Contract Date : April 25, 2003
 96210 13.85% GUJARAT SDL 2006      0.50          120.06          6.5014
 97261 12.30 % PUNJAB LOAN 2007     0.0738        122.93          6.3047
 98205 12.15% GUJARAT SDL 2008      1.00          124.68          6.3030
 88206 11.50% GUJARAT S.D. 2008     0.30          123.30          6.2942
 88213 11.50% MAHARASHTRA S.D.
       2008                         0.25          123.23          6.3069
 01253 9.40 % GUJARAT
       GOVT.STOCK,2009              1.50          115.83          6.3052
 00231 10.52% PUNJAB SDL 2010       0.02          123.45          6.3224
 00242 11.75% KERALA SDL 2010       1.00          131.65          6.2992
 00258 12.00% ORISSA SDL 2010       0.05          100.00         11.9951
 00253 12.00% MADHYA PRADESH SDL
       2010                         0.3926        133.35          6.3014
 00253 12.00% MADHYA PRADESH SDL
       2010                         0.6074        133.35          6.3014
 01265 9.45% GOA S.D.L 2011         0.063         120.38          6.3036
 02207 8.30% GUJRAT SDL 2012        8.00          113.30          6.2987
 02212 8.30% KARNATAKA SDL 2012     0.98          112.35          6.4312
 02229 8.00% A.P. SDL 2012          5.00          111.37          6.3070
 02240 8.00% KARNATAKA SDL 2012     0.40          108.10          6.7700
 02241 8.00% KERALA SDL 2012        1.1548        111.43          6.2980
 02243 8.00% MAHARASHTRA SDL
       2012                         0.50          109.94          6.5073
 02276 7.80% TAMILNADU SDL 2012     0.016         109.55          6.3877
 02315 7.30% TAMIL NADU G.S 2012    2.25          107.07          6.3007
 02329 6.80% HIMACHAL PRADESH
       SDL 2012                     0.20          100.00          6.7982
 02332 6.80% KARNATAKA SDL 2012     0.1375        101.00          6.6563
 02327 6.80% GUJARAT SDL 2012       0.00805       101.40          6.6000
 03204 6.95% ANDHRA PRADESH SDL,
       2013                         0.10          103.70          6.4347
 03210 6.95% GUJARAT SDL 2013       0.02          104.00          6.3941
 03210 6.95% GUJARAT SDL 2013       0.07          104.00          6.3941
 03210 6.95% GUJARAT SDL 2013       0.005         104.00          6.3941 03226 6.95% TAMILNADU 2013         0.796         103.70          6.4347
 03204 6.95% ANDHRA PRADESH SDL,
       2013                         0.015         104.00          6.3941
 03231 6.75% ANDHRA PRADESH SDL
       2013                         0.951         101.25          6.5746
     Total                         26.36015
C. Treasury Bills
   (i) 14 Day Bills (Maturity-wise)
       (DD/MM/YYYY)
                                           NIL
   (ii) 91 Day Bills (Maturity-wise)
       (DD/MM/YYYY)
          Contract Date : April 24, 2003
        14/06/2003                 25.00           99.3332         4.7911
        12/07/2003                 15.00           98.9637         4.8249
          Contract Date : April 25, 2003
        02/05/2003                  5.00           99.9090         4.7363
        16/05/2003                  1.00           99.7200         4.8670
        06/06/2003                  1.10           99.4393         4.8868
        20/06/2003                 25.00           99.2538         4.8868
        20/06/2003                  5.00           99.2538         4.8868
        04/07/2003                 10.44           99.0784         4.8369
        04/07/2003                  0.36           99.0784         4.8369
        12/07/2003                  1.00           98.9742         4.8367
        19/07/2003                  1.00           98.8558         4.9566
        25/07/2003                  2.00           98.8126         4.8067
        25/07/2003                 10.00           98.7955         4.8767
        25/07/2003                 34.915          98.7800         4.9403
        25/07/2003                  5.00           98.7931         4.8866
        25/07/2003                  8.73           98.7800         4.9403
        25/07/2003                 43.00           98.8053         4.8366
        25/07/2003                  5.00           98.8053         4.8366
        25/07/2003                 20.00           98.7907         4.8964
        25/07/2003                  4.7475         98.7882         4.9067
        25/07/2003                  5.00           98.8053         4.8366
     Total                        228.2925
   (iii) 182 Day Bills (Maturity-wise)
       (DD/MM/YYYY)
                                           NIL
   (iv) 364 Day Bills (Maturity-wise)
       (DD/MM/YYYY)
          Contract Date : April 24, 2003
        19/09/2003                 30.00           98.0648         4.8535
        12/12/2003                 10.00           96.9030         5.0144
        02/04/2004                 25.00           95.4694         5.0215
        02/04/2004                 25.00           95.4694         5.0215
          Contract Date : April 25, 2003
        19/09/2003                  0.90           98.0454         4.9364
        17/10/2003                  9.00           97.6589         4.9862
        31/10/2003                 20.00           97.5255         4.8866
        05/03/2004                 10.00           95.8238         5.0362
        02/04/2004                  0.55           95.4180         5.0960
        02/04/2004                  5.00           95.4694         5.0362
        17/04/2004                 10.00           95.2806         5.0362
        17/04/2004                 20.00           95.3207         4.9913
        17/04/2004                 15.00           95.3207         4.9913     Total                        180.45
II.  REPO Transactions *
    (Other than with RBI)
---------------------------------------------------------------------------
 Loan  Nomenclature                Amount      Price *   Repo Rate   Repo
 Code                            (Face Value) Per Rs.100   (%pa)    Period
                                 (in Rs.Crore) Nominal              (Days)
           (1)                      (2)          (3)        (4)      (5)
---------------------------------------------------------------------------
A. Government of India Dated Securities
 99008  11.68 %  2006              85.00      117.00        4.70       3
 01012   5.72 %  2006              22.00      100.00        3.75       3
 01012   5.72 %  2006              60.00      100.00        2.25       3
 98009  11.90 %  2007              25.00      123.00        4.50       3
 00016  11.40 %  2008              25.00      126.00        4.00       3
 00016  11.40 %  2008              25.00      126.00        4.05       3
 00016  11.40 %  2008              23.00      125.90        4.75       3
 00016  11.40 %  2008              20.00      126.00        4.00       3
 02005   6.65 %  2009              29.00      104.17        4.30       3
 02005   6.65 %  2009              24.00      104.17        4.30       3
 02005   6.65 %  2009              50.00      104.17        3.80       3
 99006  11.99 %  2009              25.00      130.48        3.00       3
 99006  11.99 %  2009              50.00      130.55        3.00       3
 99006  11.99 %  2009              25.00      130.55        4.40       3
 99006  11.99 %  2009              15.00      130.60        2.50       1
 99004  12.29 %  2010              70.00      134.00        4.30       3
 99004  12.29 %  2010              25.00      133.85        3.75       3
 02010   7.55 %  2010              18.75      109.80        3.50       3
 98015  12.25 %  2010              15.00      135.00        4.30       3
 00014  11.30 %  2010               5.00      130.00        4.75       3
 99005  12.32 %  2011              89.50      136.90        4.70       3
 00010  10.95 %  2011              22.00      130.00        4.75       3
 00010  10.95 %  2011              40.00      130.00        4.30       3
 00010  10.95 %  2011              22.00      130.00        4.75       3
 02006   6.85 %  2012              32.20      106.00        4.45       3
 02009   7.40 %  2012              25.00      110.30        4.40       3
 00012  11.03 %  2012              31.90      134.95        4.40       3
 02008   7.37 %  2014              20.00      110.80        4.00       3
 02008   7.37 %  2014              27.00      110.90        4.25       3
 02008   7.37 %  2014              27.00      110.90        4.00       3
 01011   9.85 %  2015              50.00      131.95        4.85       3
 01003  10.71 %  2016              75.00      138.60        4.90       3
 03003   6.25 %  2018              50.00      100.90        4.00       3
 01006  10.25 %  2021              45.00      141.00        4.25       3
 01006  10.25 %  2021              25.00      141.00        3.95       3
     Total                       1218.35
B. State Government Securities
                                           NIL
C. Treasury Bills
   (i) 14 Day Bills (Maturity-wise)
      (DD/MM/YYYY)
                                           NIL
   (ii) 91 Day Bills (Maturity-wise)
      (DD/MM/YYYY)
                                           NIL   (iii) 182 Day Bills (Maturity-wise)
      (DD/MM/YYYY)
                                           NIL
   (iv) 364 Day Bills (Maturity-wise)
       (DD/MM/YYYY)
        16/05/2003                 64.00       99.7074      4.25       3
        30/05/2003                 25.00       99.5276      4.00       3
        30/05/2003                 25.00       99.5276      4.00       3
        30/05/2003                 25.00       99.5276      4.00       3
        30/05/2003                 25.00       99.5276      4.00       3
        13/06/2003                 25.00       99.3399      4.00       3
        13/06/2003                 25.00       99.3399      4.00       3
        13/06/2003                 25.00       99.3399      4.00       3
        13/06/2003                 25.00       99.3399      4.00       3
        11/07/2003                 70.00       98.9356      4.25       3
        28/11/2003                 51.00       97.0572      4.00       3
        12/12/2003                 25.00       96.9030      2.50       3
        12/12/2003                 25.00       96.9030      2.50       3
        20/02/2004                 45.00       95.9640      4.25       3
        05/03/2004                 27.00       95.7051      3.50       3
        19/03/2004                 42.00       95.5227      3.50       3
     Total                        549.00
-----------------------------------------------------------------------------
-----
* Relate to the first leg of Repos
# YTM(indicative) will depend upon assumed rate of inflation
Date :  25 April 2003