Subsidiary General Ledger Account Transactions
in Government Dated Securities and Treasury Bills
at RBI, Mumbai on 03 May 2003
---------------------------------------------------------------------------
 Loan  Nomenclature              Amount           Price *        YTM %
 Code                            (Face Value)     Per Rs.100   Indicative
                                 (in Rs.Crore)    nominal
---------------------------------------------------------------------------
I.  Outright Transactions
A.Government of India Dated Securities
          Contract Date : April 30, 2003
 00016  11.40 %  2008               5.00          126.68           5.5508
 00016  11.40 %  2008               5.00          126.68           5.5508
 00016  11.40 %  2008               5.00          126.68           5.5508
 02004   6.96 %  2009               5.00          104.34           6.0744
 02004   6.96 %  2009              10.00          104.32           6.0783
 02004   6.96 %  2009               5.00          104.34           6.0744
 02004   6.96 %  2009               5.00          104.29           6.0843
 02004   6.96 %  2009               5.00          104.34           6.0744
 99006  11.99 %  2009               5.00          131.22           5.7127
 99006  11.99 %  2009               5.00          131.20           5.7161
 99006  11.99 %  2009               5.00          131.25           5.7076
 99006  11.99 %  2009               5.00          131.30           5.6991
 99006  11.99 %  2009               5.00          131.32           5.6957
 99006  11.99 %  2009               5.00          131.32           5.6957
 99006  11.99 %  2009               5.00          131.31           5.6974
 03002   5.87 %  2010              10.00          100.45           5.7860
 03005   6.00 %  2010               5.00           98.80           6.2195
 03005   6.00 %  2010               5.00           98.80           6.2195
 03005   6.00 %  2010               5.00           98.80           6.2195
 02010   7.55 %  2010               5.00          110.38           5.7362
 00014  11.30 %  2010               5.00          131.50           5.8918
 00010  10.95 %  2011               5.00          130.800          6.0705
 01007   9.39 %  2011               5.00          122.37           5.8983
 01007   9.39 %  2011               5.00          122.37           5.8983
 00017  11.50 %  2011               5.00          136.58           5.9797
 00017  11.50 %  2011               5.00          136.68           5.9673
 00017  11.50 %  2011               5.00          136.50           5.9895
 00017  11.50 %  2011               5.00          136.60           5.9772
 00017  11.50 %  2011               5.00          136.68           5.9673
 00017  11.50 %  2011               5.00          136.60           5.9772
 00017  11.50 %  2011               5.00          136.62           5.9747
 00017  11.50 %  2011               5.00          136.70           5.9649
 00017  11.50 %  2011               5.00          136.695          5.9655
 00017  11.50 %  2011               5.00          136.72           5.9624
 00017  11.50 %  2011               5.00          136.72           5.9624
 00017  11.50 %  2011               5.00          136.68           5.9673
 02009   7.40 %  2012              10.00          110.45           5.8885
 02009   7.40 %  2012               5.00          110.40           5.8953
 02009   7.40 %  2012              10.00          110.42           5.8926
 02009   7.40 %  2012               5.00          110.38           5.8980 02009   7.40 %  2012              25.00          110.36           5.9007
 02009   7.40 %  2012               5.00          110.53           5.8776
 02009   7.40 %  2012               5.00          110.50           5.8817
 02009   7.40 %  2012               5.00          110.53           5.8776
 02009   7.40 %  2012              25.00          110.60           5.8681
 02009   7.40 %  2012               5.00          110.51           5.8803
 02009   7.40 %  2012               5.00          110.55           5.8749
 02009   7.40 %  2012               5.00          110.52           5.8790
 02009   7.40 %  2012               5.00          110.55           5.8749
 02009   7.40 %  2012               5.00          110.54           5.8763
 02009   7.40 %  2012               5.00          110.55           5.8749
 02009   7.40 %  2012              10.00          110.60           5.8681
 02009   7.40 %  2012               5.00          110.58           5.8708
 02009   7.40 %  2012               5.00          110.60           5.8681
 01005   9.81 %  2013               5.00          129.41           5.8977
 01005   9.81 %  2013               5.00          129.50           5.8876
 01005   9.81 %  2013              10.00          129.510          5.8865
 01011   9.85 %  2015               5.00          132.00           6.1380
 01011   9.85 %  2015               5.00          132.07           6.1312
 01011   9.85 %  2015               5.00          132.05           6.1331
 01011   9.85 %  2015               5.00          132.05           6.1331
 01011   9.85 %  2015               5.00          132.05           6.1331
 02001   8.07 %  2017               5.00          117.20           6.1888
 02001   8.07 %  2017               5.00          117.15           6.1937
 02001   8.07 %  2017               5.00          117.15           6.1937
 02001   8.07 %  2017               5.00          117.22           6.1869
 02001   8.07 %  2017               5.00          117.20           6.1888
 02001   8.07 %  2017               5.00          117.20           6.1888
 02001   8.07 %  2017              10.00          117.20           6.1888
 02001   8.07 %  2017               5.00          117.20           6.1888
 02001   8.07 %  2017               5.00          117.19           6.1898
 02014   7.46 %  2017               5.00          111.81           6.2026
          Contract Date : May 02, 2003
 94003  12.50 %  2004               5.00          106.46           4.9878
 84004   9.50 %  2004               0.10          100.00           9.4851
 95006  14.00 %  2005               5.00          100.00          13.9785
 86007  11.50 %  2006               0.20          100.00          11.4966
 96015  13.85 %  2006              50.00          100.00          13.8293
 84002   9.50 %  2008               0.00439       100.00           9.4930
 88008  11.50 %  2008              15.00          100.00          11.4956
 98012  12.10 %  2008               5.00          100.00          12.0908
 85009  10.80 %  2008               0.05          100.00          10.7910
 00016  11.40 %  2008               5.00          126.50           5.5803
 00016  11.40 %  2008               5.00          126.50           5.5803
 00016  11.40 %  2008               5.00          126.50           5.5803
 00016  11.40 %  2008               5.00          126.50           5.5803
 00016  11.40 %  2008               5.00          126.40           5.5992
 00016  11.40 %  2008               5.00          126.41           5.5973
 99006  11.99 %  2009               5.00          131.10           5.7287
 99006  11.99 %  2009               5.00          131.03           5.7406
 99006  11.99 %  2009               5.00          131.00           5.7457
 99006  11.99 %  2009               5.00          131.00           5.7457
 99006  11.99 %  2009               5.00          131.03           5.7406
 99006  11.99 %  2009               5.00          131.020          5.7423
 99006  11.99 %  2009               5.00          131.11           5.7270
 99006  11.99 %  2009               5.00          131.08           5.7321
 99006  11.99 %  2009               5.00          130.90           5.7627 99006  11.99 %  2009               5.00          131.00           5.7457
 99006  11.99 %  2009               5.00          131.010          5.7440
 99006  11.99 %  2009               5.00          131.00           5.7457
 89009  11.50 %  2009              10.00          100.00          11.4975
 99004  12.29 %  2010              10.00          100.00          12.2798
 00014  11.30 %  2010               0.20          100.00          11.2920
 00017  11.50 %  2011               5.00          136.30           6.0121
 00017  11.50 %  2011              10.00          136.35           6.0059
 02009   7.40 %  2012              10.00          100.00           7.3999
 02009   7.40 %  2012               5.00          110.15           5.9288
 02009   7.40 %  2012               5.00          110.15           5.9288
 02009   7.40 %  2012               5.00          110.15           5.9288
 02009   7.40 %  2012               5.00          110.20           5.9219
 02009   7.40 %  2012               5.00          110.10           5.9356
 02009   7.40 %  2012               5.00          110.10           5.9356
 02009   7.40 %  2012               5.00          110.10           5.9356
 02009   7.40 %  2012               5.00          110.20           5.9219
 02009   7.40 %  2012               5.00          110.10           5.9356
 02009   7.40 %  2012               5.00          110.15           5.9288
 02009   7.40 %  2012               5.00          110.25           5.9151
 02009   7.40 %  2012               5.00          110.30           5.9083
 02009   7.40 %  2012               5.00          110.10           5.9356
 02009   7.40 %  2012               5.00          110.20           5.9219
 02009   7.40 %  2012               5.00          110.10           5.9356
 02009   7.40 %  2012               5.00          110.15           5.9288
 02009   7.40 %  2012               5.00          110.21           5.9206
 02009   7.40 %  2012               5.00          110.14           5.9301
 02009   7.40 %  2012               5.00          110.28           5.9110
 02009   7.40 %  2012               2.00          110.20           5.9219
 02009   7.40 %  2012               5.00          110.20           5.9219
 00012  11.03 %  2012               5.00          134.90           6.0330
 00012  11.03 %  2012               5.00          134.90           6.0330
 00012  11.03 %  2012               5.00          134.90           6.0330
 01005   9.81 %  2013              20.444         100.00           9.8075
 01005   9.81 %  2013              10.00          129.10           5.9313
 01005   9.81 %  2013               5.00          129.15           5.9257
 01005   9.81 %  2013               5.00          129.15           5.9257
 01005   9.81 %  2013               5.00          129.15           5.9257
 01005   9.81 %  2013               5.00          129.12           5.9291
 01005   9.81 %  2013               5.00          129.510          5.8852
 01005   9.81 %  2013               5.00          129.10           5.9313
 01005   9.81 %  2013               5.00          129.15           5.9257
 01005   9.81 %  2013               5.00          128.97           5.9460
 01005   9.81 %  2013               5.00          129.080          5.9336
 01005   9.81 %  2013               5.00          129.50           5.8863
 01005   9.81 %  2013               5.00          128.90           5.9539
 01005   9.81 %  2013              10.00          128.950          5.9483
 01005   9.81 %  2013               5.00          128.950          5.9483
 01005   9.81 %  2013              10.00          128.90           5.9539
 01005   9.81 %  2013               5.00          129.140          5.9268
 01005   9.81 %  2013               5.00          129.10           5.9313
 01005   9.81 %  2013               5.00          129.03           5.9392
 01005   9.81 %  2013               5.00          129.00           5.9426
 02017   7.27 %  2013               5.00          110.00           5.9587
 02017   7.27 %  2013               5.00          110.18           5.9366
 02017   7.27 %  2013               5.00          110.10           5.9464
 02017   7.27 %  2013               5.00          110.075          5.9495 02017   7.27 %  2013               5.00          110.10           5.9464
 02017   7.27 %  2013               5.00          110.10           5.9464
 02017   7.27 %  2013               5.00          110.00           5.9587
 02017   7.27 %  2013               1.00          110.07           5.9501
 83004  10.00 %  2014               0.05          100.00           9.9976
 99020  11.83 %  2014              11.626         100.00          11.8286
 00015  11.43 %  2015               2.50          141.00           6.5199
 01011   9.85 %  2015              30.00          100.00           9.8487
 01011   9.85 %  2015               5.00          131.40           6.1949
 01011   9.85 %  2015               5.00          131.40           6.1949
 01011   9.85 %  2015               5.00          131.40           6.1949
 02001   8.07 %  2017              10.00          100.00           8.0677
 02001   8.07 %  2017              10.00          116.90           6.2179
 02001   8.07 %  2017               5.00          116.80           6.2278
 02001   8.07 %  2017               5.00          116.90           6.2179
 02001   8.07 %  2017               5.00          116.80           6.2278
 02001   8.07 %  2017               5.00          116.60           6.2475
 02001   8.07 %  2017              10.00          116.57           6.2505
 02001   8.07 %  2017               5.00          116.65           6.2426
 02001   8.07 %  2017               5.00          116.60           6.2475
 02001   8.07 %  2017               5.00          117.00           6.2081
 02001   8.07 %  2017               5.00          116.50           6.2574
 02001   8.07 %  2017               5.00          116.50           6.2574
 02001   8.07 %  2017               5.00          116.50           6.2574
 02001   8.07 %  2017              10.00          116.50           6.2574
 02001   8.07 %  2017              10.00          116.50           6.2574
 02001   8.07 %  2017               5.00          116.52           6.2555
 02001   8.07 %  2017               5.00          116.62           6.2456
 02001   8.07 %  2017               5.00          116.55           6.2525
 02001   8.07 %  2017               5.00          116.65           6.2426
 02001   8.07 %  2017               5.00          116.55           6.2525
 02001   8.07 %  2017               5.00          117.20           6.1884
 02001   8.07 %  2017               5.00          116.65           6.2426
 02001   8.07 %  2017               0.50          116.70           6.2377
 02007   7.49 %  2017               5.00          100.00           7.4894
 02007   7.49 %  2017               5.00          110.95           6.2986
 02014   7.46 %  2017              10.00          100.00           7.4582
 02014   7.46 %  2017               5.00          111.12           6.2707
 02014   7.46 %  2017               5.00          111.15           6.2677
 02014   7.46 %  2017               1.00          111.45           6.2379
 03003   6.25 %  2018              20.00          100.00           6.2489
 00008  10.70 %  2020              10.00          100.00          10.6991
 01006  10.25 %  2021              35.00          100.00          10.2479
 01006  10.25 %  2021               5.00          140.10           6.4577
 01006  10.25 %  2021               5.00          140.00           6.4651
 01006  10.25 %  2021               5.00          140.00           6.4651
 02011   8.35 %  2022               5.00          100.00           8.3494
 02011   8.35 %  2022              20.00          121.10           6.4143
 02011   8.35 %  2022              10.00          121.15           6.4103
 03013   6.30 %  2023              10.00          100.00           6.2995
 03013   6.30 %  2023              10.00          100.25           6.2774
 03013   6.30 %  2023               0.15          101.00           6.2114
 01010  10.18 %  2026              20.00          100.00          10.1771
          Contract Date : May 03, 2003
 94003  12.50 %  2004               5.00          106.45           4.9768
 98008  11.50 %  2004               0.40          106.30           5.0620
 98008  11.50 %  2004               1.00          106.30           5.0620 98008  11.50 %  2004               1.00          106.30           5.0620
 97010  11.19 %  2005               5.00          112.82           5.1387
 82010   8.25 %  2005               2.00          105.95           5.6032
 98009  11.90 %  2007               5.00          123.10           5.4864
 98009  11.90 %  2007              10.00          123.18           5.4669
 85009  10.80 %  2008               2.00          122.70           5.7057
 00016  11.40 %  2008              10.00          126.40           5.5970
 00016  11.40 %  2008              10.00          126.40           5.5970
 00016  11.40 %  2008              10.00          126.40           5.5970
 00016  11.40 %  2008              10.00          126.42           5.5932
 00016  11.40 %  2008              10.00          126.40           5.5970
 00016  11.40 %  2008              10.00          126.40           5.5970
 00016  11.40 %  2008               5.00          126.45           5.5875
 00016  11.40 %  2008               5.00          126.44           5.5894
 00016  11.40 %  2008               5.00          126.485          5.5808
 00016  11.40 %  2008               5.00          126.49           5.5799
 00016  11.40 %  2008               5.00          126.40           5.5970
 00016  11.40 %  2008              10.00          126.47           5.5837
 00016  11.40 %  2008               5.00          126.42           5.5932
 00016  11.40 %  2008               5.00          126.44           5.5894
 00016  11.40 %  2008               5.00          126.44           5.5894
 00016  11.40 %  2008               5.00          126.45           5.5875
 00016  11.40 %  2008               5.00          126.37           5.6027
 00016  11.40 %  2008               5.00          126.37           5.6027
 00016  11.40 %  2008               5.00          126.44           5.5894
 00016  11.40 %  2008              25.00          126.44           5.5894
 00016  11.40 %  2008               5.00          126.42           5.5932
 02004   6.96 %  2009               5.00          104.22           6.0971
 02004   6.96 %  2009               5.00          104.19           6.1031
 99006  11.99 %  2009               5.00          131.050          5.7351
 99006  11.99 %  2009               5.00          131.00           5.7436
 99006  11.99 %  2009               5.00          130.980          5.7470
 99006  11.99 %  2009               5.00          131.050          5.7351
 99006  11.99 %  2009               5.00          131.050          5.7351
 99006  11.99 %  2009               5.00          131.08           5.7300
 99006  11.99 %  2009               5.00          131.040          5.7368
 99006  11.99 %  2009               5.00          131.050          5.7351
 99006  11.99 %  2009              10.00          130.980          5.7470
 89009  11.50 %  2009               3.10          128.450          5.8368
 79002   7.00 %  2009               0.90          105.33           5.9389
 80003   7.50 %  2010               2.00          108.25           6.0410
 80003   7.50 %  2010               0.50          108.26           6.0393
 81005   8.00 %  2011               3.00          111.75           6.1174
 01007   9.39 %  2011               5.00          121.85           5.9675
 01007   9.39 %  2011               5.00          121.80           5.9745
 01007   9.39 %  2011               5.00          121.77           5.9786
 01007   9.39 %  2011               5.00          121.77           5.9786
 01007   9.39 %  2011               5.00          121.85           5.9675
 01007   9.39 %  2011               5.00          122.37           5.8959
 01007   9.39 %  2011               5.00          121.75           5.9814
 01007   9.39 %  2011               5.00          121.85           5.9675
 01007   9.39 %  2011               5.00          121.85           5.9675
 01007   9.39 %  2011               5.00          121.80           5.9745
 01007   9.39 %  2011               0.25          122.15           5.9262
 01007   9.39 %  2011               5.00          121.80           5.9745
 01007   9.39 %  2011               5.00          121.76           5.9800
 01007   9.39 %  2011               5.00          121.80           5.9745 00017  11.50 %  2011              13.00          100.00          11.4969
 00017  11.50 %  2011               5.00          136.00           6.0482
 00017  11.50 %  2011               5.00          136.17           6.0271
 00017  11.50 %  2011               5.00          136.14           6.0308
 00017  11.50 %  2011               5.00          136.14           6.0308
 00017  11.50 %  2011               5.00          136.24           6.0184
 02006   6.85 %  2012               1.00          105.03           6.1093
 02009   7.40 %  2012               5.00          110.20           5.9217
 02009   7.40 %  2012              10.00          110.20           5.9217
 02009   7.40 %  2012               5.00          110.10           5.9353
 02009   7.40 %  2012              10.00          110.15           5.9285
 02009   7.40 %  2012               5.00          110.28           5.9107
 02009   7.40 %  2012              10.00          110.10           5.9353
 02009   7.40 %  2012              10.00          110.10           5.9353
 02009   7.40 %  2012               5.00          110.15           5.9285
 02009   7.40 %  2012               5.00          110.12           5.9326
 02009   7.40 %  2012               5.00          110.11           5.9339
 02009   7.40 %  2012               5.00          110.10           5.9353
 02009   7.40 %  2012               5.00          110.15           5.9285
 02009   7.40 %  2012               0.50          110.03           5.9449
 02009   7.40 %  2012               5.00          110.125          5.9319
 02009   7.40 %  2012               5.00          110.15           5.9285
 02009   7.40 %  2012               5.00          110.10           5.9353
 02009   7.40 %  2012               5.00          110.14           5.9298
 02009   7.40 %  2012               5.00          110.15           5.9285
 02009   7.40 %  2012              10.00          110.15           5.9285
 02009   7.40 %  2012               5.00          110.04           5.9435
 02009   7.40 %  2012              15.00          110.20           5.9217
 02009   7.40 %  2012               5.00          110.20           5.9217
 02009   7.40 %  2012              10.00          110.05           5.9421
 00012  11.03 %  2012               5.00          134.90           6.0321
 02013   6.72 %  2012              25.00          104.55           6.0661
 82005   9.00 %  2013               0.05          120.50           6.2260
 82005   9.00 %  2013               1.90          120.45           6.2320
 01005   9.81 %  2013               5.00          129.07           5.9341
 01005   9.81 %  2013               5.00          128.90           5.9533
 01005   9.81 %  2013               5.00          129.050          5.9364
 01005   9.81 %  2013               5.00          128.97           5.9454
 01005   9.81 %  2013               5.00          128.85           5.9590
 01005   9.81 %  2013               5.00          128.85           5.9590
 01005   9.81 %  2013               5.00          128.90           5.9533
 01005   9.81 %  2013               5.00          128.920          5.9510
 01005   9.81 %  2013               5.00          128.85           5.9590
 01005   9.81 %  2013               5.00          128.90           5.9533
 01005   9.81 %  2013               5.00          128.90           5.9533
 01005   9.81 %  2013               5.00          128.90           5.9533
 01005   9.81 %  2013               5.00          128.920          5.9510
 01005   9.81 %  2013               5.00          128.90           5.9533
 01005   9.81 %  2013               5.00          128.90           5.9533
 01005   9.81 %  2013               5.00          128.90           5.9533
 01005   9.81 %  2013               5.00          128.90           5.9533
 01005   9.81 %  2013               5.00          128.90           5.9533
 01005   9.81 %  2013               5.00          128.90           5.9533
 01005   9.81 %  2013               5.00          128.90           5.9533
 01005   9.81 %  2013               5.00          128.90           5.9533
 01005   9.81 %  2013               5.00          128.90           5.9533
 01005   9.81 %  2013               5.00          128.90           5.9533 01005   9.81 %  2013              10.00          129.00           5.9420
 01005   9.81 %  2013               5.00          129.10           5.9307
 01005   9.81 %  2013               5.00          128.950          5.9476
 01005   9.81 %  2013               5.00          129.00           5.9420
 01005   9.81 %  2013               5.00          129.00           5.9420
 01005   9.81 %  2013               5.00          128.90           5.9533
 01005   9.81 %  2013               5.00          128.90           5.9533
 01005   9.81 %  2013               5.00          128.93           5.9499
 01005   9.81 %  2013               5.00          128.90           5.9533
 01005   9.81 %  2013               5.00          128.90           5.9533
 01005   9.81 %  2013               5.00          128.90           5.9533
 01005   9.81 %  2013               5.00          128.90           5.9533
 01005   9.81 %  2013               5.00          128.90           5.9533
 01005   9.81 %  2013               5.00          128.90           5.9533
 01005   9.81 %  2013              10.00          128.90           5.9533
 01005   9.81 %  2013              10.00          128.920          5.9510
 01005   9.81 %  2013               5.00          128.920          5.9510
 01005   9.81 %  2013               5.00          128.920          5.9510
 01005   9.81 %  2013               5.00          128.93           5.9499
 01005   9.81 %  2013               5.00          128.920          5.9510
 01005   9.81 %  2013               5.00          128.93           5.9499
 01005   9.81 %  2013               5.00          128.93           5.9499
 01005   9.81 %  2013               5.00          128.97           5.9454
 01005   9.81 %  2013               5.00          128.90           5.9533
 01005   9.81 %  2013               5.00          128.950          5.9476
 01005   9.81 %  2013               5.00          128.88           5.9556
 01005   9.81 %  2013               5.00          128.890          5.9544
 01005   9.81 %  2013               5.00          128.88           5.9556
 01005   9.81 %  2013               5.00          128.91           5.9522
 01005   9.81 %  2013               5.00          128.90           5.9533
 01005   9.81 %  2013               5.00          128.890          5.9544
 01005   9.81 %  2013               5.00          128.91           5.9522
 01005   9.81 %  2013               5.00          128.90           5.9533
 01005   9.81 %  2013               5.00          128.90           5.9533
 01005   9.81 %  2013               5.00          128.91           5.9522
 01005   9.81 %  2013               5.00          128.85           5.9590
 01005   9.81 %  2013               5.00          128.90           5.9533
 98021  12.40 %  2013               0.002         100.00          12.3922
 02017   7.27 %  2013               5.00          110.00           5.9585
 02017   7.27 %  2013               5.00          109.95           5.9647
 02017   7.27 %  2013               5.00          110.00           5.9585
 02017   7.27 %  2013               5.00          110.21           5.9326
 02017   7.27 %  2013               5.00          110.06           5.9511
 02017   7.27 %  2013               5.00          109.95           5.9647
 02017   7.27 %  2013               5.00          109.95           5.9647
 02017   7.27 %  2013               5.00          109.95           5.9647
 02017   7.27 %  2013               5.00          109.99           5.9597
 02017   7.27 %  2013               5.00          110.05           5.9523
 02017   7.27 %  2013              10.00          110.05           5.9523
 02017   7.27 %  2013               5.00          110.05           5.9523
 02017   7.27 %  2013               5.00          110.05           5.9523
 02017   7.27 %  2013               5.00          110.05           5.9523
 02017   7.27 %  2013               5.00          110.03           5.9548
 02017   7.27 %  2013               5.00          110.00           5.9585
 02017   7.27 %  2013               9.00          102.638          6.9068
 00015  11.43 %  2015               2.50          141.05           6.5145
 02018   7.38 %  2015              15.00          100.00           7.3781 01011   9.85 %  2015               5.00          131.25           6.2089
 01011   9.85 %  2015               5.00          131.25           6.2089
 01011   9.85 %  2015               5.00          131.21           6.2128
 01011   9.85 %  2015               5.00          131.12           6.2215
 01011   9.85 %  2015               5.00          131.21           6.2128
 01011   9.85 %  2015               5.00          131.15           6.2186
 01011   9.85 %  2015               5.00          131.15           6.2186
 01011   9.85 %  2015               5.00          131.00           6.2332
 01011   9.85 %  2015               5.00          131.00           6.2332
 01011   9.85 %  2015               5.00          131.07           6.2264
 01011   9.85 %  2015               5.00          130.950          6.2381
 02001   8.07 %  2017               5.00          116.90           6.2177
 02001   8.07 %  2017               5.00          116.40           6.2671
 02001   8.07 %  2017               5.00          116.35           6.2721
 02001   8.07 %  2017               5.00          116.35           6.2721
 02001   8.07 %  2017              10.00          116.35           6.2721
 02001   8.07 %  2017               5.00          116.40           6.2671
 02001   8.07 %  2017               5.00          116.40           6.2671
 02001   8.07 %  2017               5.00          116.40           6.2671
 02001   8.07 %  2017               5.00          116.62           6.2454
 02001   8.07 %  2017               5.00          116.53           6.2543
 02001   8.07 %  2017               5.00          116.35           6.2721
 02001   8.07 %  2017               5.00          116.42           6.2652
 02001   8.07 %  2017               0.50          116.70           6.2375
 02001   8.07 %  2017               5.00          116.40           6.2671
 02001   8.07 %  2017               1.50          116.73           6.2345
 02001   8.07 %  2017               0.25          116.74           6.2335
 02001   8.07 %  2017               5.00          116.48           6.2592
 02001   8.07 %  2017               5.00          116.35           6.2721
 02001   8.07 %  2017               5.00          116.35           6.2721
 02001   8.07 %  2017              10.00          116.40           6.2671
 02001   8.07 %  2017               5.00          116.40           6.2671
 02001   8.07 %  2017               5.00          116.40           6.2671
 02001   8.07 %  2017               5.00          116.42           6.2652
 02001   8.07 %  2017               0.25          117.30           6.1784
 02001   8.07 %  2017               5.00          116.39           6.2681
 02001   8.07 %  2017               5.00          116.35           6.2721
 02001   8.07 %  2017               5.00          116.42           6.2652
 02001   8.07 %  2017               5.00          116.35           6.2721
 02001   8.07 %  2017               5.00          116.40           6.2671
 02001   8.07 %  2017               5.00          116.35           6.2721
 02001   8.07 %  2017               5.00          116.42           6.2652
 02001   8.07 %  2017               5.00          116.35           6.2721
 02001   8.07 %  2017               5.00          116.35           6.2721
 02001   8.07 %  2017               5.00          116.39           6.2681
 02001   8.07 %  2017               5.00          117.01           6.2069
 02001   8.07 %  2017               5.00          116.40           6.2671
 02001   8.07 %  2017               5.00          116.41           6.2662
 02001   8.07 %  2017               5.00          116.35           6.2721
 02001   8.07 %  2017               5.00          116.25           6.2820
 02001   8.07 %  2017               5.00          116.25           6.2820
 02001   8.07 %  2017               5.00          116.42           6.2652
 02001   8.07 %  2017               0.25          117.30           6.1784
 02001   8.07 %  2017               5.00          116.25           6.2820
 02001   8.07 %  2017               5.00          116.44           6.2632
 02007   7.49 %  2017               0.015         112.15           6.1775
 02007   7.49 %  2017               0.015         112.15           6.1775 02007   7.49 %  2017               0.14          112.15           6.1775
 02014   7.46 %  2017               1.00          111.80           6.2032
 02014   7.46 %  2017               1.00          111.27           6.2556
 02014   7.46 %  2017               0.50          111.50           6.2328
 02014   7.46 %  2017               0.50          111.25           6.2576
 02014   7.46 %  2017               5.00          111.10           6.2725
 02014   7.46 %  2017               0.50          111.93           6.1903
 02014   7.46 %  2017               5.00          111.11           6.2715
 02014   7.46 %  2017               5.00          111.11           6.2715
 02014   7.46 %  2017               5.00          111.11           6.2715
 02014   7.46 %  2017               0.25          111.35           6.2477
 02014   7.46 %  2017               0.30          111.72           6.2111
 02014   7.46 %  2017               5.00          111.25           6.2576
 02014   7.46 %  2017               5.00          111.06           6.2765
 02014   7.46 %  2017               0.50          111.30           6.2527
 02014   7.46 %  2017               1.00          111.13           6.2696
 02014   7.46 %  2017               0.90          109.50           6.4333
 02014   7.46 %  2017               1.00          111.14           6.2686
 02014   7.46 %  2017               1.00          111.98           6.1854
 03003   6.25 %  2018               1.00          100.80           6.1652
 03003   6.25 %  2018               0.11          101.45           6.0979
 03003   6.25 %  2018               0.02          101.45           6.0979
 03003   6.25 %  2018               0.02          101.45           6.0979
 03003   6.25 %  2018               1.20          101.90           6.0516
 03003   6.25 %  2018               1.00          100.95           6.1497
 03003   6.25 %  2018               1.00          100.75           6.1704
 03003   6.25 %  2018               1.00          101.07           6.1372
 03003   6.25 %  2018               0.50          101.15           6.1289
 03003   6.25 %  2018               0.50          101.07           6.1372
 03003   6.25 %  2018               2.00          100.70           6.1756
 03003   6.25 %  2018               2.00          101.90           6.0516
 03003   6.25 %  2018               1.00          100.60           6.1861
 03003   6.25 %  2018               0.25          100.15           6.2331
 01008  10.03 %  2019               5.00          136.50           6.3875
 01008  10.03 %  2019               2.00          136.00           6.4276
 01006  10.25 %  2021              10.00          140.10           6.4575
 02011   8.35 %  2022               5.00          121.18           6.4078
 02011   8.35 %  2022               0.50          122.35           6.3151
 03013   6.30 %  2023               2.00          100.60           6.2465
 03013   6.30 %  2023               5.00          100.45           6.2597
 03013   6.30 %  2023               5.00          100.50           6.2553
 03013   6.30 %  2023               2.00          100.43           6.2614
 03013   6.30 %  2023               0.50          100.43           6.2614
 03013   6.30 %  2023               1.00          100.65           6.2421
 03013   6.30 %  2023               7.00          100.70           6.2377
 03013   6.30 %  2023               5.00          100.20           6.2818
 03013   6.30 %  2023               5.00          100.40           6.2641
 03013   6.30 %  2023               5.00          100.16           6.2853
 03013   6.30 %  2023               5.00          100.11           6.2897
 03013   6.30 %  2023               5.00          100.11           6.2897
 03013   6.30 %  2023               1.00          100.65           6.2421
 03013   6.30 %  2023               0.50          100.81           6.2280
 03013   6.30 %  2023               5.00          100.30           6.2729
 03013   6.30 %  2023               0.15          100.35           6.2685
 01010  10.18 %  2026              25.00          145.48           6.4003
 01010  10.18 %  2026              25.00          145.50           6.3990
 01010  10.18 %  2026               5.00          144.90           6.4364     Total                       2733.54639
B. State Government Securities
          Contract Date : May 02, 2003
 93201 13.50% ANDHRA PRADSESH
       SDL 2003                     0.50          100.00         13.0905
 93219 13.50% RAJASTHAN SDL 2003    0.50          100.00         13.0905
 93223 13.50% UTTAR PRADESH SDL
       2003                         0.50          100.00         13.0905
 95201 14.00% ANDHRA PRADESH
       S.D.L. 2005                  0.50          100.00         13.9864
 95204 14.00% BIHAR S.D.L. 2005     1.00          100.00         13.9864
 95206 14.00% GUJARAT S.D.L.
       2005                         7.00          100.00         13.9864
 95212 14.00% MADHYA PRADESH
       S.D.L. 2005                  0.50          100.00         13.9864
 95220 14.00% RAJASTHAN S.D.L.
       2005                         0.50          100.00         13.9864
 95213 14.00% MAHARASHTRA S.D.L.
       2005                         2.00          100.00         13.9864
 95222 14.00% TAMILNADU S.D.L.
       2005                         1.00          100.00         13.9864
 95224 14% UTTAR PRADESH S.D.L.
       2005                         3.00          100.00         13.9864
 96205 13.85% ANDHRA PRADESH SDL
       2006                        12.00          100.00         13.8435
 96208 13.85% BIHAR SDL 2006        5.50          100.00         13.8435
 96210 13.85% GUJARAT SDL 2006      9.00          100.00         13.8435
 96216 13.85% MADHYA PRADESH SDL
       2006                         6.00          100.00         13.8435
 96224 13.85% RAJASTHAN SDL 2006    7.00          100.00         13.8435
 96228 13.85% UTTAR PRADESH SDL
       2006                         5.50          100.00         13.8435
 96229 13.85% WEST BENGAL SDL
       2006                         5.00          100.00         13.8435
 97201 13.75% ANDHRA PRADESH SDL
       2007                         1.9685        100.00         13.7302
 97204 13.75% BIHAR SDL 2007        3.00          100.00         13.7302
 97206 13.75% GUJARAT SDL 2007      2.336         100.00         13.7302
 97212 13.75 % MADHYA PRADESH
       SDL 2007                     1.4772        100.00         13.7302
 97213 13.75 % MAHARASHTRA SDL
       2007                         0.7055        100.00         13.7302
 97220 13.75 % RAJASTHAN SDL
       2007                         1.284         100.00         13.7302
 97222 13.75% TAMILNADU SDL 2007    1.4709        100.00         13.7302
 97224 13.75 % UTTAR PRADESH SDL
       2007                         5.00          100.00         13.7302
 97225 13.75 % WEST BENGAL LOAN
       2007                         1.1478        100.00         13.7302
 92208 13.00% GUJARAT S.D. 2007     1.25          100.00         12.9841
 92215 13.00% MAHARASHTRA S.D.
       2007                         1.25          100.00         12.9841
 97253 12.30% BIHAR SDL 2007        3.8345        100.00         12.2933
 88213 11.50% MAHARASHTRA S.D.
       2008                         0.0995        100.00         11.4907
 88206 11.50% GUJARAT S.D. 2008     0.15          100.00         11.4907 88209 11.50% JAMMU & KASHMIR
       S.D. 2008                    0.05          100.00         11.4907
 90203 11.50% GUJARAT S.D. 2010     0.15          100.00         11.4917
 00248 12.00% GUJARAT SDL 2010      0.009         100.00         11.9942
 00254 12.00% MAHARASHTRA SDL
       2010                         0.009         100.00         11.9942
 00261 12.00% TAMIL NADU SDL
       2010                         0.001         100.00         11.9942
 91205 11.50% GUJARAT S.D. 2011     0.25          100.00         11.4928
 91212 11.50% MAHARASHTRA S.D.
       2011                         0.30          100.00         11.4928
          Contract Date : May 03, 2003
 98205 12.15% GUJARAT SDL 2008      4.30          124.10          6.4042
 98205 12.15% GUJARAT SDL 2008      0.70          124.10          6.4042
 89217 11.50% ANDHRA PRADESH
       S.D. 2009                    5.00          125.90          6.3990
 99234 11.85% GUJRAT SDL 2009       0.3368        128.05          6.3994
 00208 11% MP SDL 2010              0.70          125.30          6.3972
 01278 9.45% TAMILNADU S.D.L
       2011                         1.00          119.60          6.4053
 02267 7.80% M.P. SDL 2012          1.00          109.45          6.3988
 02286 7.80% ANDHRA PRADESH SDL
       2012 (SECOND SERIES)        15.00          108.59          6.5493
 02341 6.80% TAMILNADU SDL 2012     0.70          103.25          6.3427
 03230 6.95% WEST BENGAL SDL
       2013                         0.80          102.45          6.6049
 03242 6.75% KARNATAKA SDL 2013     4.90          102.15          6.4504
 03242 6.75% KARNATAKA SDL 2013     4.10          102.15          6.4504
     Total                        131.2797
C. Treasury Bills
   (i) 14 Day Bills (Maturity-wise)
       (DD/MM/YYYY)
                                           NIL
   (ii) 91 Day Bills (Maturity-wise)
       (DD/MM/YYYY)
          Contract Date : May 02, 2003
        12/07/2003                 15.00           99.1255         4.5229
          Contract Date : May 03, 2003
        14/06/2003                 20.00           99.4849         4.4873
        20/06/2003                  5.00           99.3948         4.6174
        04/07/2003                 10.00           99.2163         4.6374
     Total                         50.00
   (iii) 182 Day Bills (Maturity-wise)
       (DD/MM/YYYY)
                                           NIL
   (iv) 364 Day Bills (Maturity-wise)
       (DD/MM/YYYY)
          Contract Date : April 30, 2003
        26/12/2003                  5.00           96.9775         4.7270
        05/03/2004                 20.00           96.0961         4.7702
          Contract Date : May 02, 2003
        17/04/2004                  0.90           95.5385         4.8428
        30/04/2004                  7.50           95.3985         4.8235
          Contract Date : May 03, 2003
        30/05/2003                 25.00           99.6646         4.5369
        22/08/2003                  0.84           98.6056         4.6373        23/01/2004                  5.00           96.7682         4.5874
        05/03/2004                 15.00           96.0728         4.8467
        05/03/2004                  1.19           96.0805         4.8368
        02/04/2004                 30.00           95.7299         4.8467
        30/04/2004                 25.00           95.3623         4.8766
        30/04/2004                 10.00           95.3985         4.8367
        30/04/2004                 30.00           95.3804         4.8567
        30/04/2004                 12.21           95.3804         4.8567
        30/04/2004                 10.00           95.3804         4.8567
        30/04/2004                 10.00           95.3804         4.8567
        30/04/2004                 10.00           95.3714         4.8666
        30/04/2004                 15.00           95.3759         4.8616
     Total                        232.64
---------------------------------------------------------------------------
 Loan  Nomenclature                Amount      Price *   Repo Rate   Repo
 Code                            (Face Value) Per Rs.100   (%pa)    Period
                                 (in Rs.Crore) Nominal              (Days)
       (1)                          (2)          (3)        (4)      (5)
---------------------------------------------------------------------------
II.  REPO Transactions *
    (Other than with RBI)
A. Government of India Dated Securities
 99008  11.68 %  2006              59.50      117.25        4.25       2
 01012   5.72 %  2006              25.00      100.00        3.75       2
 87011  11.50 %  2007              80.00      123.50        3.00       2
 98007  12.00 %  2008              10.00      126.90        4.25       2
 98007  12.00 %  2008              27.00      126.90        4.25       2
 00010  10.95 %  2011              60.00      130.00        4.00       2
 02001   8.07 %  2017              25.00      116.30        4.75       2
 01004  10.45 %  2018              10.00      138.00        6.50       2
 01008  10.03 %  2019               5.00      136.00        4.75       2
     Total                        301.50
B. State Government Securities
                                           NIL
C. Treasury Bills
   (i) 14 Day Bills (Maturity-wise)
      (DD/MM/YYYY)
                                           NIL
   (ii) 91 Day Bills (Maturity-wise)
      (DD/MM/YYYY)
                                           NIL
   (iii) 182 Day Bills (Maturity-wise)
      (DD/MM/YYYY)
                                           NIL
   (iv) 364 Day Bills (Maturity-wise)
       (DD/MM/YYYY)
        30/05/2003                 25.00       99.6572      2.50       2
        30/05/2003                 25.00       99.6572      2.50       2
        30/05/2003                 30.00       99.6572      2.50       2
        08/08/2003                 25.00       98.7793      2.50       2
        08/08/2003                 25.00       98.7793      2.50       2
        08/08/2003                 25.00       98.7793      2.50       2
        08/08/2003                 25.00       98.7793      2.50       2
        08/08/2003                 25.00       98.7793      2.50       2
        26/12/2003                 25.00       96.9775      2.50       2
        26/12/2003                 25.00       96.9775      2.50       2        26/12/2003                 25.00       96.9775      2.50       2
     Total                        280.00
-----------------------------------------------------------------------------
-
* Relate to the first leg of Repos
# YTM(indicative) will depend upon assumed rate of inflation
Date :  03 May 2003