Subsidiary General Ledger Account Transactions
in Government Dated Securities and Treasury Bills
at RBI, Mumbai on 21 July 2003
---------------------------------------------------------------------------
 Loan  Nomenclature              Amount           Price *        YTM %
 Code                            (Face Value)     Per Rs.100   Indicative
                                 (in Rs.Crore)    nominal
---------------------------------------------------------------------------
I.  Outright Transactions
A.Government of India Dated Securities
          Contract Date : July 18, 2003
 02010   7.55 %  2010               5.00          111.43           5.5149
 02010   7.55 %  2010              20.00          111.43           5.5149
 01009   9.40 %  2012              25.00          125.57           5.7623
          Contract Date : July 19, 2003
 88008  11.50 %  2008               4.00          125.80           5.3760
 02004   6.96 %  2009               5.00          106.72           5.5651
 99006  11.99 %  2009               5.00          132.30           5.3527
 03007   6.20 %  2010               5.00          102.51           5.7337
 03007   6.20 %  2010              10.00          102.51           5.7337
 03007   6.20 %  2010               5.00          102.55           5.7264
 03007   6.20 %  2010               5.00          102.50           5.7355
 03007   6.20 %  2010              10.00          102.57           5.7227
 02010   7.55 %  2010               5.00          111.47           5.5076
 02010   7.55 %  2010              10.00          111.47           5.5076
 02010   7.55 %  2010               5.00          111.47           5.5076
 02010   7.55 %  2010               5.00          111.48           5.5059
 00017  11.50 %  2011               5.00          138.13           5.6945
 02009   7.40 %  2012               5.00          111.64           5.6963
 02009   7.40 %  2012               5.00          111.64           5.6963
 02009   7.40 %  2012               5.00          111.645          5.6956
 02009   7.40 %  2012               5.00          111.64           5.6963
 02009   7.40 %  2012               5.00          111.65           5.6949
 02009   7.40 %  2012               5.00          111.65           5.6949
 02009   7.40 %  2012              10.00          111.65           5.6949
 02009   7.40 %  2012               5.00          111.67           5.6922
 02009   7.40 %  2012               5.00          111.625          5.6983
 02009   7.40 %  2012              15.00          111.64           5.6963
 02009   7.40 %  2012               5.00          111.64           5.6963
 01009   9.40 %  2012              10.00          125.67           5.7493
 01009   9.40 %  2012               5.00          125.67           5.7493
 01009   9.40 %  2012              10.00          125.68           5.7481
 01009   9.40 %  2012              10.00          125.68           5.7481
 01009   9.40 %  2012              10.00          125.68           5.7481
 01009   9.40 %  2012               5.00          125.66           5.7506
 01009   9.40 %  2012              25.00          125.67           5.7493
 01005   9.81 %  2013               5.00          130.62           5.7059
 02017   7.27 %  2013               5.00          111.92           5.7025
 02017   7.27 %  2013               5.00          111.92           5.7025
 02008   7.37 %  2014               5.00          112.85           5.7484
 02008   7.37 %  2014               5.00          112.84           5.7496 02008   7.37 %  2014               5.00          112.87           5.7461
 02008   7.37 %  2014               5.00          112.87           5.7461
 02008   7.37 %  2014               5.00          112.875          5.7455
 02008   7.37 %  2014               5.00          112.87           5.7461
 02008   7.37 %  2014              10.00          112.87           5.7461
 02008   7.37 %  2014               5.00          112.87           5.7461
 02008   7.37 %  2014               5.00          112.87           5.7461
 02008   7.37 %  2014               5.00          112.87           5.7461
 02001   8.07 %  2017               5.00          119.49           5.9483
 02001   8.07 %  2017               5.00          119.50           5.9474
 02001   8.07 %  2017               5.00          119.54           5.9435
 02001   8.07 %  2017               5.00          119.54           5.9435
 02007   7.49 %  2017               5.00          114.00           5.9801
 02007   7.49 %  2017               5.00          113.98           5.9820
 02007   7.49 %  2017               5.00          114.04           5.9761
 02007   7.49 %  2017               5.00          114.04           5.9761
 02014   7.46 %  2017               5.00          113.98           5.9783
 02014   7.46 %  2017               5.00          113.98           5.9783
 02014   7.46 %  2017               5.00          114.12           5.9647
 02014   7.46 %  2017               5.00          114.12           5.9647
 02014   7.46 %  2017               5.00          114.05           5.9715
 03003   6.25 %  2018               5.00          103.12           5.9253
 03003   6.25 %  2018               5.00          103.125          5.9247
 03003   6.25 %  2018               5.00          103.125          5.9247
 03003   6.25 %  2018               0.166         103.00           5.9375
 03003   6.25 %  2018               0.101         103.00           5.9375
 03003   6.25 %  2018               1.00          103.00           5.9375
 03003   6.25 %  2018               0.50          103.12           5.9253
 03017   6.05 %  2019              10.00          101.085          5.9429
 03017   6.05 %  2019               1.00          101.01           5.9502
 03017   6.05 %  2019               5.00          101.14           5.9375
 03017   6.05 %  2019               5.00          101.11           5.9404
 03017   6.05 %  2019               0.1025        101.15           5.9365
 03017   6.05 %  2019               1.00          101.15           5.9365
 03017   6.05 %  2019               0.1685        101.15           5.9365
 03004   6.35 %  2020               5.00          103.86           5.9778
 03004   6.35 %  2020               5.00          103.90           5.9740
 03004   6.35 %  2020               5.00          103.87           5.9769
 03004   6.35 %  2020               5.00          103.90           5.9740
 03004   6.35 %  2020              10.00          103.85           5.9787
 03004   6.35 %  2020               5.00          103.915          5.9726
 03004   6.35 %  2020               5.00          103.91           5.9731
 03004   6.35 %  2020               5.00          103.91           5.9731
 03004   6.35 %  2020               8.00          103.85           5.9787
 03004   6.35 %  2020               7.00          103.85           5.9787
 03013   6.30 %  2023              25.00          103.00           6.0367
 03013   6.30 %  2023              25.00          103.00           6.0367
 03013   6.30 %  2023              10.00          103.00           6.0367
 03015   6.13 %  2028              50.00          100.35           6.1018
 03015   6.13 %  2028               0.50          100.33           6.1034
 03015   6.13 %  2028              25.00          100.40           6.0979
 03015   6.13 %  2028              10.00          100.35           6.1018
          Contract Date : July 21, 2003
 95006  14.00 %  2005               0.25          115.25           5.3578
 00011  10.20 %  2005               0.25          109.75           4.9553
 97010  11.19 %  2005              50.00          111.84           5.0571
 97010  11.19 %  2005              50.00          111.85           5.0523 99008  11.68 %  2006              10.00          116.46           5.1126
 99008  11.68 %  2006               5.00          116.46           5.1126
 99008  11.68 %  2006              10.00          116.46           5.1126
 98005  11.75 %  2006               5.00          116.67           5.1343
 98009  11.90 %  2007               5.00          123.24           5.1659
 98009  11.90 %  2007               5.00          123.24           5.1659
 98007  12.00 %  2008              10.00          127.90           5.3104
 98007  12.00 %  2008               5.00          127.90           5.3104
 98007  12.00 %  2008              15.00          127.90           5.3104
 98007  12.00 %  2008               5.00          127.90           5.3104
 98007  12.00 %  2008              10.00          127.90           5.3104
 98007  12.00 %  2008               5.00          127.90           5.3104
 98007  12.00 %  2008               5.00          127.90           5.3104
 98007  12.00 %  2008              15.00          127.90           5.3104
 98007  12.00 %  2008               5.00          127.89           5.3124
 00016  11.40 %  2008              10.00          127.26           5.2473
 00016  11.40 %  2008               5.00          127.27           5.2453
 00016  11.40 %  2008               5.00          127.27           5.2453
 00016  11.40 %  2008               5.00          127.29           5.2414
 00016  11.40 %  2008               5.00          127.28           5.2434
 00016  11.40 %  2008               5.00          127.28           5.2434
 00016  11.40 %  2008              15.00          127.28           5.2434
 00016  11.40 %  2008               5.00          127.285          5.2424
 00016  11.40 %  2008               5.00          127.275          5.2443
 00016  11.40 %  2008               5.00          127.275          5.2443
 00016  11.40 %  2008               5.00          127.28           5.2434
 00016  11.40 %  2008              10.00          127.28           5.2434
 00016  11.40 %  2008               5.00          127.28           5.2434
 00016  11.40 %  2008               5.00          100.00          11.3928
 02004   6.96 %  2009               5.00          106.80           5.5480
 02004   6.96 %  2009               5.00          106.90           5.5281
 02004   6.96 %  2009               5.00          106.90           5.5281
 02004   6.96 %  2009               5.00          106.80           5.5480
 02004   6.96 %  2009               1.45          106.706          5.5666
 02004   6.96 %  2009               5.00          106.90           5.5281
 02004   6.96 %  2009              25.00          106.80           5.5480
 02004   6.96 %  2009              15.00          106.89           5.5301
 02004   6.96 %  2009              25.00          106.87           5.5341
 02004   6.96 %  2009              25.00          106.89           5.5301
 02004   6.96 %  2009              50.00          106.90           5.5281
 02004   6.96 %  2009              10.00          106.90           5.5281
 02005   6.65 %  2009               0.35          106.00           5.4114
 99006  11.99 %  2009              10.00          132.23           5.3601
 99006  11.99 %  2009               5.00          132.275          5.3524
 99006  11.99 %  2009               5.00          132.31           5.3463
 99006  11.99 %  2009               5.00          132.30           5.3481
 99006  11.99 %  2009               5.00          132.30           5.3481
 99006  11.99 %  2009               5.00          132.30           5.3481
 99006  11.99 %  2009               5.00          132.31           5.3463
 99006  11.99 %  2009               5.00          132.30           5.3481
 99006  11.99 %  2009              10.00          132.30           5.3481
 99006  11.99 %  2009              10.00          132.305          5.3472
 99006  11.99 %  2009               5.00          132.30           5.3481
 99006  11.99 %  2009              10.00          132.30           5.3481
 99006  11.99 %  2009               5.00          132.31           5.3463
 99006  11.99 %  2009               5.00          132.30           5.3481
 99006  11.99 %  2009              25.00          132.29           5.3498 99006  11.99 %  2009               5.00          132.30           5.3481
 99006  11.99 %  2009              25.00          132.30           5.3481
 99006  11.99 %  2009              10.00          132.30           5.3481
 99006  11.99 %  2009              15.00          132.30           5.3481
 99006  11.99 %  2009              15.00          132.305          5.3472
 99006  11.99 %  2009               5.00          100.00          11.9795
 79002   7.00 %  2009               1.00          107.25           5.5293
 79002   7.00 %  2009               2.50          107.25           5.5293
 03002   5.87 %  2010              10.00          102.00           5.4967
 03002   5.87 %  2010              10.00          102.10           5.4783
 03002   5.87 %  2010              10.00          102.05           5.4875
 03002   5.87 %  2010               5.00          102.00           5.4967
 03002   5.87 %  2010              10.00          102.10           5.4783
 03005   6.00 %  2010               5.00          101.55           5.7102
 03005   6.00 %  2010               5.00          101.48           5.7232
 03005   6.00 %  2010               5.00          101.58           5.7046
 03005   6.00 %  2010               5.00          101.542          5.7116
 03005   6.00 %  2010               5.00          101.49           5.7213
 03005   6.00 %  2010               5.00          101.55           5.7102
 03007   6.20 %  2010              10.00          102.60           5.7170
 03007   6.20 %  2010               5.00          102.62           5.7133
 03007   6.20 %  2010              10.00          102.60           5.7170
 03007   6.20 %  2010               5.00          102.62           5.7133
 03007   6.20 %  2010               5.00          102.52           5.7316
 03007   6.20 %  2010               5.00          102.60           5.7170
 03007   6.20 %  2010               5.00          102.58           5.7207
 03007   6.20 %  2010              25.00          102.60           5.7170
 03007   6.20 %  2010              15.00          102.64           5.7097
 03007   6.20 %  2010               5.00          102.60           5.7170
 03007   6.20 %  2010              10.00          102.64           5.7097
 03007   6.20 %  2010               5.00          102.66           5.7060
 03007   6.20 %  2010               5.00          102.66           5.7060
 03007   6.20 %  2010              10.00          102.60           5.7170
 03007   6.20 %  2010              10.00          102.62           5.7133
 03007   6.20 %  2010              10.00          102.62           5.7133
 03012   6.40 %  2010               5.00          103.77           5.7118
 03012   6.40 %  2010               5.00          103.81           5.7047
 03012   6.40 %  2010               5.00          103.73           5.7189
 80003   7.50 %  2010               2.90          109.20           5.8406
 02010   7.55 %  2010              10.00          111.43           5.5129
 02010   7.55 %  2010               5.00          111.51           5.4996
 02010   7.55 %  2010               5.00          111.51           5.4996
 02010   7.55 %  2010               5.00          111.51           5.4996
 02010   7.55 %  2010               5.00          111.61           5.4830
 02010   7.55 %  2010              10.00          111.52           5.4979
 02010   7.55 %  2010               5.00          111.51           5.4996
 02010   7.55 %  2010               5.00          111.60           5.4846
 02010   7.55 %  2010               5.00          111.59           5.4863
 02010   7.55 %  2010               5.00          111.57           5.4896
 02010   7.55 %  2010               5.00          111.56           5.4913
 02010   7.55 %  2010              10.00          111.61           5.4830
 02010   7.55 %  2010               5.00          111.62           5.4813
 02010   7.55 %  2010               5.00          111.55           5.4929
 02010   7.55 %  2010               5.00          111.58           5.4880
 02010   7.55 %  2010               5.00          111.60           5.4846
 02010   7.55 %  2010               5.00          111.60           5.4846
 02010   7.55 %  2010               5.00          111.58           5.4880 02010   7.55 %  2010              10.00          111.60           5.4846
 02010   7.55 %  2010               5.00          111.56           5.4913
 02010   7.55 %  2010               5.00          111.53           5.4963
 02010   7.55 %  2010               5.00          111.60           5.4846
 02010   7.55 %  2010               5.00          111.60           5.4846
 02010   7.55 %  2010               5.00          111.52           5.4979
 02010   7.55 %  2010               5.00          111.61           5.4830
 02010   7.55 %  2010               5.00          111.61           5.4830
 00014  11.30 %  2010               5.00          133.15           5.5358
 00014  11.30 %  2010              10.00          133.14           5.5373
 00014  11.30 %  2010               5.00          133.18           5.5315
 00014  11.30 %  2010              10.00          133.15           5.5358
 00014  11.30 %  2010               5.00          133.18           5.5315
 00014  11.30 %  2010               5.00          133.16           5.5344
 00014  11.30 %  2010              10.00          133.16           5.5344
 00014  11.30 %  2010              25.00          133.18           5.5315
 00014  11.30 %  2010               5.00          133.16           5.5344
 00014  11.30 %  2010              10.00          133.16           5.5344
 00014  11.30 %  2010              25.00          133.18           5.5315
 00010  10.95 %  2011              10.00          132.68           5.7252
 00010  10.95 %  2011               5.00          132.70           5.7225
 00010  10.95 %  2011               5.00          132.70           5.7225
 00010  10.95 %  2011              10.00          132.70           5.7225
 00010  10.95 %  2011               5.00          132.69           5.7238
 00010  10.95 %  2011               5.00          132.68           5.7252
 00010  10.95 %  2011               5.00          132.69           5.7238
 00010  10.95 %  2011               5.00          132.69           5.7238
 00010  10.95 %  2011               5.00          132.75           5.7158
 00010  10.95 %  2011               5.00          132.74           5.7172
 00010  10.95 %  2011               5.00          132.74           5.7172
 00010  10.95 %  2011              10.00          132.78           5.7119
 00010  10.95 %  2011               5.00          132.72           5.7198
 00010  10.95 %  2011              10.00          132.75           5.7158
 00010  10.95 %  2011              25.00          132.75           5.7158
 00010  10.95 %  2011               5.00          132.75           5.7158
 00010  10.95 %  2011               5.00          132.77           5.7132
 00010  10.95 %  2011              10.00          132.78           5.7119
 00010  10.95 %  2011               5.00          132.72           5.7198
 00010  10.95 %  2011               5.00          132.79           5.7105
 00010  10.95 %  2011               5.00          132.75           5.7158
 00010  10.95 %  2011               5.00          132.79           5.7105
 00010  10.95 %  2011               5.00          132.77           5.7132
 00010  10.95 %  2011               5.00          132.79           5.7105
 00010  10.95 %  2011               5.00          132.76           5.7145
 00010  10.95 %  2011               5.00          132.75           5.7158
 00010  10.95 %  2011               5.00          132.74           5.7172
 00010  10.95 %  2011               5.00          132.69           5.7238
 00010  10.95 %  2011               5.00          132.78           5.7119
 00010  10.95 %  2011               5.00          132.74           5.7172
 00010  10.95 %  2011               5.00          132.73           5.7185
 00010  10.95 %  2011               5.00          132.77           5.7132
 00010  10.95 %  2011               5.00          132.68           5.7252
 00010  10.95 %  2011               5.00          132.69           5.7238
 00010  10.95 %  2011               5.00          132.78           5.7119
 00010  10.95 %  2011               5.00          132.69           5.7238
 00010  10.95 %  2011               5.00          132.70           5.7225
 00010  10.95 %  2011               5.00          132.79           5.7105 00010  10.95 %  2011               5.00          132.79           5.7105
 00010  10.95 %  2011               5.00          132.79           5.7105
 00010  10.95 %  2011               5.00          132.79           5.7105
 00010  10.95 %  2011               5.00          132.79           5.7105
 00010  10.95 %  2011               5.00          132.79           5.7105
 00010  10.95 %  2011               5.00          132.79           5.7105
 01007   9.39 %  2011               5.00          123.65           5.6535
 01007   9.39 %  2011               5.00          123.66           5.6522
 01007   9.39 %  2011               5.00          123.67           5.6508
 01007   9.39 %  2011               5.00          123.67           5.6508
 01007   9.39 %  2011               5.00          123.67           5.6508
 01007   9.39 %  2011               5.00          123.66           5.6522
 01007   9.39 %  2011               5.00          123.695          5.6473
 01007   9.39 %  2011              10.00          123.67           5.6508
 01007   9.39 %  2011               5.00          123.67           5.6508
 01007   9.39 %  2011               5.00          123.68           5.6494
 01007   9.39 %  2011              10.00          123.67           5.6508
 01007   9.39 %  2011               5.00          123.67           5.6508
 01007   9.39 %  2011               5.00          123.672          5.6504
 01007   9.39 %  2011               5.00          123.69           5.6480
 01007   9.39 %  2011               5.00          123.65           5.6535
 01007   9.39 %  2011               5.00          123.67           5.6508
 01007   9.39 %  2011               5.00          123.67           5.6508
 01007   9.39 %  2011              10.00          123.70           5.6466
 01007   9.39 %  2011              10.00          123.65           5.6535
 01007   9.39 %  2011               5.00          123.67           5.6508
 01007   9.39 %  2011               5.00          123.65           5.6535
 01007   9.39 %  2011               5.00          123.68           5.6494
 01007   9.39 %  2011               5.00          123.68           5.6494
 01007   9.39 %  2011               5.00          123.70           5.6466
 01007   9.39 %  2011               5.00          123.70           5.6466
 01007   9.39 %  2011               5.00          123.65           5.6535
 01007   9.39 %  2011               5.00          123.67           5.6508
 01007   9.39 %  2011              10.00          123.69           5.6480
 01007   9.39 %  2011               5.00          123.70           5.6466
 01007   9.39 %  2011              10.00          123.70           5.6466
 01007   9.39 %  2011              10.00          123.72           5.6439
 01007   9.39 %  2011               5.00          123.71           5.6453
 01007   9.39 %  2011               5.00          123.68           5.6494
 01007   9.39 %  2011              10.00          123.68           5.6494
 01007   9.39 %  2011               5.00          123.71           5.6453
 01007   9.39 %  2011              10.00          123.71           5.6453
 01007   9.39 %  2011              25.00          123.70           5.6466
 01007   9.39 %  2011               5.00          123.67           5.6508
 01007   9.39 %  2011               5.00          123.71           5.6453
 01007   9.39 %  2011              10.00          123.72           5.6439
 01007   9.39 %  2011               5.00          123.68           5.6494
 01007   9.39 %  2011               5.00          123.71           5.6453
 01007   9.39 %  2011               5.00          123.72           5.6439
 01007   9.39 %  2011               5.00          123.65           5.6535
 01007   9.39 %  2011               5.00          123.72           5.6439
 01007   9.39 %  2011               5.00          123.67           5.6508
 00017  11.50 %  2011              10.00          138.11           5.6945
 00017  11.50 %  2011               5.00          138.11           5.6945
 00017  11.50 %  2011               5.00          138.12           5.6933
 00017  11.50 %  2011               5.00          138.12           5.6933
 00017  11.50 %  2011               5.00          138.12           5.6933 00017  11.50 %  2011               5.00          138.135          5.6914
 00017  11.50 %  2011               5.00          138.11           5.6945
 00017  11.50 %  2011               5.00          138.11           5.6945
 00017  11.50 %  2011               5.00          138.15           5.6896
 00017  11.50 %  2011               5.00          138.14           5.6908
 00017  11.50 %  2011               5.00          138.15           5.6896
 00017  11.50 %  2011              10.00          138.18           5.6858
 00017  11.50 %  2011               5.00          138.17           5.6871
 00017  11.50 %  2011               5.00          138.15           5.6896
 00017  11.50 %  2011               5.00          138.15           5.6896
 00017  11.50 %  2011               5.00          138.11           5.6945
 00017  11.50 %  2011               5.00          138.18           5.6858
 00017  11.50 %  2011              10.00          138.18           5.6858
 00017  11.50 %  2011              10.00          138.15           5.6896
 00017  11.50 %  2011              10.00          138.16           5.6883
 00017  11.50 %  2011              10.00          138.17           5.6871
 00017  11.50 %  2011              10.00          138.17           5.6871
 00017  11.50 %  2011              25.00          138.12           5.6933
 00017  11.50 %  2011               5.00          138.11           5.6945
 00017  11.50 %  2011               5.00          138.11           5.6945
 00017  11.50 %  2011               5.00          138.17           5.6871
 00017  11.50 %  2011              10.00          138.12           5.6933
 00017  11.50 %  2011              10.00          138.11           5.6945
 00017  11.50 %  2011               5.00          138.18           5.6858
 02006   6.85 %  2012               5.00          107.90           5.6852
 02006   6.85 %  2012               5.00          107.90           5.6852
 02006   6.85 %  2012               5.00          107.93           5.6810
 02006   6.85 %  2012              15.00          107.90           5.6852
 02006   6.85 %  2012              10.00          107.93           5.6810
 02006   6.85 %  2012              25.00          107.90           5.6852
 02006   6.85 %  2012               0.50          107.895          5.6859
 02006   6.85 %  2012               5.00          107.90           5.6852
 02006   6.85 %  2012              25.00          107.90           5.6852
 02006   6.85 %  2012               5.00          107.93           5.6810
 02006   6.85 %  2012               5.00          107.93           5.6810
 02006   6.85 %  2012               5.00          107.90           5.6852
 02006   6.85 %  2012               5.00          107.93           5.6810
 02006   6.85 %  2012               5.00          107.925          5.6817
 02006   6.85 %  2012               1.00          107.88           5.6880
 02006   6.85 %  2012               5.00          107.90           5.6852
 02006   6.85 %  2012              10.00          107.92           5.6824
 02006   6.85 %  2012               5.00          107.90           5.6852
 02006   6.85 %  2012               5.00          107.93           5.6810
 02009   7.40 %  2012               5.00          111.66           5.6928
 02009   7.40 %  2012               5.00          111.66           5.6928
 02009   7.40 %  2012               5.00          111.67           5.6914
 02009   7.40 %  2012               5.00          111.66           5.6928
 02009   7.40 %  2012               5.00          111.66           5.6928
 02009   7.40 %  2012               5.00          111.66           5.6928
 02009   7.40 %  2012               5.00          111.67           5.6914
 02009   7.40 %  2012               5.00          111.67           5.6914
 02009   7.40 %  2012               5.00          111.69           5.6887
 02009   7.40 %  2012              40.00          111.67           5.6914
 02009   7.40 %  2012               5.00          111.67           5.6914
 02009   7.40 %  2012               5.00          111.66           5.6928
 02009   7.40 %  2012               5.00          111.66           5.6928
 02009   7.40 %  2012               5.00          111.66           5.6928 02009   7.40 %  2012               5.00          111.70           5.6873
 02009   7.40 %  2012               5.00          111.67           5.6914
 02009   7.40 %  2012              25.00          111.67           5.6914
 02009   7.40 %  2012               5.00          111.67           5.6914
 02009   7.40 %  2012               5.00          111.70           5.6873
 02009   7.40 %  2012              10.00          111.67           5.6914
 02009   7.40 %  2012               5.00          111.69           5.6887
 02009   7.40 %  2012               5.00          111.67           5.6914
 02009   7.40 %  2012              10.00          111.67           5.6914
 02009   7.40 %  2012               5.00          111.66           5.6928
 02009   7.40 %  2012               5.00          111.67           5.6914
 02009   7.40 %  2012               5.00          111.70           5.6873
 02009   7.40 %  2012               5.00          111.71           5.6859
 02009   7.40 %  2012               5.00          111.70           5.6873
 02009   7.40 %  2012              10.00          111.72           5.6846
 02009   7.40 %  2012               5.00          111.665          5.6921
 02009   7.40 %  2012               5.00          111.66           5.6928
 02009   7.40 %  2012               5.00          111.71           5.6859
 02009   7.40 %  2012               5.00          111.66           5.6928
 02009   7.40 %  2012               5.00          111.65           5.6941
 02009   7.40 %  2012               5.00          111.67           5.6914
 02009   7.40 %  2012               5.00          111.72           5.6846
 02009   7.40 %  2012               5.00          111.71           5.6859
 02009   7.40 %  2012               5.00          111.70           5.6873
 02009   7.40 %  2012               1.50          111.68           5.6900
 02009   7.40 %  2012               5.00          111.69           5.6887
 02009   7.40 %  2012              25.00          111.69           5.6887
 02009   7.40 %  2012               5.00          111.72           5.6846
 02009   7.40 %  2012              10.00          111.67           5.6914
 02009   7.40 %  2012               0.50          111.68           5.6900
 02009   7.40 %  2012               5.00          111.67           5.6914
 02009   7.40 %  2012              15.00          111.72           5.6846
 02009   7.40 %  2012               5.00          111.72           5.6846
 02009   7.40 %  2012               5.00          111.67           5.6914
 02009   7.40 %  2012               5.00          111.72           5.6846
 02009   7.40 %  2012               5.00          111.72           5.6846
 02009   7.40 %  2012               5.00          111.72           5.6846
 02009   7.40 %  2012               5.00          111.72           5.6846
 02009   7.40 %  2012               5.00          111.67           5.6914
 02009   7.40 %  2012               1.00          111.68           5.6900
 02009   7.40 %  2012               5.00          111.70           5.6873
 02009   7.40 %  2012               5.00          111.72           5.6846
 02009   7.40 %  2012               5.00          111.67           5.6914
 02009   7.40 %  2012               5.00          111.72           5.6846
 02009   7.40 %  2012               5.00          111.68           5.6900
 02009   7.40 %  2012               5.00          111.70           5.6873
 02009   7.40 %  2012               5.00          111.72           5.6846
 02009   7.40 %  2012              25.00          111.72           5.6846
 02009   7.40 %  2012               5.00          111.72           5.6846
 02009   7.40 %  2012               5.00          111.65           5.6941
 00012  11.03 %  2012              25.00          136.68           5.7487
 00012  11.03 %  2012               5.00          136.69           5.7475
 00012  11.03 %  2012               5.00          136.69           5.7475
 00012  11.03 %  2012              10.00          136.68           5.7487
 00012  11.03 %  2012               0.65          136.76           5.7393
 00012  11.03 %  2012               5.00          136.70           5.7463
 00012  11.03 %  2012               5.00          136.69           5.7475 00012  11.03 %  2012               5.00          136.75           5.7404
 00012  11.03 %  2012               5.00          136.70           5.7463
 00012  11.03 %  2012               5.00          136.77           5.7381
 00012  11.03 %  2012              15.00          136.70           5.7463
 00012  11.03 %  2012               5.00          136.76           5.7393
 00012  11.03 %  2012               5.00          136.77           5.7381
 00012  11.03 %  2012               5.00          136.72           5.7440
 00012  11.03 %  2012               5.00          136.74           5.7416
 00012  11.03 %  2012               5.00          136.68           5.7487
 00012  11.03 %  2012               5.00          136.75           5.7404
 00012  11.03 %  2012               5.00          136.73           5.7428
 00012  11.03 %  2012              10.00          136.77           5.7381
 00012  11.03 %  2012               5.00          136.76           5.7393
 00012  11.03 %  2012               5.00          136.76           5.7393
 00012  11.03 %  2012               5.00          136.75           5.7404
 00012  11.03 %  2012               5.00          136.75           5.7404
 00012  11.03 %  2012               5.00          136.77           5.7381
 02013   6.72 %  2012              10.00          105.50           5.9222
 00012  11.03 %  2012               5.00          100.00          11.0296
 00012  11.03 %  2012               5.00          136.67           5.7498
 01009   9.40 %  2012              10.00          125.69           5.7455
 01009   9.40 %  2012              10.00          125.73           5.7405
 01009   9.40 %  2012               5.00          125.73           5.7405
 01009   9.40 %  2012              25.00          125.74           5.7393
 01009   9.40 %  2012              25.00          125.68           5.7467
 01009   9.40 %  2012               5.00          125.74           5.7393
 01009   9.40 %  2012               1.00          125.60           5.7565
 01009   9.40 %  2012               5.00          125.75           5.7381
 01009   9.40 %  2012               5.00          125.75           5.7381
 01009   9.40 %  2012              10.00          125.74           5.7393
 01009   9.40 %  2012              25.00          125.73           5.7405
 01009   9.40 %  2012              25.00          125.74           5.7393
 01005   9.81 %  2013              25.00          130.60           5.7067
 01005   9.81 %  2013               5.00          130.60           5.7067
 01005   9.81 %  2013               5.00          130.610          5.7055
 01005   9.81 %  2013               5.00          130.610          5.7055
 01005   9.81 %  2013              10.00          130.60           5.7067
 01005   9.81 %  2013               5.00          130.60           5.7067
 01005   9.81 %  2013               5.00          130.60           5.7067
 01005   9.81 %  2013               5.00          130.60           5.7067
 01005   9.81 %  2013               5.00          130.60           5.7067
 01005   9.81 %  2013               5.00          130.60           5.7067
 01005   9.81 %  2013               5.00          130.610          5.7055
 01005   9.81 %  2013               5.00          130.60           5.7067
 01005   9.81 %  2013               5.00          130.63           5.7033
 01005   9.81 %  2013               5.00          130.62           5.7044
 01005   9.81 %  2013               5.00          130.62           5.7044
 01005   9.81 %  2013               5.00          130.63           5.7033
 01005   9.81 %  2013               5.00          130.62           5.7044
 01005   9.81 %  2013               5.00          130.62           5.7044
 01005   9.81 %  2013               5.00          130.63           5.7033
 01005   9.81 %  2013              25.00          130.60           5.7067
 01005   9.81 %  2013               5.00          130.60           5.7067
 01005   9.81 %  2013              10.00          130.640          5.7021
 01005   9.81 %  2013               5.00          130.62           5.7044
 01005   9.81 %  2013               5.00          130.62           5.7044
 01005   9.81 %  2013               5.00          130.62           5.7044 02017   7.27 %  2013               5.00          111.90           5.7044
 02017   7.27 %  2013               5.00          111.95           5.6983
 02017   7.27 %  2013               5.00          111.94           5.6995
 02017   7.27 %  2013               5.00          111.94           5.6995
 02017   7.27 %  2013               5.00          111.95           5.6983
 02017   7.27 %  2013              10.00          111.95           5.6983
 02017   7.27 %  2013               5.00          111.94           5.6995
 02017   7.27 %  2013               5.00          111.945          5.6989
 02017   7.27 %  2013               5.00          111.94           5.6995
 02017   7.27 %  2013               5.00          111.97           5.6958
 02017   7.27 %  2013               5.00          111.95           5.6983
 02017   7.27 %  2013               5.00          111.94           5.6995
 02017   7.27 %  2013               0.14          111.75           5.7228
 03009   6.72 %  2014               5.00          107.645          5.7455
 03009   6.72 %  2014              10.00          107.66           5.7437
 03009   6.72 %  2014               5.00          107.69           5.7401
 03009   6.72 %  2014               5.00          107.67           5.7425
 03009   6.72 %  2014               5.00          107.69           5.7401
 03009   6.72 %  2014               5.00          107.69           5.7401
 03009   6.72 %  2014               5.00          107.69           5.7401
 02008   7.37 %  2014               5.00          112.85           5.7478
 02008   7.37 %  2014               5.00          112.855          5.7472
 02008   7.37 %  2014               5.00          112.87           5.7455
 02008   7.37 %  2014               5.00          112.86           5.7467
 02008   7.37 %  2014               5.00          112.875          5.7449
 02008   7.37 %  2014              10.00          112.87           5.7455
 02008   7.37 %  2014               5.00          112.87           5.7455
 02008   7.37 %  2014               5.00          112.87           5.7455
 02008   7.37 %  2014               5.00          112.87           5.7455
 02008   7.37 %  2014               5.00          112.87           5.7455
 02008   7.37 %  2014               5.00          112.88           5.7443
 02008   7.37 %  2014               5.00          112.87           5.7455
 02008   7.37 %  2014               5.00          112.87           5.7455
 02008   7.37 %  2014              10.00          112.87           5.7455
 02008   7.37 %  2014               5.00          112.86           5.7467
 02008   7.37 %  2014               5.00          112.90           5.7420
 02008   7.37 %  2014               1.045         112.88           5.7443
 03014   5.09 %  2014              30.00           99.81           5.1122
 99020  11.83 %  2014               1.00          147.95           5.9435
 02018   7.38 %  2015               5.00          113.45           5.8167
 02018   7.38 %  2015              10.00          113.42           5.8199
 02018   7.38 %  2015               5.00          113.43           5.8188
 02018   7.38 %  2015               5.00          113.42           5.8199
 02018   7.38 %  2015               5.00          113.43           5.8188
 02018   7.38 %  2015              25.00          113.43           5.8188
 01011   9.85 %  2015               5.00          134.62           5.8473
 01011   9.85 %  2015               5.00          134.62           5.8473
 01011   9.85 %  2015               5.00          134.62           5.8473
 01011   9.85 %  2015               5.00          134.63           5.8464
 01011   9.85 %  2015               5.00          134.65           5.8445
 01011   9.85 %  2015               5.00          134.65           5.8445
 01011   9.85 %  2015               5.00          134.63           5.8464
 01011   9.85 %  2015               5.00          134.66           5.8435
 01011   9.85 %  2015               5.00          134.65           5.8445
 01011   9.85 %  2015               5.00          134.66           5.8435
 01011   9.85 %  2015               5.00          134.63           5.8464
 01011   9.85 %  2015               5.00          134.66           5.8435 01011   9.85 %  2015               5.00          134.65           5.8445
 01011   9.85 %  2015              10.00          134.65           5.8445
 01011   9.85 %  2015               5.00          134.66           5.8435
 01011   9.85 %  2015               5.00          134.66           5.8435
 01011   9.85 %  2015              25.00          134.62           5.8473
 01011   9.85 %  2015              10.00          134.655          5.8440
 01011   9.85 %  2015               5.00          134.66           5.8435
 01011   9.85 %  2015               5.00          134.63           5.8464
 01011   9.85 %  2015               0.60          134.47           5.8615
 01003  10.71 %  2016               5.00          141.53           5.9997
 01003  10.71 %  2016               5.00          141.52           6.0005
 02001   8.07 %  2017               5.00          119.51           5.9458
 02001   8.07 %  2017               5.00          119.51           5.9458
 02001   8.07 %  2017               5.00          119.52           5.9449
 02001   8.07 %  2017               5.00          119.52           5.9449
 02001   8.07 %  2017               5.00          119.52           5.9449
 02001   8.07 %  2017               5.00          119.53           5.9439
 02001   8.07 %  2017               5.00          119.55           5.9420
 02001   8.07 %  2017               5.00          119.51           5.9458
 02001   8.07 %  2017               5.00          119.51           5.9458
 02001   8.07 %  2017               5.00          119.50           5.9468
 02001   8.07 %  2017               5.00          119.52           5.9449
 02001   8.07 %  2017               5.00          119.51           5.9458
 02001   8.07 %  2017               5.00          119.51           5.9458
 02001   8.07 %  2017               5.00          119.50           5.9468
 02001   8.07 %  2017               5.00          119.50           5.9468
 02001   8.07 %  2017               5.00          119.50           5.9468
 02001   8.07 %  2017               5.00          119.505          5.9463
 02001   8.07 %  2017               5.00          119.51           5.9458
 02001   8.07 %  2017               5.00          119.52           5.9449
 02001   8.07 %  2017              10.00          119.52           5.9449
 02001   8.07 %  2017               5.00          119.54           5.9429
 02001   8.07 %  2017              10.00          119.54           5.9429
 02001   8.07 %  2017              25.00          119.54           5.9429
 02001   8.07 %  2017               5.00          119.50           5.9468
 02001   8.07 %  2017               5.00          119.545          5.9424
 02001   8.07 %  2017               5.00          119.54           5.9429
 02001   8.07 %  2017               5.00          119.50           5.9468
 02001   8.07 %  2017               5.00          119.52           5.9449
 02001   8.07 %  2017               5.00          119.54           5.9429
 02001   8.07 %  2017               5.00          119.55           5.9420
 02001   8.07 %  2017               5.00          119.54           5.9429
 02001   8.07 %  2017               5.00          119.51           5.9458
 02001   8.07 %  2017              10.00          119.535          5.9434
 02001   8.07 %  2017               5.00          119.55           5.9420
 02001   8.07 %  2017               5.00          119.565          5.9405
 02001   8.07 %  2017               5.00          119.57           5.9400
 02001   8.07 %  2017               5.00          119.55           5.9420
 02001   8.07 %  2017               5.00          119.565          5.9405
 02001   8.07 %  2017               5.00          119.565          5.9405
 02001   8.07 %  2017               5.00          119.55           5.9420
 02001   8.07 %  2017               0.50          119.50           5.9468
 02001   8.07 %  2017              25.00          119.57           5.9400
 02001   8.07 %  2017               5.00          119.50           5.9468
 02001   8.07 %  2017               5.00          119.575          5.9395
 02001   8.07 %  2017               5.00          119.565          5.9405
 02001   8.07 %  2017               5.00          119.56           5.9410 02001   8.07 %  2017               5.00          119.57           5.9400
 02001   8.07 %  2017               5.00          119.575          5.9395
 02001   8.07 %  2017              10.00          119.56           5.9410
 02001   8.07 %  2017               5.00          119.56           5.9410
 02001   8.07 %  2017               5.00          119.54           5.9429
 02001   8.07 %  2017               5.00          119.50           5.9468
 02001   8.07 %  2017               5.00          119.58           5.9391
 02007   7.49 %  2017               5.00          114.035          5.9763
 02007   7.49 %  2017               0.50          113.85           5.9945
 02007   7.49 %  2017               5.00          114.025          5.9772
 02007   7.49 %  2017              10.00          114.05           5.9748
 02007   7.49 %  2017               5.00          114.03           5.9767
 02007   7.49 %  2017               5.00          114.03           5.9767
 02007   7.49 %  2017               5.00          114.03           5.9767
 02007   7.49 %  2017               5.00          114.055          5.9743
 02007   7.49 %  2017               5.00          114.06           5.9738
 02007   7.49 %  2017               5.00          114.045          5.9753
 02007   7.49 %  2017               1.00          114.00           5.9797
 02007   7.49 %  2017               5.00          114.05           5.9748
 02007   7.49 %  2017               5.00          114.055          5.9743
 02007   7.49 %  2017               5.00          114.055          5.9743
 02007   7.49 %  2017               5.00          114.03           5.9767
 02007   7.49 %  2017               5.00          114.05           5.9748
 02007   7.49 %  2017               5.00          114.04           5.9758
 02007   7.49 %  2017               5.00          114.05           5.9748
 02007   7.49 %  2017               5.00          114.05           5.9748
 02014   7.46 %  2017              10.00          114.11           5.9653
 02014   7.46 %  2017               5.00          114.10           5.9663
 02014   7.46 %  2017               5.00          114.08           5.9683
 02014   7.46 %  2017               5.00          114.10           5.9663
 02014   7.46 %  2017               5.00          114.08           5.9683
 02014   7.46 %  2017               5.00          114.10           5.9663
 02014   7.46 %  2017               5.00          114.095          5.9668
 02014   7.46 %  2017               5.00          114.10           5.9663
 02014   7.46 %  2017               5.00          114.085          5.9678
 02014   7.46 %  2017               0.50          114.07           5.9692
 02014   7.46 %  2017               5.00          114.11           5.9653
 02014   7.46 %  2017               5.00          114.10           5.9663
 02014   7.46 %  2017               5.00          114.11           5.9653
 02014   7.46 %  2017               5.00          114.105          5.9658
 02014   7.46 %  2017               5.00          114.10           5.9663
 02014   7.46 %  2017               5.00          114.10           5.9663
 02014   7.46 %  2017               5.00          114.10           5.9663
 02014   7.46 %  2017               5.00          114.11           5.9653
 02014   7.46 %  2017              10.00          114.12           5.9644
 02014   7.46 %  2017               5.00          114.10           5.9663
 02014   7.46 %  2017              10.00          114.12           5.9644
 02014   7.46 %  2017               5.00          114.12           5.9644
 02014   7.46 %  2017               5.00          114.12           5.9644
 02014   7.46 %  2017               5.00          114.135          5.9629
 02014   7.46 %  2017              25.00          114.12           5.9644
 02014   7.46 %  2017               5.00          114.14           5.9624
 02014   7.46 %  2017               5.00          114.11           5.9653
 02014   7.46 %  2017              25.00          114.14           5.9624
 02014   7.46 %  2017               5.00          114.105          5.9658
 02014   7.46 %  2017               5.00          114.135          5.9629
 02014   7.46 %  2017               5.00          114.14           5.9624 02014   7.46 %  2017               0.50          114.12           5.9644
 02014   7.46 %  2017               5.00          114.125          5.9639
 02014   7.46 %  2017               5.00          114.12           5.9644
 02014   7.46 %  2017               5.00          114.14           5.9624
 02014   7.46 %  2017              10.00          114.10           5.9663
 02014   7.46 %  2017               5.00          114.15           5.9615
 02014   7.46 %  2017               5.00          114.12           5.9644
 02014   7.46 %  2017               5.00          114.17           5.9595
 02014   7.46 %  2017               5.00          114.09           5.9673
 02014   7.46 %  2017              15.00          114.17           5.9595
 02014   7.46 %  2017               5.00          114.14           5.9624
 02014   7.46 %  2017               5.00          114.12           5.9644
 02014   7.46 %  2017               5.00          114.11           5.9653
 02014   7.46 %  2017              10.00          114.12           5.9644
 02014   7.46 %  2017               5.00          114.16           5.9605
 02014   7.46 %  2017               5.00          114.17           5.9595
 02014   7.46 %  2017               5.00          114.16           5.9605
 02014   7.46 %  2017              10.00          114.15           5.9615
 02014   7.46 %  2017               0.50          114.11           5.9653
 02014   7.46 %  2017               5.00          114.165          5.9600
 02014   7.46 %  2017               5.00          114.15           5.9615
 02014   7.46 %  2017               5.00          114.10           5.9663
 02014   7.46 %  2017               5.00          114.15           5.9615
 02014   7.46 %  2017               5.00          114.105          5.9658
 02014   7.46 %  2017               5.00          114.14           5.9624
 02014   7.46 %  2017              10.00          114.14           5.9624
 02014   7.46 %  2017               5.00          114.17           5.9595
 02014   7.46 %  2017               5.00          114.16           5.9605
 02014   7.46 %  2017              10.00          114.165          5.9600
 02014   7.46 %  2017               5.00          114.14           5.9624
 02014   7.46 %  2017               5.00          114.14           5.9624
 02014   7.46 %  2017               2.00          114.13           5.9634
 02014   7.46 %  2017               0.25          114.14           5.9624
 03003   6.25 %  2018               5.00          102.98           5.9394
 03003   6.25 %  2018               5.00          103.10           5.9272
 03003   6.25 %  2018               5.00          103.10           5.9272
 03003   6.25 %  2018               5.00          103.10           5.9272
 03003   6.25 %  2018              20.00          103.09           5.9282
 03003   6.25 %  2018               0.50          102.92           5.9455
 03003   6.25 %  2018               5.00          103.09           5.9282
 03003   6.25 %  2018               5.00          103.09           5.9282
 03003   6.25 %  2018               5.00          103.10           5.9272
 03003   6.25 %  2018               5.00          103.105          5.9267
 03003   6.25 %  2018               5.00          103.12           5.9251
 03003   6.25 %  2018               5.00          103.12           5.9251
 03003   6.25 %  2018              10.00          103.085          5.9287
 03003   6.25 %  2018               5.00          103.12           5.9251
 03003   6.25 %  2018               5.00          103.12           5.9251
 03003   6.25 %  2018               5.00          103.10           5.9272
 03003   6.25 %  2018               5.00          103.14           5.9231
 03003   6.25 %  2018               5.00          103.10           5.9272
 03003   6.25 %  2018               5.00          103.10           5.9272
 03003   6.25 %  2018               5.00          103.14           5.9231
 03003   6.25 %  2018               5.00          103.14           5.9231
 03003   6.25 %  2018               5.00          103.13           5.9241
 03003   6.25 %  2018              10.00          103.085          5.9287
 03003   6.25 %  2018               5.00          103.12           5.9251 03003   6.25 %  2018               5.00          103.13           5.9241
 03003   6.25 %  2018               5.00          103.14           5.9231
 03003   6.25 %  2018               5.00          103.145          5.9226
 03003   6.25 %  2018               5.00          103.145          5.9226
 03003   6.25 %  2018               0.50          103.08           5.9292
 03003   6.25 %  2018              25.00          103.14           5.9231
 03003   6.25 %  2018              10.00          103.13           5.9241
 03003   6.25 %  2018               5.00          103.13           5.9241
 03003   6.25 %  2018               1.50          103.12           5.9251
 03003   6.25 %  2018               5.00          103.12           5.9251
 03003   6.25 %  2018               1.00          103.07           5.9302
 03003   6.25 %  2018               5.00          103.10           5.9272
 03003   6.25 %  2018               5.00          103.14           5.9231
 03003   6.25 %  2018              10.00          103.15           5.9221
 03003   6.25 %  2018               5.00          103.145          5.9226
 03003   6.25 %  2018               5.00          103.15           5.9221
 03003   6.25 %  2018               5.00          103.13           5.9241
 03003   6.25 %  2018               1.00          103.10           5.9272
 03003   6.25 %  2018              25.00          103.12           5.9251
 03003   6.25 %  2018               5.00          103.14           5.9231
 03003   6.25 %  2018               1.00          103.14           5.9231
 03003   6.25 %  2018               5.00          103.155          5.9216
 03003   6.25 %  2018               1.00          103.06           5.9313
 03003   6.25 %  2018               5.00          103.07           5.9302
 03003   6.25 %  2018               1.00          103.15           5.9221
 03003   6.25 %  2018               5.00          103.11           5.9262
 03003   6.25 %  2018               5.00          103.09           5.9282
 03017   6.05 %  2019               1.00          101.10           5.9414
 03017   6.05 %  2019               5.00          101.07           5.9443
 03017   6.05 %  2019               5.00          101.07           5.9443
 03017   6.05 %  2019               5.00          101.07           5.9443
 03017   6.05 %  2019               3.00          101.08           5.9433
 03017   6.05 %  2019              10.00          101.07           5.9443
 03017   6.05 %  2019               5.00          101.07           5.9443
 03017   6.05 %  2019               5.00          101.08           5.9433
 03017   6.05 %  2019               5.00          101.07           5.9443
 03017   6.05 %  2019               5.00          101.09           5.9423
 03017   6.05 %  2019               5.00          101.08           5.9433
 03017   6.05 %  2019               5.00          101.09           5.9423
 03017   6.05 %  2019               5.00          101.08           5.9433
 03017   6.05 %  2019               0.25          101.12           5.9394
 03017   6.05 %  2019               5.00          101.11           5.9404
 03017   6.05 %  2019               5.00          101.11           5.9404
 03017   6.05 %  2019               5.00          101.09           5.9423
 03017   6.05 %  2019              10.00          101.11           5.9404
 03017   6.05 %  2019               5.00          101.11           5.9404
 03017   6.05 %  2019               5.00          101.08           5.9433
 03017   6.05 %  2019               5.00          101.11           5.9404
 03017   6.05 %  2019               0.20          101.12           5.9394
 03017   6.05 %  2019               0.10          101.11           5.9404
 03017   6.05 %  2019               0.16          101.25           5.9268
 03017   6.05 %  2019               0.80          101.13           5.9384
 03017   6.05 %  2019               0.37          101.20           5.9316
 01008  10.03 %  2019               0.17          139.70           6.1124
 03004   6.35 %  2020              15.00          103.88           5.9758
 03004   6.35 %  2020               0.25          103.86           5.9777
 03004   6.35 %  2020               0.002         103.99           5.9655 03004   6.35 %  2020              10.00          103.88           5.9758
 03004   6.35 %  2020               5.00          103.92           5.9721
 03004   6.35 %  2020               5.00          103.895          5.9744
 03004   6.35 %  2020               5.00          103.90           5.9739
 03004   6.35 %  2020               5.00          103.90           5.9739
 03004   6.35 %  2020              10.00          103.90           5.9739
 03004   6.35 %  2020               5.00          103.90           5.9739
 03004   6.35 %  2020              10.822         103.92           5.9721
 03004   6.35 %  2020               5.00          103.895          5.9744
 03004   6.35 %  2020               5.00          103.90           5.9739
 03004   6.35 %  2020               2.00          103.94           5.9702
 03004   6.35 %  2020              15.00          103.90           5.9739
 03004   6.35 %  2020               5.00          103.90           5.9739
 03004   6.35 %  2020              25.00          103.90           5.9739
 03004   6.35 %  2020               0.064         103.96           5.9683
 03004   6.35 %  2020               5.00          103.90           5.9739
 00008  10.70 %  2020               0.50          146.50           6.1973
 02011   8.35 %  2022               5.00          124.59           6.1286
 02011   8.35 %  2022              25.00          124.60           6.1278
 02011   8.35 %  2022               5.00          124.62           6.1263
 02011   8.35 %  2022               5.00          124.63           6.1255
 02011   8.35 %  2022               5.00          124.65           6.1239
 02011   8.35 %  2022              10.00          124.65           6.1239
 03013   6.30 %  2023               1.00          102.80           6.0538
 03013   6.30 %  2023               5.00          102.96           6.0401
 03013   6.30 %  2023               5.00          102.95           6.0410
 01010  10.18 %  2026               1.00          147.75           6.2486
 03015   6.13 %  2028               1.00          100.30           6.1057
 03015   6.13 %  2028               1.00          100.44           6.0947
     Total                       5513.111
B. State Government Securities
          Contract Date : July 21, 2003
 98230 12.50% GUJARAT SDL,2008      0.03          127.28          6.2880
 90212 11.50% UTTAR PRADESH S.D.
       2010                         0.25          114.10          8.7639
 01289 8.37% MAHARASHTRA SDL
       2011(ON TAP)                 1.00          112.65          6.4007
 02327 6.80% GUJARAT SDL 2012       2.00          103.17          6.3468
 03252 6.75% TAMIL NADU SDL 2013    5.00          103.89          6.2064
 03267 6.40% KARNATAKA SDL 2013     0.50          101.70          6.1649
 03295 6.35% KARNATAKA SDL 2013     0.10          100.40          6.2939
     Total                          8.88
C. Treasury Bills
   (i) 14 Day Bills (Maturity-wise)
       (DD/MM/YYYY)
                                           NIL
   (ii) 91 Day Bills (Maturity-wise)
       (DD/MM/YYYY)
          Contract Date : July 21, 2003
        25/07/2003                  0.075          99.9480         4.7345
        29/08/2003                  3.00           99.4771         4.9061
        29/08/2003                  5.85           99.4781         4.8966
        05/09/2003                  4.50           99.4012         4.7669
        05/09/2003                 12.50           99.3987         4.7869
        12/09/2003                 25.00           99.3179         4.7168        12/09/2003                  5.00           99.3150         4.7370
        12/09/2003                  1.25           99.2842         4.9515
        19/09/2003                 13.00           99.2252         4.7372
        19/09/2003                 25.00           99.2252         4.7372
        26/09/2003                 25.00           99.1338         4.7470
        26/09/2003                 15.00           99.1356         4.7371
        26/09/2003                  1.10           99.1050         4.9063
        17/10/2003                 25.00           98.8630         4.7571
        17/10/2003                 25.00           98.8630         4.7571
        17/10/2003                 25.00           98.8583         4.7770
     Total                        211.275
   (iii) 182 Day Bills (Maturity-wise)
       (DD/MM/YYYY)
                                           NIL
   (iv) 364 Day Bills (Maturity-wise)
       (DD/MM/YYYY)
          Contract Date : July 19, 2003
        28/05/2004                  5.00           96.0193         4.8059
        28/05/2004                 25.00           96.0193         4.8059
        09/07/2004                 20.00           95.5075         4.8095
          Contract Date : July 21, 2003
        25/07/2003                  5.00          100.0000         0.0000
        08/08/2003                  0.70           99.7663         4.7370
        03/10/2003                 15.00           99.0462         4.7368
        17/10/2003                  3.00           98.8324         4.8867
        17/10/2003                 10.00           98.8583         4.7770
        17/10/2003                  2.00          100.0000         0.0000
        19/03/2004                 10.00           96.9281         4.7670
        02/04/2004                 20.50           96.7431         4.7868
        02/04/2004                 10.00           96.7431         4.7868
        30/04/2004                 25.00           96.3997         4.7868
        15/05/2004                 18.9275         96.1788         4.8367
        15/05/2004                 14.36           96.1864         4.8267
        15/05/2004                 10.00          100.0000         0.0000
        28/05/2004                  2.71           96.0272         4.8267
        28/05/2004                 10.00           96.0745         4.7669
        28/05/2004                  5.00           96.0666         4.7769
     Total                        212.1975
II.  REPO Transactions *
    (Other than with RBI)
---------------------------------------------------------------------------
 Loan  Nomenclature                Amount      Price *   Repo Rate   Repo
 Code                            (Face Value) Per Rs.100   (%pa)    Period
                                 (in Rs.Crore) Nominal              (Days)
           (1)                      (2)          (3)        (4)      (5)
---------------------------------------------------------------------------
A. Government of India Dated Securities
 94003  12.50 %  2004              18.00      104.90        4.15       2
 94003  12.50 %  2004              23.00      104.95        4.25       3
 94003  12.50 %  2004              18.00      104.95        4.00       2
 97007  12.59 %  2004              25.00      106.64        4.25       1
 97007  12.59 %  2004              25.00      106.64        4.00       1
 97007  12.59 %  2004              25.00      106.64        4.00       2
 98022  11.98 %  2004               5.00      107.63        4.15       2
 00007   9.90 %  2005               6.20      108.00        4.50       1 97010  11.19 %  2005              30.00      111.70        4.25       1
 98009  11.90 %  2007              15.00      123.25        4.00       1
 98007  12.00 %  2008              80.00      127.90        4.30       3
 98007  12.00 %  2008              20.00      127.90        4.60       1
 00016  11.40 %  2008              20.00      127.30        4.20       1
 00016  11.40 %  2008              20.00      127.25        4.10       1
 00016  11.40 %  2008              30.00      127.24        4.00       1
 00016  11.40 %  2008              20.00      127.25        4.00       1
 02005   6.65 %  2009              70.00      106.30        4.00       1
 99006  11.99 %  2009              55.00      132.25        4.50       1
 99006  11.99 %  2009              25.00      132.31        4.25       3
 99006  11.99 %  2009              25.00      132.31        4.25       3
 99006  11.99 %  2009              12.00      132.31        4.25       3
 99006  11.99 %  2009             110.00      132.32        4.25       1
 99006  11.99 %  2009              89.00      132.32        4.30       1
 99006  11.99 %  2009              73.00      132.32        4.25       1
 99006  11.99 %  2009              12.00      132.30        3.95       2
 03007   6.20 %  2010              48.00      102.68        4.25       1
 00014  11.30 %  2010              25.00      133.20        3.95       1
 00010  10.95 %  2011              75.00      132.60        4.70       1
 00010  10.95 %  2011             100.00      132.70        4.55       1
 00017  11.50 %  2011(NOV) 20     214.00      138.15        4.00       3
 00017  11.50 %  2011(NOV) 20     108.00      138.15        4.00       1
 00017  11.50 %  2011(NOV) 20      20.00      138.19        4.00       1
 02006   6.85 %  2012              45.90      107.77        4.00       1
 02006   6.85 %  2012              46.00      107.77        4.25       1
 02006   6.85 %  2012              25.00      107.93        4.35       1
 02006   6.85 %  2012              21.00      107.93        4.35       1
 02006   6.85 %  2012              18.00      107.77        4.25       1
 02009   7.40 %  2012              30.00      111.66        4.00       1
 00012  11.03 %  2012              30.00      136.70        4.10       1
 00012  11.03 %  2012              18.00      136.70        4.60       1
 02013   6.72 %  2012              10.00      105.50        4.00       1
 03014   5.09 %  2014             100.00       99.90        4.30       3
 03014   5.09 %  2014             100.00       99.90        4.30       3
 03014   5.09 %  2014             100.00       99.90        4.30       3
 03014   5.09 %  2014             100.00       99.90        4.30       3
 03014   5.09 %  2014             100.00       99.90        4.30       3
 03014   5.09 %  2014              15.00      100.00        4.00       1
 03014   5.09 %  2014              54.50      100.00        4.25       1
 01001  10.47 %  2015              20.50      136.50        4.00       1
 01011   9.85 %  2015              42.00      134.50        4.70       1
 01011   9.85 %  2015              73.00      134.60        4.60       1
 01003  10.71 %  2016              85.00      141.40        4.70       1
 02001   8.07 %  2017              50.00      119.52        4.10       1
 02014   7.46 %  2017             110.00      114.00        4.70       1
 03003   6.25 %  2018              10.00      103.10        5.70       1
 03017   6.05 %  2019              15.00      101.03        4.10       1
 03017   6.05 %  2019              10.00      101.03        3.95       1
 03004   6.35 %  2020              50.00      103.95        4.25       3
 03004   6.35 %  2020              68.00      103.85        4.25       2
 03004   6.35 %  2020             100.00      103.95        4.50       3
 03004   6.35 %  2020              50.00      103.90        4.40       2
 03004   6.35 %  2020              25.00      103.90        4.75       4
 03004   6.35 %  2020              35.00      103.90        4.65       2
 03004   6.35 %  2020              70.00      103.90        4.10       1
 03004   6.35 %  2020              60.00      103.90        4.50       1 03004   6.35 %  2020              25.00      103.90        4.50       3
 03004   6.35 %  2020              22.00      103.90        4.50       3
 03004   6.35 %  2020              20.00      103.90        3.95       1
 01006  10.25 %  2021              20.00      143.80        4.20       1
 02011   8.35 %  2022              30.00      124.60        4.10       1
 02011   8.35 %  2022              10.00      124.65        4.10       1
 02011   8.35 %  2022              40.00      124.65        4.10       3
 02011   8.35 %  2022               5.00      124.65        3.95       1
 02011   8.35 %  2022              25.00      124.70        4.00       2
 03013   6.30 %  2023               5.00      103.00        5.70       1
 03013   6.30 %  2023              22.00      103.00        4.00       1
 03015   6.13 %  2028              20.00      100.45        4.35       1
 03015   6.13 %  2028               5.00      100.35        5.00       3
 03015   6.13 %  2028              16.85      100.30        4.25       1
     Total                       3393.95
B. State Government Securities
                                           NIL
C. Treasury Bills
   (i) 14 Day Bills (Maturity-wise)
      (DD/MM/YYYY)
                                           NIL
   (ii) 91 Day Bills (Maturity-wise)
      (DD/MM/YYYY)
        22/08/2003                 25.00       99.5766      4.25       3
        10/10/2003                 25.00       98.9352      4.25       1
        10/10/2003                 50.00       98.9352      4.25       1
        17/10/2003                 17.90       98.8560      4.05       1
     Total                        117.90
   (iii) 182 Day Bills (Maturity-wise)
      (DD/MM/YYYY)
                                           NIL
   (iv) 364 Day Bills (Maturity-wise)
       (DD/MM/YYYY)
        28/11/2003                 50.00       98.4225      4.40       1
        28/11/2003                 50.00       98.4225      4.40       1
        23/01/2004                 50.00       97.7583      4.30       1
        30/04/2004                 15.00       96.3780      4.95       1
        09/07/2004                 16.50       95.5075      4.15       2
        09/07/2004                 26.00       95.5075      4.05       1
     Total                        207.50
---------------------------------------------------------------------------
  * Relate to the first leg of Repos
  # YTM(indicative) will depend upon assumed rate of inflation
Date :  21 July 2003