Subsidiary General Ledger Account Transactions
in Government Dated Securities and Treasury Bills
at RBI, Mumbai on 03 February 2003
---------------------------------------------------------------------------
 Loan  Nomenclature              Amount           Price *        YTM %
 Code                            (Face Value)     Per Rs.100   Indicative
                                 (in Rs.Crore)    nominal
---------------------------------------------------------------------------
I.  Outright Transactions
A.Government of India Dated Securities
          Contract Date : January 30, 2003
 02011   8.35 %  2022              30.00          119.37           6.5635
          Contract Date : February 01, 2003
 02001   8.07 %  2017               0.50          115.75           6.3511
          Contract Date : February 03, 2003
 97008  11.83 %  2003               0.03          102.90           5.2893
 97008  11.83 %  2003               0.843         102.90           5.2893
 97008  11.83 %  2003               0.14          102.90           5.2893
 97008  11.83 %  2003               0.027         102.90           5.2893
 94003  12.50 %  2004              10.00          107.35           5.7254
 94003  12.50 %  2004              10.00          107.40           5.6819
 94003  12.50 %  2004              15.00          107.40           5.6819
 98017  11.95 %  2004              15.00          108.68           5.7266
 95006  14.00 %  2005               0.147         116.50           6.3156
 98007  12.00 %  2008               5.00          126.00           6.1260
 00016  11.40 %  2008               5.00          125.60           5.9388
 00016  11.40 %  2008               5.00          124.85           6.0779
 00016  11.40 %  2008               5.00          125.05           6.0407
 00016  11.40 %  2008               5.00          125.15           6.0221
 00016  11.40 %  2008               5.00          125.10           6.0314
 00016  11.40 %  2008               5.00          125.10           6.0314
 00016  11.40 %  2008               5.00          125.10           6.0314
 00016  11.40 %  2008              20.00          125.10           6.0314
 00016  11.40 %  2008               5.00          125.10           6.0314
 00016  11.40 %  2008               5.00          125.08           6.0351
 99006  11.99 %  2009               5.00          129.950          6.0953
 99006  11.99 %  2009               5.00          129.50           6.1705
 99006  11.99 %  2009               5.00          129.550          6.1621
 99006  11.99 %  2009               5.00          129.60           6.1537
 99006  11.99 %  2009               5.00          129.65           6.1454
 99006  11.99 %  2009               5.00          129.520          6.1671
 99006  11.99 %  2009              10.00          129.550          6.1621
 99006  11.99 %  2009               5.00          129.68           6.1404
 79002   7.00 %  2009              15.00          105.31           5.9753
 02010   7.55 %  2010               5.00          108.65           6.0606
 00014  11.30 %  2010               5.00          130.50           6.1538
 00014  11.30 %  2010               5.00          130.50           6.1538
 81005   8.00 %  2011              14.00          112.18           6.0943
 81005   8.00 %  2011               0.02          111.90           6.1351
 81005   8.00 %  2011               0.25          112.25           6.0841
 00010  10.95 %  2011               5.00          129.40           6.3463 00010  10.95 %  2011               5.00          130.00           6.2670
 00010  10.95 %  2011               5.00          130.050          6.2605
 00010  10.95 %  2011               5.00          130.020          6.2644
 00010  10.95 %  2011               5.00          130.050          6.2605
 00010  10.95 %  2011               5.00          129.700          6.3066
 00010  10.95 %  2011               5.00          129.800          6.2934
 00010  10.95 %  2011               5.00          129.68           6.3092
 00010  10.95 %  2011               5.00          129.50           6.3330
 00010  10.95 %  2011               5.00          129.050          6.3927
 00010  10.95 %  2011              15.00          129.65           6.3132
 00010  10.95 %  2011               5.00          129.65           6.3132
 00010  10.95 %  2011               5.00          129.65           6.3132
 00010  10.95 %  2011               5.00          129.65           6.3132
 00010  10.95 %  2011               5.00          129.65           6.3132
 00010  10.95 %  2011               5.00          129.65           6.3132
 00010  10.95 %  2011               5.00          129.65           6.3132
 00010  10.95 %  2011               5.00          129.66           6.3119
 00010  10.95 %  2011               5.00          129.65           6.3132
 00010  10.95 %  2011               5.00          129.60           6.3198
 01007   9.39 %  2011               5.00          120.55           6.2151
 01007   9.39 %  2011               5.00          121.35           6.1059
 01007   9.39 %  2011               5.00          121.20           6.1263
 01007   9.39 %  2011               5.00          121.35           6.1059
 01007   9.39 %  2011               5.00          121.35           6.1059
 01007   9.39 %  2011               5.00          121.30           6.1127
 01007   9.39 %  2011               5.00          121.40           6.0991
 01007   9.39 %  2011               5.00          121.40           6.0991
 01007   9.39 %  2011               5.00          121.40           6.0991
 01007   9.39 %  2011               5.00          121.40           6.0991
 01007   9.39 %  2011               5.00          121.35           6.1059
 01007   9.39 %  2011               5.00          120.75           6.1877
 01007   9.39 %  2011               5.00          120.60           6.2083
 01007   9.39 %  2011               5.00          120.40           6.2357
 01007   9.39 %  2011               5.00          120.35           6.2426
 01007   9.39 %  2011               5.00          120.50           6.2220
 01007   9.39 %  2011              10.00          120.45           6.2288
 01007   9.39 %  2011               5.00          121.30           6.1127
 01007   9.39 %  2011               5.00          120.70           6.1946
 01007   9.39 %  2011               5.00          120.30           6.2494
 01007   9.39 %  2011               5.00          120.65           6.2014
 01007   9.39 %  2011               5.00          120.65           6.2014
 01007   9.39 %  2011               5.00          120.30           6.2494
 01007   9.39 %  2011               5.00          120.65           6.2014
 01007   9.39 %  2011               5.00          120.60           6.2083
 01007   9.39 %  2011              10.00          120.40           6.2357
 01007   9.39 %  2011               5.00          120.55           6.2151
 01007   9.39 %  2011               5.00          120.45           6.2288
 01007   9.39 %  2011              10.00          120.70           6.1946
 01007   9.39 %  2011              10.00          120.40           6.2357
 01007   9.39 %  2011               5.00          120.35           6.2426
 01007   9.39 %  2011               5.00          120.40           6.2357
 01007   9.39 %  2011               5.00          120.75           6.1877
 01007   9.39 %  2011               5.00          120.30           6.2494
 01007   9.39 %  2011              10.00          120.30           6.2494
 01007   9.39 %  2011               5.00          120.35           6.2426
 01007   9.39 %  2011               5.00          120.75           6.1877
 01007   9.39 %  2011               5.00          120.70           6.1946 01007   9.39 %  2011               5.00          120.55           6.2151
 01007   9.39 %  2011               5.00          120.80           6.1809
 01007   9.39 %  2011              10.00          120.75           6.1877
 01007   9.39 %  2011               5.00          121.35           6.1059
 01007   9.39 %  2011               5.00          120.80           6.1809
 01007   9.39 %  2011               5.00          120.80           6.1809
 01007   9.39 %  2011               5.00          120.80           6.1809
 01007   9.39 %  2011               5.00          120.80           6.1809
 01007   9.39 %  2011               5.00          120.75           6.1877
 01007   9.39 %  2011               5.00          120.83           6.1768
 01007   9.39 %  2011              10.00          120.77           6.1850
 01007   9.39 %  2011               5.00          120.65           6.2014
 01007   9.39 %  2011               5.00          120.68           6.1973
 01007   9.39 %  2011               5.00          120.85           6.1740
 01007   9.39 %  2011               5.00          120.85           6.1740
 01007   9.39 %  2011               5.00          120.85           6.1740
 01007   9.39 %  2011               5.00          120.75           6.1877
 01007   9.39 %  2011               5.00          120.80           6.1809
 00017  11.50 %  2011               5.00          134.25           6.3585
 00017  11.50 %  2011               5.00          135.15           6.2476
 00017  11.50 %  2011               5.00          136.10           6.1316
 00017  11.50 %  2011               5.00          136.00           6.1438
 00017  11.50 %  2011               5.00          136.05           6.1377
 00017  11.50 %  2011               5.00          136.00           6.1438
 00017  11.50 %  2011               5.00          136.00           6.1438
 00017  11.50 %  2011               5.00          136.00           6.1438
 00017  11.50 %  2011               5.00          136.00           6.1438
 00017  11.50 %  2011               5.00          135.70           6.1803
 00017  11.50 %  2011               5.00          135.90           6.1560
 00017  11.50 %  2011               5.00          135.60           6.1925
 00017  11.50 %  2011               5.00          135.05           6.2599
 00017  11.50 %  2011               5.00          135.22           6.2390
 00017  11.50 %  2011               5.00          135.30           6.2292
 00017  11.50 %  2011               5.00          135.35           6.2231
 00017  11.50 %  2011               5.00          135.35           6.2231
 00017  11.50 %  2011               5.00          135.00           6.2660
 00017  11.50 %  2011               5.00          135.25           6.2354
 00017  11.50 %  2011               5.00          135.45           6.2109
 00017  11.50 %  2011               5.00          135.06           6.2587
 00017  11.50 %  2011               5.00          135.40           6.2170
 00017  11.50 %  2011               5.00          135.35           6.2231
 00017  11.50 %  2011               5.00          135.40           6.2170
 00017  11.50 %  2011               5.00          135.45           6.2109
 00017  11.50 %  2011               5.00          135.35           6.2231
 00017  11.50 %  2011               5.00          135.35           6.2231
 00017  11.50 %  2011               5.00          135.40           6.2170
 00017  11.50 %  2011              10.00          135.50           6.2048
 00017  11.50 %  2011               5.00          135.45           6.2109
 00017  11.50 %  2011              10.00          135.45           6.2109
 00017  11.50 %  2011               5.00          135.40           6.2170
 00017  11.50 %  2011               5.00          135.40           6.2170
 00017  11.50 %  2011               5.00          135.50           6.2048
 00017  11.50 %  2011               5.00          135.48           6.2072
 00017  11.50 %  2011               5.00          135.37           6.2207
 02009   7.40 %  2012               5.00          108.50           6.1779
 02009   7.40 %  2012              10.00          108.70           6.1507
 02009   7.40 %  2012               5.00          108.28           6.2079 02009   7.40 %  2012              10.00          108.75           6.1439
 02009   7.40 %  2012              10.00          109.10           6.0964
 02009   7.40 %  2012               5.00          109.10           6.0964
 02009   7.40 %  2012               5.00          109.20           6.0828
 02009   7.40 %  2012               5.00          109.25           6.0761
 02009   7.40 %  2012               5.00          109.18           6.0856
 02009   7.40 %  2012               5.00          109.20           6.0828
 02009   7.40 %  2012               5.00          109.20           6.0828
 02009   7.40 %  2012               5.00          109.20           6.0828
 02009   7.40 %  2012              10.00          109.20           6.0828
 02009   7.40 %  2012               5.00          109.25           6.0761
 02009   7.40 %  2012               5.00          109.20           6.0828
 02009   7.40 %  2012               5.00          109.25           6.0761
 02009   7.40 %  2012               5.00          109.15           6.0896
 02009   7.40 %  2012               5.00          109.25           6.0761
 02009   7.40 %  2012               5.00          109.20           6.0828
 02009   7.40 %  2012               5.00          109.10           6.0964
 02009   7.40 %  2012               5.00          108.57           6.1683
 02009   7.40 %  2012               5.00          109.20           6.0828
 02009   7.40 %  2012              10.00          108.40           6.1915
 02009   7.40 %  2012              15.00          108.25           6.2120
 02009   7.40 %  2012               5.00          108.50           6.1779
 02009   7.40 %  2012               5.00          108.40           6.1915
 02009   7.40 %  2012               5.00          108.45           6.1847
 02009   7.40 %  2012               5.00          108.60           6.1643
 02009   7.40 %  2012               5.00          108.55           6.1711
 02009   7.40 %  2012               5.00          108.60           6.1643
 02009   7.40 %  2012               5.00          108.40           6.1915
 02009   7.40 %  2012               5.00          108.40           6.1915
 02009   7.40 %  2012               5.00          108.55           6.1711
 02009   7.40 %  2012               5.00          108.25           6.2120
 02009   7.40 %  2012               5.00          108.28           6.2079
 02009   7.40 %  2012               5.00          108.20           6.2188
 02009   7.40 %  2012               5.00          108.40           6.1915
 02009   7.40 %  2012               5.00          108.65           6.1575
 02009   7.40 %  2012               5.00          108.45           6.1847
 02009   7.40 %  2012               5.00          108.30           6.2052
 02009   7.40 %  2012               5.00          108.25           6.2120
 02009   7.40 %  2012               5.00          108.25           6.2120
 02009   7.40 %  2012               5.00          108.25           6.2120
 02009   7.40 %  2012               5.00          108.25           6.2120
 02009   7.40 %  2012               5.00          108.60           6.1643
 02009   7.40 %  2012              10.00          108.25           6.2120
 02009   7.40 %  2012               5.00          108.45           6.1847
 02009   7.40 %  2012               5.00          108.37           6.1956
 02009   7.40 %  2012               5.00          108.55           6.1711
 02009   7.40 %  2012               5.00          108.65           6.1575
 02009   7.40 %  2012               5.00          108.60           6.1643
 02009   7.40 %  2012               5.00          108.25           6.2120
 02009   7.40 %  2012               5.00          108.62           6.1615
 02009   7.40 %  2012               5.00          108.65           6.1575
 02009   7.40 %  2012               5.00          108.60           6.1643
 02009   7.40 %  2012               5.00          108.25           6.2120
 02009   7.40 %  2012               5.00          108.55           6.1711
 02009   7.40 %  2012               5.00          108.25           6.2120
 02009   7.40 %  2012               5.00          108.40           6.1915
 02009   7.40 %  2012               5.00          108.30           6.2052 02009   7.40 %  2012               5.00          108.25           6.2120
 02009   7.40 %  2012               5.00          108.25           6.2120
 02009   7.40 %  2012               5.00          108.55           6.1711
 02009   7.40 %  2012               5.00          108.57           6.1683
 02009   7.40 %  2012               5.00          108.70           6.1507
 02009   7.40 %  2012               5.00          108.70           6.1507
 02009   7.40 %  2012               5.00          108.70           6.1507
 02009   7.40 %  2012              20.00          108.52           6.1752
 02009   7.40 %  2012               5.00          108.57           6.1683
 02009   7.40 %  2012               5.00          108.55           6.1711
 02009   7.40 %  2012               5.00          108.60           6.1643
 02009   7.40 %  2012               5.00          108.60           6.1643
 02009   7.40 %  2012               1.00          108.30           6.2052
 02009   7.40 %  2012               5.00          108.75           6.1439
 02009   7.40 %  2012               0.50          108.45           6.1847
 02009   7.40 %  2012               5.00          108.70           6.1507
 02009   7.40 %  2012               5.00          108.65           6.1575
 02009   7.40 %  2012               5.00          108.60           6.1643
 02009   7.40 %  2012               5.00          108.72           6.1479
 02009   7.40 %  2012               5.00          108.55           6.1711
 02009   7.40 %  2012               5.00          108.60           6.1643
 02009   7.40 %  2012               5.00          108.55           6.1711
 02009   7.40 %  2012              10.00          108.62           6.1615
 02009   7.40 %  2012               5.00          108.60           6.1643
 02009   7.40 %  2012               5.00          108.50           6.1779
 00012  11.03 %  2012               5.00          134.40           6.1732
 00012  11.03 %  2012               5.00          134.50           6.1616
 00012  11.03 %  2012               5.00          133.95           6.2257
 00012  11.03 %  2012               5.00          133.86           6.2362
 00012  11.03 %  2012               5.00          133.90           6.2315
 00012  11.03 %  2012               5.00          133.90           6.2315
 00012  11.03 %  2012               5.00          133.95           6.2257
 00012  11.03 %  2012               5.00          133.96           6.2245
 00012  11.03 %  2012               5.00          134.05           6.2140
 00012  11.03 %  2012               5.00          133.99           6.2210
 01009   9.40 %  2012               5.00          121.80           6.3341
 01009   9.40 %  2012               5.00          121.65           6.3526
 01009   9.40 %  2012              10.00          122.30           6.2724
 01009   9.40 %  2012               5.00          121.63           6.3551
 01009   9.40 %  2012               5.00          121.70           6.3465
 01009   9.40 %  2012               5.00          121.65           6.3526
 01009   9.40 %  2012               5.00          122.00           6.3094
 01009   9.40 %  2012              10.00          122.00           6.3094
 01009   9.40 %  2012              10.00          122.10           6.2970
 01009   9.40 %  2012               5.00          122.17           6.2884
 01009   9.40 %  2012               5.00          122.15           6.2909
 01009   9.40 %  2012               5.00          122.15           6.2909
 01009   9.40 %  2012               5.00          122.15           6.2909
 01009   9.40 %  2012               5.00          122.25           6.2785
 01009   9.40 %  2012               5.00          122.15           6.2909
 01005   9.81 %  2013               5.00          127.30           6.1900
 01005   9.81 %  2013              10.00          127.00           6.2240
 01005   9.81 %  2013              10.00          127.65           6.1505
 01005   9.81 %  2013               5.00          127.75           6.1392
 01005   9.81 %  2013               5.00          127.70           6.1448
 01005   9.81 %  2013              10.00          127.70           6.1448
 01005   9.81 %  2013               5.00          127.68           6.1471 01005   9.81 %  2013               5.00          127.80           6.1336
 01005   9.81 %  2013               5.00          127.75           6.1392
 01005   9.81 %  2013               5.00          127.90           6.1223
 01005   9.81 %  2013               5.00          126.65           6.2638
 01005   9.81 %  2013               5.00          126.65           6.2638
 01005   9.81 %  2013               5.00          126.50           6.2808
 01005   9.81 %  2013               5.00          126.55           6.2751
 01005   9.81 %  2013               5.00          126.70           6.2581
 01005   9.81 %  2013               5.00          127.00           6.2240
 01005   9.81 %  2013               5.00          127.10           6.2126
 01005   9.81 %  2013               5.00          127.00           6.2240
 01005   9.81 %  2013               5.00          126.60           6.2694
 01005   9.81 %  2013               5.00          126.70           6.2581
 01005   9.81 %  2013               5.00          126.95           6.2296
 01005   9.81 %  2013               5.00          126.95           6.2296
 01005   9.81 %  2013               5.00          127.05           6.2183
 01005   9.81 %  2013               5.00          127.15           6.2070
 01005   9.81 %  2013               5.00          127.10           6.2126
 01005   9.81 %  2013               5.00          127.20           6.2013
 02017   7.27 %  2013               5.00          107.82           6.2480
 02017   7.27 %  2013               5.00          107.90           6.2380
 02017   7.27 %  2013               5.00          108.05           6.2194
 02017   7.27 %  2013               5.00          108.05           6.2194
 99020  11.83 %  2014               0.014         143.50           6.4872
 02018   7.38 %  2015              10.00          109.70           6.2541
 02018   7.38 %  2015               5.00          109.61           6.2639
 02018   7.38 %  2015               5.00          109.63           6.2618
 02018   7.38 %  2015              10.00          109.60           6.2650
 02018   7.38 %  2015               5.00          108.95           6.3363
 02018   7.38 %  2015              15.00          108.85           6.3473
 02018   7.38 %  2015              20.00          108.93           6.3385
 02018   7.38 %  2015              15.00          108.80           6.3529
 02018   7.38 %  2015               5.00          108.80           6.3529
 02018   7.38 %  2015               5.00          108.80           6.3529
 01011   9.85 %  2015              20.00          130.200          6.3487
 01011   9.85 %  2015              10.00          130.75           6.2956
 01011   9.85 %  2015              10.00          131.10           6.2619
 01011   9.85 %  2015              10.00          131.10           6.2619
 01011   9.85 %  2015               5.00          131.00           6.2715
 01011   9.85 %  2015               5.00          131.15           6.2571
 01011   9.85 %  2015              10.00          131.10           6.2619
 01011   9.85 %  2015               5.00          129.10           6.4559
 01011   9.85 %  2015               5.00          130.90           6.2811
 01011   9.85 %  2015               5.00          129.50           6.4167
 01011   9.85 %  2015               5.00          129.520          6.4148
 01011   9.85 %  2015               5.00          130.00           6.3681
 01011   9.85 %  2015               5.00          129.50           6.4167
 01011   9.85 %  2015               5.00          130.00           6.3681
 01011   9.85 %  2015               5.00          130.10           6.3584
 01011   9.85 %  2015               5.00          129.980          6.3700
 01011   9.85 %  2015               5.00          130.00           6.3681
 01011   9.85 %  2015               5.00          129.75           6.3924
 01011   9.85 %  2015               5.00          130.00           6.3681
 01011   9.85 %  2015               5.00          129.960          6.3720
 01011   9.85 %  2015               5.00          130.00           6.3681
 01011   9.85 %  2015               5.00          130.00           6.3681
 01011   9.85 %  2015               5.00          129.950          6.3729 01011   9.85 %  2015               5.00          129.85           6.3827
 01011   9.85 %  2015               5.00          129.50           6.4167
 01011   9.85 %  2015               5.00          130.200          6.3487
 01011   9.85 %  2015               5.00          129.50           6.4167
 01011   9.85 %  2015               5.00          129.950          6.3729
 01011   9.85 %  2015               5.00          129.90           6.3778
 01011   9.85 %  2015              20.00          130.050          6.3632
 01011   9.85 %  2015               5.00          129.75           6.3924
 01011   9.85 %  2015               5.00          129.990          6.3691
 01011   9.85 %  2015               5.00          130.00           6.3681
 01011   9.85 %  2015               5.00          130.00           6.3681
 01011   9.85 %  2015               5.00          130.15           6.3535
 01011   9.85 %  2015               5.00          130.15           6.3535
 01011   9.85 %  2015               5.00          130.00           6.3681
 01011   9.85 %  2015               5.00          130.050          6.3632
 01011   9.85 %  2015               5.00          130.10           6.3584
 01011   9.85 %  2015               5.00          130.12           6.3564
 01011   9.85 %  2015               5.00          130.050          6.3632
 01011   9.85 %  2015               5.00          129.90           6.3778
 01011   9.85 %  2015               5.00          130.050          6.3632
 01003  10.71 %  2016               5.00          138.20           6.3841
 01003  10.71 %  2016              20.00          137.70           6.4295
 01003  10.71 %  2016               5.00          137.60           6.4386
 01003  10.71 %  2016               5.00          137.60           6.4386
 01003  10.71 %  2016               5.00          137.65           6.4340
 01003  10.71 %  2016               5.00          137.65           6.4340
 01003  10.71 %  2016               5.00          137.70           6.4295
 01003  10.71 %  2016              10.00          137.70           6.4295
 01003  10.71 %  2016               5.00          137.70           6.4295
 01003  10.71 %  2016               5.00          137.60           6.4386
 02001   8.07 %  2017               5.00          115.60           6.3655
 02001   8.07 %  2017               5.00          115.60           6.3655
 02001   8.07 %  2017               5.00          115.65           6.3605
 02001   8.07 %  2017               5.00          115.71           6.3546
 02001   8.07 %  2017               5.00          116.15           6.3112
 02001   8.07 %  2017               5.00          116.20           6.3062
 02001   8.07 %  2017               5.00          116.20           6.3062
 02001   8.07 %  2017               5.00          115.80           6.3457
 02001   8.07 %  2017               5.00          116.00           6.3259
 02001   8.07 %  2017               5.00          115.65           6.3605
 02001   8.07 %  2017               5.00          116.00           6.3259
 02001   8.07 %  2017               5.00          116.15           6.3112
 02001   8.07 %  2017               5.00          116.00           6.3259
 02001   8.07 %  2017               5.00          116.20           6.3062
 02001   8.07 %  2017               5.00          116.00           6.3259
 02001   8.07 %  2017              10.00          116.18           6.3082
 02001   8.07 %  2017               5.00          116.20           6.3062
 02001   8.07 %  2017               5.00          116.13           6.3131
 02001   8.07 %  2017               5.00          116.11           6.3151
 02001   8.07 %  2017               5.00          116.00           6.3259
 02001   8.07 %  2017               5.00          115.90           6.3358
 02001   8.07 %  2017               5.00          116.15           6.3112
 02001   8.07 %  2017               5.00          115.75           6.3506
 02001   8.07 %  2017               5.00          115.35           6.3903
 02001   8.07 %  2017               0.70          114.38           6.4872
 02001   8.07 %  2017               0.50          114.55           6.4701
 02001   8.07 %  2017               5.00          114.80           6.4451 02001   8.07 %  2017               5.00          115.00           6.4251
 02001   8.07 %  2017               5.00          115.40           6.3853
 02001   8.07 %  2017               5.00          115.40           6.3853
 02001   8.07 %  2017              10.00          115.43           6.3823
 02001   8.07 %  2017               5.00          114.80           6.4451
 02001   8.07 %  2017               5.00          115.45           6.3803
 02001   8.07 %  2017               5.00          115.40           6.3853
 02001   8.07 %  2017               5.00          115.40           6.3853
 02001   8.07 %  2017               5.00          115.10           6.4151
 02001   8.07 %  2017               5.00          115.45           6.3803
 02001   8.07 %  2017               5.00          115.46           6.3793
 02001   8.07 %  2017               5.00          115.00           6.4251
 02001   8.07 %  2017               0.50          116.28           6.2984
 02001   8.07 %  2017               5.00          115.46           6.3793
 02001   8.07 %  2017               5.00          115.35           6.3903
 02001   8.07 %  2017               5.00          115.45           6.3803
 02001   8.07 %  2017               5.00          115.25           6.4002
 02001   8.07 %  2017               5.00          115.48           6.3774
 02001   8.07 %  2017               5.00          115.40           6.3853
 02001   8.07 %  2017               5.00          115.35           6.3903
 02001   8.07 %  2017              10.00          115.55           6.3704
 02001   8.07 %  2017               5.00          115.55           6.3704
 02001   8.07 %  2017               5.00          115.52           6.3734
 02001   8.07 %  2017               5.00          115.57           6.3684
 02001   8.07 %  2017               0.25          116.20           6.3062
 02001   8.07 %  2017               1.00          115.55           6.3704
 02001   8.07 %  2017               5.00          115.45           6.3803
 02001   8.07 %  2017               5.00          115.55           6.3704
 02001   8.07 %  2017               5.00          115.50           6.3754
 02001   8.07 %  2017               5.00          115.55           6.3704
 02001   8.07 %  2017              10.00          115.30           6.3952
 02001   8.07 %  2017               5.00          115.49           6.3764
 02001   8.07 %  2017               5.00          115.30           6.3952
 02001   8.07 %  2017               5.00          115.40           6.3853
 02001   8.07 %  2017              10.00          115.30           6.3952
 02001   8.07 %  2017              10.00          115.30           6.3952
 02001   8.07 %  2017              10.00          115.30           6.3952
 02001   8.07 %  2017               5.00          115.50           6.3754
 02001   8.07 %  2017               5.00          115.40           6.3853
 02001   8.07 %  2017               5.00          115.30           6.3952
 02007   7.49 %  2017              10.00          108.45           6.5646
 02007   7.49 %  2017               5.00          109.25           6.4822
 02007   7.49 %  2017               0.19          111.35           6.2698
 02007   7.49 %  2017               5.00          109.90           6.4159
 02007   7.49 %  2017               5.00          109.93           6.4128
 02007   7.49 %  2017               5.00          109.80           6.4260
 02007   7.49 %  2017               5.00          109.92           6.4138
 02007   7.49 %  2017               0.25          110.70           6.3349
 02007   7.49 %  2017               2.00          100.00           7.4881
 02007   7.49 %  2017               0.02          110.40           6.3652
 02014   7.46 %  2017               5.00          110.00           6.3941
 02014   7.46 %  2017               5.00          110.40           6.3542
 02014   7.46 %  2017               5.00          109.50           6.4442
 02014   7.46 %  2017               5.00          109.25           6.4693
 02014   7.46 %  2017               5.00          109.20           6.4744
 02014   7.46 %  2017               0.50          110.65           6.3294
 02014   7.46 %  2017               5.00          109.75           6.4191 02014   7.46 %  2017               0.15          110.10           6.3841
 02014   7.46 %  2017               5.00          109.70           6.4241
 02014   7.46 %  2017               5.00          109.75           6.4191
 02014   7.46 %  2017               5.00          109.72           6.4221
 02014   7.46 %  2017               5.00          110.43           6.3512
 02014   7.46 %  2017               0.50          109.85           6.4091
 02014   7.46 %  2017               5.00          109.25           6.4693
 02014   7.46 %  2017               0.25          110.65           6.3294
 02014   7.46 %  2017               5.00          109.67           6.4271
 02014   7.46 %  2017               5.00          109.70           6.4241
 02014   7.46 %  2017               5.00          109.70           6.4241
 02014   7.46 %  2017               5.00          109.20           6.4744
 02014   7.46 %  2017              10.00          109.70           6.4241
 02014   7.46 %  2017               0.50          110.70           6.3245
 02014   7.46 %  2017               0.50          110.70           6.3245
 02014   7.46 %  2017               5.00          109.70           6.4241
 02014   7.46 %  2017               5.00          109.95           6.3991
 02014   7.46 %  2017               5.00          109.95           6.3991
 02014   7.46 %  2017               5.00          110.00           6.3941
 02014   7.46 %  2017               5.00          110.00           6.3941
 02014   7.46 %  2017               5.00          109.90           6.4041
 02014   7.46 %  2017               5.00          109.90           6.4041
 02014   7.46 %  2017               5.00          109.90           6.4041
 02014   7.46 %  2017               5.00          109.90           6.4041
 02014   7.46 %  2017               5.00          109.80           6.4141
 02014   7.46 %  2017               5.00          109.93           6.4011
 02014   7.46 %  2017               5.00          109.93           6.4011
 02014   7.46 %  2017               0.50          109.74           6.4201
 02014   7.46 %  2017               0.50          109.70           6.4241
 02014   7.46 %  2017               0.50          109.38           6.4562
 02014   7.46 %  2017               5.00          110.00           6.3941
 03003   6.25 %  2018               0.10          100.05           6.2441
 03003   6.25 %  2018               2.50          100.35           6.2130
 03003   6.25 %  2018               0.50          100.00           6.2493
 03003   6.25 %  2018               1.00          100.95           6.1511
 03003   6.25 %  2018               1.00          100.71           6.1758
 03003   6.25 %  2018               0.50          100.45           6.2026
 03003   6.25 %  2018               0.50          100.85           6.1614
 03003   6.25 %  2018               0.25          100.90           6.1562
 03003   6.25 %  2018               0.50          100.25           6.2233
 03003   6.25 %  2018               0.50          100.39           6.2088
 03003   6.25 %  2018               0.50          100.45           6.2026
 03003   6.25 %  2018               0.25          100.55           6.1923
 03003   6.25 %  2018               0.50          100.50           6.1974
 03003   6.25 %  2018               5.00          100.20           6.2285
 03003   6.25 %  2018               1.00          100.00           6.2493
 03003   6.25 %  2018               1.00          100.80           6.1665
 03003   6.25 %  2018               0.15          100.45           6.2026
 03003   6.25 %  2018               0.50          100.30           6.2181
 03003   6.25 %  2018               0.70          100.30           6.2181
 03003   6.25 %  2018               0.25          100.57           6.1902
 01004  10.45 %  2018               0.636         141.90           6.1680
 98025  12.60 %  2018               0.055         158.00           6.6229
 01008  10.03 %  2019               5.00          135.60           6.4859
 01008  10.03 %  2019               5.00          135.25           6.5140
 01006  10.25 %  2021               5.00          137.00           6.7098
 01006  10.25 %  2021               5.00          139.50           6.5226 01006  10.25 %  2021               5.00          139.50           6.5226
 01006  10.25 %  2021               5.00          137.25           6.6908
 02011   8.35 %  2022               5.00          119.00           6.5932
 02011   8.35 %  2022               5.00          119.00           6.5932
 02011   8.35 %  2022               5.00          119.25           6.5729
 02011   8.35 %  2022              10.00          119.40           6.5607
 02011   8.35 %  2022               5.00          119.65           6.5405
 02011   8.35 %  2022               5.00          118.75           6.6136
 02011   8.35 %  2022               5.00          119.70           6.5365
 02011   8.35 %  2022               5.00          119.70           6.5365
 02011   8.35 %  2022               5.00          119.70           6.5365
 02011   8.35 %  2022              10.00          120.00           6.5123
 02011   8.35 %  2022               5.00          119.70           6.5365
 02011   8.35 %  2022              10.00          119.80           6.5284
 02011   8.35 %  2022               5.00          120.00           6.5123
 02011   8.35 %  2022              10.00          119.95           6.5163
 02011   8.35 %  2022               5.00          119.95           6.5163
 02011   8.35 %  2022               5.00          120.00           6.5123
 02011   8.35 %  2022               5.00          119.10           6.5851
 02011   8.35 %  2022               5.00          120.00           6.5123
 02011   8.35 %  2022               5.00          118.35           6.6463
 02011   8.35 %  2022               0.20          118.30           6.6504
 02011   8.35 %  2022              10.00          118.30           6.6504
 02011   8.35 %  2022               5.00          118.25           6.6545
 02011   8.35 %  2022              10.00          118.50           6.6340
 02011   8.35 %  2022               5.00          118.95           6.5973
 02011   8.35 %  2022              10.00          118.45           6.6381
 02011   8.35 %  2022               5.00          118.50           6.6340
 02011   8.35 %  2022               5.00          118.95           6.5973
 02011   8.35 %  2022               5.00          119.00           6.5932
 02011   8.35 %  2022               5.00          119.00           6.5932
 02011   8.35 %  2022              10.00          119.00           6.5932
 02011   8.35 %  2022               5.00          118.90           6.6014
 02011   8.35 %  2022               5.00          118.85           6.6054
 02011   8.35 %  2022               5.00          118.75           6.6136
 02011   8.35 %  2022               5.00          118.90           6.6014
 02011   8.35 %  2022               5.00          118.75           6.6136
 02011   8.35 %  2022               5.00          119.58           6.5462
 02011   8.35 %  2022               5.00          118.85           6.6054
 01010  10.18 %  2026               5.00          140.95           6.7009
 01010  10.18 %  2026              20.00          140.35           6.7400
 01010  10.18 %  2026               2.00          140.25           6.7466
 01010  10.18 %  2026               5.00          140.20           6.7499
 01010  10.18 %  2026              25.00          140.20           6.7499
     Total                       2931.872
B. State Government Securities
          Contract Date : February 03, 2003
 95206 14.00% GUJARAT S.D.L.
       2005                         0.50          115.55          6.5979
 95213 14.00% MAHARASHTRA S.D.L.
       2005                         0.25          116.00          6.4040
 99234 11.85% GUJRAT SDL 2009       0.3368        123.55          7.2871
 00248 12.00% GUJARAT SDL 2010      0.1469        127.75          7.2118
 02207 8.30% GUJRAT SDL 2012        0.176         108.50          7.0089
 02229 8.00% A.P. SDL 2012          0.19          108.00          6.8056
 02327 6.80% GUJARAT SDL 2012       0.50          101.75          6.5554 02327 6.80% GUJARAT SDL 2012       0.50          105.70          6.0253
     Total                          2.5997
C. Treasury Bills
   (i) 14 Day Bills (Maturity-wise)
       (DD/MM/YYYY)
                                           NIL
   (ii) 91 Day Bills (Maturity-wise)
       (DD/MM/YYYY)
          Contract Date : January 31, 2003
        02/05/2003                 21.00           98.6397         5.5162
          Contract Date : February 03, 2003
        07/02/2003                  6.48           99.9387         5.5817
        14/02/2003                  6.50           99.8315         5.5852
        21/02/2003                  5.835          99.7246         5.5846
        14/03/2003                  3.08           99.4052         5.5847
        21/03/2003                 25.00           99.2855         5.6946
        21/03/2003                  3.295          99.2992         5.5846
        28/03/2003                  3.00           99.1934         5.5847
        28/03/2003                 11.27           99.1934         5.5847
        04/04/2003                 40.00           99.0685         5.7042
        18/04/2003                  0.20           98.8774         5.5847
        18/04/2003                  2.50           98.8774         5.5847
        18/04/2003                 25.00           98.8655         5.6446
        25/04/2003                 25.00           98.7509         5.6842
        02/05/2003                 19.59           98.6655         5.5946
        02/05/2003                  5.00           98.6514         5.6546
        02/05/2003                100.00           98.6444         5.6843
        02/05/2003                 25.00           98.6444         5.6843
        02/05/2003                 25.00           98.6444         5.6843
     Total                        352.75
   (iii) 182 Day Bills (Maturity-wise)
       (DD/MM/YYYY)
                                           NIL
   (iv) 364 Day Bills (Maturity-wise)
       (DD/MM/YYYY)
          Contract Date : February 03, 2003
        07/03/2003                  2.00          100.0000         0.0000
        04/04/2003                 10.00           99.0685         5.7042
        22/08/2003                  0.84           97.0229         5.5846
        03/10/2003                 10.00           96.3523         5.6943
        03/10/2003                 10.00           96.3523         5.6943
        03/10/2003                 10.00           96.3523         5.6943
        17/10/2003                  5.00           96.1818         5.6445
        14/11/2003                  5.00           95.7034         5.7541
        26/12/2003                  3.22           95.2366         5.5847
        26/12/2003                  5.00           95.1880         5.6445
     Total                         61.06
II.  REPO Transactions *
    (Other than with RBI)
---------------------------------------------------------------------------
 Loan  Nomenclature                Amount      Price *   Repo Rate   Repo
 Code                            (Face Value) Per Rs.100   (%pa)    Period
                                 (in Rs.Crore) Nominal              (Days)
           (1)                      (2)          (3)        (4)      (5)---------------------------------------------------------------------------
A. Government of India Dated Securities
 94003  12.50 %  2004              30.00      107.33        5.70       1
 00007   9.90 %  2005              25.00      108.50        6.00       1
 00007   9.90 %  2005              25.00      108.50        6.00       1
 00007   9.90 %  2005              25.00      108.50        6.00       1
 00007   9.90 %  2005              25.00      108.50        6.00       1
 00007   9.90 %  2005              25.00      108.50        6.00       1
 00007   9.90 %  2005              11.00      108.50        6.00       1
 97010  11.19 %  2005              55.00      112.60        5.70       1
 99008  11.68 %  2006              83.25      116.50        5.87       1
 99008  11.68 %  2006              30.00      116.75        5.40       1
 86007  11.50 %  2006              19.00      116.50        5.80       2
 01012   5.72 %  2006              50.00      100.00        5.80       1
 01012   5.72 %  2006              50.00      100.00        5.80       2
 01012   5.72 %  2006              50.00      100.00        4.50       1
 01012   5.72 %  2006              50.00      100.00        4.00       1
 01012   5.72 %  2006              31.00      100.00        3.50       1
 98007  12.00 %  2008             117.00      125.00        6.00       1
 98007  12.00 %  2008              40.00      125.75        5.75       3
 98007  12.00 %  2008               5.00      126.00        7.25       1
 98007  12.00 %  2008              24.00      125.50        5.85       1
 98007  12.00 %  2008              24.00      125.50        5.85       1
 88008  11.50 %  2008              40.00      125.00        5.70       1
 88008  11.50 %  2008              39.00      125.00        5.70       1
 00016  11.40 %  2008              30.00      125.25        5.75       2
 00016  11.40 %  2008              12.20      125.10        5.75       1
 00016  11.40 %  2008              25.00      124.85        5.75       1
 00016  11.40 %  2008              20.00      124.85        5.75       1
 00016  11.40 %  2008              34.50      125.15        5.55       1
 99006  11.99 %  2009             150.00      129.00        5.90       1
 99006  11.99 %  2009              90.00      130.25        5.82       1
 99006  11.99 %  2009              74.50      129.50        5.75       1
 99006  11.99 %  2009              75.00      129.50        5.70       1
 03002   5.87 %  2010              75.00       99.60        6.00       2
 98015  12.25 %  2010              73.00      135.00        5.85       1
 00010  10.95 %  2011              50.00      130.00        5.75       3
 01007   9.39 %  2011              50.00      120.20        6.00       1
 01007   9.39 %  2011              35.00      120.20        6.00       1
 01007   9.39 %  2011              50.00      120.20        5.90       1
 01007   9.39 %  2011             190.00      120.70        5.00       7
 00017  11.50 %  2011              75.00      135.50        5.75       1
 00017  11.50 %  2011              60.00      135.40        5.00       7
 00017  11.50 %  2011              22.00      135.30        5.80       1
 02006   6.85 %  2012               9.00      100.00        6.35       3
 02009   7.40 %  2012              50.00      108.20        5.80       1
 00012  11.03 %  2012              30.00      134.00        5.75       2
 01009   9.40 %  2012              50.00      122.00        5.75       3
 01005   9.81 %  2013              50.00      126.50        5.85       1
 01005   9.81 %  2013              58.00      127.15        5.75       1
 01005   9.81 %  2013              58.00      127.15        5.75       1
 01005   9.81 %  2013              40.00      127.10        5.60       1
 02017   7.27 %  2013              10.00      107.50        6.00       1
 02018   7.38 %  2015              50.00      109.70        5.75       3
 02018   7.38 %  2015              23.00      109.00        5.90       1
 02018   7.38 %  2015              30.00      109.00        5.85       1
 01011   9.85 %  2015              40.00      129.50        5.82       1 01003  10.71 %  2016              30.00      137.00        6.00      14
 01003  10.71 %  2016              25.00      137.00        6.00      14
 01003  10.71 %  2016              15.00      137.00        6.00      14
 01003  10.71 %  2016              30.00      137.50        5.75       2
 99019  12.30 %  2016              10.00      149.50        5.90       1
 02001   8.07 %  2017              50.00      115.50        5.80       1
 02001   8.07 %  2017              25.00      116.00        5.75       3
 02001   8.07 %  2017              44.00      115.20        5.50       1
 02007   7.49 %  2017              20.00      109.50        5.95       1
 02007   7.49 %  2017              25.00      109.50        5.90       2
 02014   7.46 %  2017              45.00      109.70        5.75       3
 02014   7.46 %  2017              45.00      109.70        5.75       3
 02014   7.46 %  2017              45.00      109.70        5.75       3
 02014   7.46 %  2017              88.00      109.70        5.70       1
 03003   6.25 %  2018              43.00       99.50        5.75       2
 01008  10.03 %  2019              20.00      134.00        5.95       1
 00008  10.70 %  2020               1.00      140.00        7.25       1
 01006  10.25 %  2021              53.00      138.25        5.95       1
 01006  10.25 %  2021              40.00      139.50        5.75       3
 01006  10.25 %  2021               5.00      137.25        7.25       1
 01006  10.25 %  2021               4.10      138.50        5.85       1
 01006  10.25 %  2021              21.50      138.50        5.65       1
 02011   8.35 %  2022              30.00      119.00        5.75       3
 02011   8.35 %  2022              55.00      118.50        6.00       1
 02011   8.35 %  2022              30.00      119.00        5.75       2
 02011   8.35 %  2022              30.00      119.00        5.85       1
 01010  10.18 %  2026              50.00      140.25        5.90       2
 02015   7.95 %  2032              85.00      116.00        5.85       3
 02015   7.95 %  2032              21.00      116.00        5.95       1
     Total                       3548.05
B. State Government Securities
                                           NIL
C. Treasury Bills
   (i) 14 Day Bills (Maturity-wise)
      (DD/MM/YYYY)
                                           NIL
   (ii) 91 Day Bills (Maturity-wise)
      (DD/MM/YYYY)
        28/02/2003                 35.00       99.6247      5.70       2
        11/04/2003                 44.00       98.9735      5.70       7
        11/04/2003                100.00       98.9825      5.75       3
        25/04/2003                140.00       98.7617      5.70       7
        02/05/2003                120.00       98.6561      5.70       7
        02/05/2003                 25.00       98.6444      5.75       1
        02/05/2003                 15.00       98.6444      5.70       1
     Total                        479.00
   (iii) 182 Day Bills (Maturity-wise)
      (DD/MM/YYYY)
                                           NIL
   (iv) 364 Day Bills (Maturity-wise)
       (DD/MM/YYYY)
        21/02/2003                 25.00       99.7246      5.80       1
        21/02/2003                 25.00       99.7246      5.80       1
        21/02/2003                 25.00       99.7246      5.85       1
        21/02/2003                 25.00       99.7246      5.85       1
        21/02/2003                 25.00       99.7246      5.80       1
        21/02/2003                 25.00       99.7246      5.80       1        21/02/2003                 25.00       99.7246      5.80       1
        21/02/2003                 25.00       99.7246      5.80       1
        21/02/2003                 25.00       99.7246      5.80       1
        21/02/2003                 25.00       99.7246      5.80       1
        21/02/2003                 25.00       99.7246      5.00       1
        21/03/2003                 25.00       99.2992      5.75       3
        21/03/2003                 25.00       99.2992      5.75       3
        18/04/2003                 25.00       98.8774      5.75       3
        18/04/2003                 25.00       98.8774      5.75       3
        18/04/2003                 25.00       98.8774      5.75       3
        18/04/2003                 25.00       98.8774      5.75       3
        18/04/2003                 25.00       98.8774      5.75       3
        18/04/2003                 25.00       98.8774      5.75       3
        11/07/2003                 70.00       97.5920      5.80       1
        08/08/2003                 25.00       97.2496      5.70       1
        08/08/2003                 25.00       97.2496      5.70       1
        08/08/2003                 25.00       97.2496      5.70       1
        08/08/2003                 25.00       97.2496      5.70       1
        08/08/2003                 25.00       97.2496      5.70       1
        08/08/2003                 25.00       97.2496      5.70       1
        17/10/2003                 16.00       96.2208      5.70       2
        17/10/2003                 30.00       96.1559      5.80       1
        09/01/2004                 30.00       95.0000      5.60       1
        23/01/2004                 55.00       94.8500      5.70       1
        23/01/2004                 55.00       94.8500      5.40       2
        23/01/2004                 23.81       94.8922      5.85       1
     Total                        904.81
----------------------------------------------------------------------------
* Relate to the first leg of Repos
# YTM(indicative) will depend upon assumed rate of inflation
Date :  03 February 2003