Subsidiary General Ledger Account Transactions
in Government Dated Securities and Treasury Bills
at RBI, Mumbai on 08 April 2003
---------------------------------------------------------------------------
 Loan  Nomenclature              Amount           Price *        YTM %
 Code                            (Face Value)     Per Rs.100   Indicative
                                 (in Rs.Crore)    nominal
---------------------------------------------------------------------------
I.  Outright Transactions
A.Government of India Dated Securities
          Contract Date : April 07, 2003
 94003  12.50 %  2004              25.00          106.50           5.4596
 98022  11.98 %  2004               5.00          108.71           5.5086
 97002  13.05 %  2007              25.00          125.55           5.8569
 98007  12.00 %  2008              10.00          126.05           5.9669
 98007  12.00 %  2008               5.00          126.05           5.9669
 98007  12.00 %  2008              25.00          126.07           5.9629
 98007  12.00 %  2008               5.00          126.07           5.9629
 98007  12.00 %  2008               5.00          125.96           5.9849
 98007  12.00 %  2008              10.00          126.06           5.9649
 98007  12.00 %  2008               5.00          125.95           5.9869
 98007  12.00 %  2008               5.00          126.00           5.9769
 98007  12.00 %  2008              25.00          126.00           5.9769
 00016  11.40 %  2008              10.00          125.93           5.7441
 00016  11.40 %  2008               5.00          125.93           5.7441
 00016  11.40 %  2008              25.00          125.95           5.7403
 00016  11.40 %  2008              20.00          125.95           5.7403
 98023  12.25 %  2008               5.00          128.50           6.0080
 98023  12.25 %  2008               5.00          128.60           5.9894
 98023  12.25 %  2008               5.00          128.330          6.0398
 98023  12.25 %  2008               5.00          128.480          6.0118
 99006  11.99 %  2009               5.00          130.300          5.9171
 99006  11.99 %  2009               5.00          130.35           5.9086
 99006  11.99 %  2009               5.00          130.300          5.9171
 99006  11.99 %  2009               5.00          130.300          5.9171
 99006  11.99 %  2009              10.00          130.200          5.9340
 99006  11.99 %  2009              10.00          130.200          5.9340
 99006  11.99 %  2009               5.00          130.200          5.9340
 99006  11.99 %  2009               5.00          130.200          5.9340
 99006  11.99 %  2009              10.00          130.200          5.9340
 79002   7.00 %  2009               5.00          102.10           6.5762
 03007   6.20 %  2010             100.00           98.99           6.3829
 03007   6.20 %  2010              15.00           99.08           6.3663
 02010   7.55 %  2010               5.00          109.36           5.9154
 00014  11.30 %  2010               5.00          130.35           6.0895
 00010  10.95 %  2011               5.00          130.10           6.1879
 00010  10.95 %  2011               5.00          130.12           6.1852
 00010  10.95 %  2011               5.00          130.10           6.1879
 00010  10.95 %  2011               5.00          130.10           6.1879
 00010  10.95 %  2011               5.00          130.10           6.1879
 00010  10.95 %  2011               5.00          130.12           6.1852 00010  10.95 %  2011               5.00          130.10           6.1879
 00010  10.95 %  2011               5.00          130.050          6.1945
 00010  10.95 %  2011               5.00          130.050          6.1945
 00010  10.95 %  2011               5.00          130.050          6.1945
 01007   9.39 %  2011               5.00          121.70           6.0085
 01007   9.39 %  2011               5.00          121.83           5.9906
 01007   9.39 %  2011               5.00          121.83           5.9906
 01007   9.39 %  2011               5.00          121.80           5.9948
 01007   9.39 %  2011               5.00          121.80           5.9948
 01007   9.39 %  2011               5.00          121.80           5.9948
 01007   9.39 %  2011               5.00          121.83           5.9906
 01007   9.39 %  2011               5.00          121.83           5.9906
 01007   9.39 %  2011               5.00          121.81           5.9934
 01007   9.39 %  2011               5.00          121.72           6.0057
 01007   9.39 %  2011               5.00          121.71           6.0071
 01007   9.39 %  2011               5.00          121.72           6.0057
 01007   9.39 %  2011               5.00          121.71           6.0071
 01007   9.39 %  2011               5.00          121.73           6.0044
 01007   9.39 %  2011               5.00          121.71           6.0071
 01007   9.39 %  2011               5.00          121.73           6.0044
 01007   9.39 %  2011               5.00          121.72           6.0057
 01007   9.39 %  2011               5.00          121.71           6.0071
 01007   9.39 %  2011               5.00          121.70           6.0085
 01007   9.39 %  2011               5.00          121.70           6.0085
 00017  11.50 %  2011               5.00          135.79           6.1018
 00017  11.50 %  2011               5.00          135.80           6.1005
 00017  11.50 %  2011               5.00          135.86           6.0931
 00017  11.50 %  2011               5.00          135.77           6.1042
 00017  11.50 %  2011              10.00          135.76           6.1055
 00017  11.50 %  2011               5.00          135.78           6.1030
 00017  11.50 %  2011               5.00          135.76           6.1055
 00017  11.50 %  2011              10.00          135.75           6.1067
 02006   6.85 %  2012              10.00          105.15           6.0976
 02006   6.85 %  2012               5.00          105.00           6.1188
 02009   7.40 %  2012               5.00          109.88           5.9726
 02009   7.40 %  2012              10.00          109.97           5.9604
 02009   7.40 %  2012               5.00          109.97           5.9604
 02009   7.40 %  2012               5.00          109.97           5.9604
 02009   7.40 %  2012               5.00          109.95           5.9631
 02009   7.40 %  2012               5.00          110.00           5.9563
 02009   7.40 %  2012               5.00          110.00           5.9563
 02009   7.40 %  2012               5.00          109.95           5.9631
 02009   7.40 %  2012               5.00          109.95           5.9631
 02009   7.40 %  2012               5.00          110.00           5.9563
 02009   7.40 %  2012               5.00          110.00           5.9563
 02009   7.40 %  2012               5.00          109.95           5.9631
 02009   7.40 %  2012               5.00          109.90           5.9699
 02009   7.40 %  2012               5.00          109.96           5.9617
 02009   7.40 %  2012               5.00          109.95           5.9631
 02009   7.40 %  2012               5.00          109.90           5.9699
 02009   7.40 %  2012               5.00          109.95           5.9631
 02009   7.40 %  2012               5.00          110.00           5.9563
 02009   7.40 %  2012               5.00          109.90           5.9699
 02009   7.40 %  2012               5.00          109.95           5.9631
 02009   7.40 %  2012               5.00          109.92           5.9672
 02009   7.40 %  2012               5.00          109.93           5.9658
 02009   7.40 %  2012               5.00          109.93           5.9658 02009   7.40 %  2012               5.00          109.92           5.9672
 00012  11.03 %  2012               5.00          134.47           6.1066
 00012  11.03 %  2012              10.00          134.50           6.1030
 00012  11.03 %  2012               5.00          134.50           6.1030
 00012  11.03 %  2012              10.00          134.49           6.1042
 00012  11.03 %  2012               5.00          134.45           6.1089
 00012  11.03 %  2012               5.00          134.50           6.1030
 00012  11.03 %  2012               5.00          134.55           6.0972
 00012  11.03 %  2012               5.00          134.49           6.1042
 00012  11.03 %  2012              10.00          134.50           6.1030
 00012  11.03 %  2012               5.00          134.48           6.1054
 00012  11.03 %  2012               5.00          134.52           6.1007
 00012  11.03 %  2012               5.00          134.50           6.1030
 00012  11.03 %  2012               5.00          134.46           6.1077
 00012  11.03 %  2012               5.00          134.46           6.1077
 00012  11.03 %  2012               5.00          134.49           6.1042
 00012  11.03 %  2012               5.00          134.46           6.1077
 00012  11.03 %  2012              15.00          134.40           6.1148
 00012  11.03 %  2012               5.00          134.50           6.1030
 01009   9.40 %  2012               5.00          123.20           6.1232
 01009   9.40 %  2012              10.00          123.10           6.1356
 01009   9.40 %  2012               5.00          123.10           6.1356
 01005   9.81 %  2013               5.00          128.88           5.9720
 01005   9.81 %  2013               5.00          128.90           5.9697
 01005   9.81 %  2013               5.00          129.00           5.9585
 01005   9.81 %  2013               5.00          128.950          5.9641
 01005   9.81 %  2013               5.00          128.950          5.9641
 01005   9.81 %  2013               5.00          128.950          5.9641
 01005   9.81 %  2013               5.00          128.94           5.9652
 01005   9.81 %  2013               5.00          128.950          5.9641
 01005   9.81 %  2013               5.00          128.93           5.9663
 01005   9.81 %  2013              10.00          128.94           5.9652
 01005   9.81 %  2013               5.00          128.91           5.9686
 01005   9.81 %  2013               5.00          128.93           5.9663
 01005   9.81 %  2013               5.00          128.93           5.9663
 01005   9.81 %  2013               5.00          128.920          5.9675
 01005   9.81 %  2013               5.00          128.85           5.9753
 98021  12.40 %  2013               5.00          143.85           6.5147
 02017   7.27 %  2013               5.00          110.07           5.9566
 02017   7.27 %  2013              10.00          110.20           5.9407
 02017   7.27 %  2013               5.00          110.20           5.9407
 02017   7.27 %  2013               5.00          110.18           5.9431
 02017   7.27 %  2013               5.00          110.18           5.9431
 02017   7.27 %  2013               5.00          110.21           5.9394
 02017   7.27 %  2013              10.00          110.20           5.9407
 02008   7.37 %  2014               5.00          111.70           5.9103
 02008   7.37 %  2014               5.00          111.70           5.9103
 02008   7.37 %  2014               5.00          111.45           5.9394
 99020  11.83 %  2014               5.00          143.35           6.4595
 01011   9.85 %  2015               5.00          132.10           6.1391
 01011   9.85 %  2015               5.00          132.15           6.1343
 01011   9.85 %  2015              25.00          132.15           6.1343
 01011   9.85 %  2015               5.00          132.22           6.1276
 01011   9.85 %  2015               5.00          132.25           6.1247
 01011   9.85 %  2015               5.00          132.25           6.1247
 01011   9.85 %  2015              10.00          132.20           6.1295
 01011   9.85 %  2015               5.00          132.25           6.1247 01011   9.85 %  2015               5.00          132.25           6.1247
 01011   9.85 %  2015               5.00          132.23           6.1266
 01011   9.85 %  2015               5.00          132.23           6.1266
 01011   9.85 %  2015               5.00          132.20           6.1295
 01011   9.85 %  2015               5.00          132.27           6.1228
 01011   9.85 %  2015               5.00          132.20           6.1295
 01011   9.85 %  2015              10.00          132.20           6.1295
 01011   9.85 %  2015               5.00          132.20           6.1295
 01011   9.85 %  2015              10.00          132.20           6.1295
 01003  10.71 %  2016               5.00          138.85           6.2960
 02001   8.07 %  2017               5.00          117.00           6.2134
 02001   8.07 %  2017               5.00          117.05           6.2085
 02001   8.07 %  2017               5.00          117.50           6.1645
 02001   8.07 %  2017               5.00          117.53           6.1616
 02001   8.07 %  2017               5.00          117.50           6.1645
 02001   8.07 %  2017               5.00          117.55           6.1596
 02001   8.07 %  2017               5.00          117.54           6.1606
 02001   8.07 %  2017               5.00          117.50           6.1645
 02001   8.07 %  2017               5.00          117.49           6.1655
 02001   8.07 %  2017               5.00          117.47           6.1674
 02001   8.07 %  2017               5.00          117.49           6.1655
 02001   8.07 %  2017               5.00          117.46           6.1684
 02001   8.07 %  2017               5.00          117.48           6.1664
 02001   8.07 %  2017               5.00          117.47           6.1674
 02001   8.07 %  2017               5.00          117.60           6.1547
 02001   8.07 %  2017               5.00          117.45           6.1694
 02001   8.07 %  2017               5.00          117.43           6.1713
 02001   8.07 %  2017               5.00          117.48           6.1664
 02001   8.07 %  2017               5.00          117.42           6.1723
 02001   8.07 %  2017               5.00          117.42           6.1723
 02001   8.07 %  2017               5.00          117.05           6.2085
 02001   8.07 %  2017               5.00          117.46           6.1684
 02001   8.07 %  2017               5.00          117.45           6.1694
 02001   8.07 %  2017               5.00          117.47           6.1674
 02001   8.07 %  2017               5.00          117.50           6.1645
 02001   8.07 %  2017               5.00          117.49           6.1655
 02001   8.07 %  2017               5.00          117.52           6.1625
 02001   8.07 %  2017               5.00          117.40           6.1743
 02001   8.07 %  2017               1.00          117.47           6.1674
 02001   8.07 %  2017               1.00          117.47           6.1674
 02007   7.49 %  2017               5.00          111.70           6.2267
 02007   7.49 %  2017               5.00          111.70           6.2267
 02007   7.49 %  2017               2.00          111.80           6.2167
 02007   7.49 %  2017               5.00          111.88           6.2087
 02007   7.49 %  2017               5.00          111.51           6.2458
 02014   7.46 %  2017               5.00          111.90           6.1973
 02014   7.46 %  2017               5.00          112.00           6.1875
 02014   7.46 %  2017               5.00          111.86           6.2013
 02014   7.46 %  2017               5.00          111.90           6.1973
 02014   7.46 %  2017               5.00          111.88           6.1993
 02014   7.46 %  2017               5.00          111.90           6.1973
 02014   7.46 %  2017               5.00          111.90           6.1973
 02014   7.46 %  2017               5.00          111.90           6.1973
 02014   7.46 %  2017               5.00          111.81           6.2062
 02014   7.46 %  2017               5.00          111.85           6.2022
 02014   7.46 %  2017               5.00          111.88           6.1993
 02014   7.46 %  2017               5.00          111.89           6.1983 02014   7.46 %  2017               5.00          111.83           6.2042
 02014   7.46 %  2017               5.00          111.89           6.1983
 02014   7.46 %  2017               5.00          111.82           6.2052
 02014   7.46 %  2017               5.00          111.85           6.2022
 02014   7.46 %  2017               5.00          111.85           6.2022
 02014   7.46 %  2017               5.00          111.85           6.2022
 02014   7.46 %  2017               5.00          112.00           6.1875
 02014   7.46 %  2017               5.00          111.90           6.1973
 02014   7.46 %  2017               5.00          111.88           6.1993
 02014   7.46 %  2017               5.00          111.87           6.2003
 02014   7.46 %  2017               5.00          111.87           6.2003
 02014   7.46 %  2017               5.00          111.86           6.2013
 02014   7.46 %  2017               5.00          111.86           6.2013
 02014   7.46 %  2017               5.00          111.85           6.2022
 02014   7.46 %  2017               5.00          111.87           6.2003
 02014   7.46 %  2017               5.00          111.73           6.2141
 02014   7.46 %  2017               5.00          111.88           6.1993
 02014   7.46 %  2017               5.00          111.89           6.1983
 02014   7.46 %  2017               5.00          111.90           6.1973
 02014   7.46 %  2017               5.00          111.89           6.1983
 02014   7.46 %  2017               5.00          111.80           6.2072
 02014   7.46 %  2017               5.00          111.76           6.2111
 02014   7.46 %  2017               0.25          111.67           6.2200
 02014   7.46 %  2017               5.00          111.75           6.2121
 03003   6.25 %  2018              20.00          101.00           6.1446
 03003   6.25 %  2018              10.00          101.00           6.1446
 03003   6.25 %  2018               5.00          101.10           6.1343
 03003   6.25 %  2018               5.00          101.25           6.1188
 03003   6.25 %  2018               5.00          101.25           6.1188
 03003   6.25 %  2018              10.00          101.05           6.1395
 03003   6.25 %  2018              10.00          101.20           6.1240
 03003   6.25 %  2018              10.00          101.00           6.1446
 03003   6.25 %  2018               5.00          101.25           6.1188
 03003   6.25 %  2018               5.00          101.25           6.1188
 01006  10.25 %  2021               5.00          140.70           6.4192
 01006  10.25 %  2021               5.00          140.55           6.4302
 01006  10.25 %  2021               5.00          140.50           6.4339
 01006  10.25 %  2021               5.00          140.60           6.4265
 01006  10.25 %  2021               5.00          140.42           6.4398
 02011   8.35 %  2022               5.00          121.79           6.3621
 02011   8.35 %  2022               5.00          121.90           6.3534
 02011   8.35 %  2022              10.00          121.87           6.3558
 02011   8.35 %  2022               5.00          121.80           6.3613
 02011   8.35 %  2022               1.00          121.60           6.3772
 02011   8.35 %  2022               5.00          121.90           6.3534
 02011   8.35 %  2022               5.00          121.86           6.3566
 02011   8.35 %  2022               5.00          121.85           6.3574
 02011   8.35 %  2022               5.00          121.80           6.3613
 02011   8.35 %  2022               5.00          121.95           6.3495
 02011   8.35 %  2022               5.00          121.92           6.3519
 02011   8.35 %  2022               5.00          121.92           6.3519
 02011   8.35 %  2022               5.00          121.80           6.3613
 02011   8.35 %  2022               5.00          121.77           6.3637
 02011   8.35 %  2022               5.00          121.75           6.3653
 02011   8.35 %  2022              10.00          121.75           6.3653
 02011   8.35 %  2022               5.00          121.81           6.3605
 02011   8.35 %  2022               5.00          121.65           6.3732 02011   8.35 %  2022               5.00          121.70           6.3692
 02011   8.35 %  2022               5.00          121.65           6.3732
 02011   8.35 %  2022               5.00          121.67           6.3716
 02011   8.35 %  2022               1.00          121.50           6.3851
 01010  10.18 %  2026               5.00          143.90           6.5035
 01010  10.18 %  2026               5.00          143.90           6.5035
 01010  10.18 %  2026               5.00          143.90           6.5035
 01010  10.18 %  2026               5.00          143.80           6.5098
 02015   7.95 %  2032               5.00          119.10           6.4862
          Contract Date : April 08, 2003
 94003  12.50 %  2004               0.03          100.00          12.4837
 94003  12.50 %  2004               5.00          106.51           5.4300
 94003  12.50 %  2004              15.00          106.52           5.4197
 98008  11.50 %  2004              10.00          106.20           5.5291
 97007  12.59 %  2004              10.00          108.06           5.5074
 97007  12.59 %  2004              10.00          108.06           5.5074
 90009  11.25 %  2005               0.59          110.75           5.9017
 97010  11.19 %  2005               5.00          112.38           5.4833
 00013  11.00 %  2006               0.043         117.00           5.3182
 00013  11.00 %  2006               0.043         117.00           5.3182
 97002  13.05 %  2007              10.00          125.55           5.8532
 98007  12.00 %  2008               5.00          125.97           5.9805
 98007  12.00 %  2008              10.00          126.00           5.9745
 98007  12.00 %  2008              10.00          125.98           5.9785
 98007  12.00 %  2008              15.00          126.02           5.9705
 98007  12.00 %  2008              10.00          126.02           5.9705
 98007  12.00 %  2008               5.00          126.00           5.9745
 98007  12.00 %  2008               5.00          126.00           5.9745
 88008  11.50 %  2008              15.87          100.00          11.4920
 98018  12.22 %  2008               0.50          125.08           6.5347
 00016  11.40 %  2008               5.00          125.99           5.7306
 00016  11.40 %  2008               5.00          125.91           5.7457
 00016  11.40 %  2008               5.00          125.95           5.7381
 00016  11.40 %  2008               5.00          125.94           5.7400
 00016  11.40 %  2008              10.00          125.98           5.7325
 00016  11.40 %  2008               5.00          125.91           5.7457
 00016  11.40 %  2008               5.00          125.90           5.7476
 00016  11.40 %  2008              10.00          125.95           5.7381
 00016  11.40 %  2008               5.00          125.90           5.7476
 00016  11.40 %  2008               5.00          125.90           5.7476
 00016  11.40 %  2008               5.00          125.90           5.7476
 00016  11.40 %  2008              10.00          125.93           5.7419
 00016  11.40 %  2008              10.00          125.97           5.7343
 00016  11.40 %  2008               5.00          125.90           5.7476
 00016  11.40 %  2008               5.00          126.00           5.7287
 00016  11.40 %  2008               2.00          126.00           5.7287
 02004   6.96 %  2009               5.00          103.50           6.2489
 02004   6.96 %  2009              10.00          103.60           6.2290
 02004   6.96 %  2009              15.00          103.60           6.2290
 99006  11.99 %  2009               5.00          130.200          5.9320
 99006  11.99 %  2009               5.00          130.200          5.9320
 99006  11.99 %  2009               5.00          130.240          5.9252
 99006  11.99 %  2009               5.00          130.200          5.9320
 99006  11.99 %  2009              10.00          130.240          5.9252
 99006  11.99 %  2009               5.00          130.22           5.9286
 99006  11.99 %  2009               5.00          130.22           5.9286
 99006  11.99 %  2009               5.00          130.22           5.9286 99006  11.99 %  2009               5.00          130.235          5.9260
 99006  11.99 %  2009               5.00          130.22           5.9286
 99006  11.99 %  2009               5.00          130.22           5.9286
 99006  11.99 %  2009               5.00          130.270          5.9201
 99006  11.99 %  2009               5.00          130.300          5.9150
 99006  11.99 %  2009               5.00          130.300          5.9150
 99006  11.99 %  2009               5.00          130.300          5.9150
 99006  11.99 %  2009              10.00          130.25           5.9235
 99006  11.99 %  2009               5.00          130.22           5.9286
 99006  11.99 %  2009               5.00          130.200          5.9320
 99006  11.99 %  2009               5.00          130.300          5.9150
 79002   7.00 %  2009               2.00          102.55           6.4871
 79002   7.00 %  2009               2.00          103.10           6.3790
 79002   7.00 %  2009               9.50          102.10           6.5761
 79002   7.00 %  2009               3.00          102.15           6.5661
 80003   7.50 %  2010               0.50          108.25           6.0510
 80003   7.50 %  2010               0.25          106.00           6.4318
 02010   7.55 %  2010              10.00          109.35           5.9165
 02010   7.55 %  2010               5.00          109.35           5.9165
 02010   7.55 %  2010              10.00          109.35           5.9165
 02010   7.55 %  2010               5.00          109.40           5.9083
 02010   7.55 %  2010               5.00          109.45           5.9000
 00014  11.30 %  2010              10.00          130.15           6.1171
 00014  11.30 %  2010              10.00          130.15           6.1171
 00014  11.30 %  2010               5.00          130.15           6.1171
 00014  11.30 %  2010               5.00          130.15           6.1171
 00014  11.30 %  2010               5.00          130.15           6.1171
 00014  11.30 %  2010               5.00          130.330          6.0910
 00014  11.30 %  2010              25.00          130.330          6.0910
 00014  11.30 %  2010               5.00          130.330          6.0910
 00014  11.30 %  2010               5.00          130.15           6.1171
 99005  12.32 %  2011               0.30          136.70           6.2947
 00010  10.95 %  2011              10.00          130.09           6.1882
 00010  10.95 %  2011               5.00          130.10           6.1868
 00010  10.95 %  2011              10.00          130.09           6.1882
 01007   9.39 %  2011              10.00          100.00           9.3853
 01007   9.39 %  2011               5.00          121.75           6.0008
 01007   9.39 %  2011               5.00          121.75           6.0008
 01007   9.39 %  2011               5.00          121.74           6.0022
 01007   9.39 %  2011               5.00          121.74           6.0022
 01007   9.39 %  2011              10.00          121.76           5.9995
 01007   9.39 %  2011               5.00          121.73           6.0036
 01007   9.39 %  2011               5.00          121.71           6.0063
 01007   9.39 %  2011               5.00          121.74           6.0022
 01007   9.39 %  2011               5.00          121.73           6.0036
 01007   9.39 %  2011               5.00          121.71           6.0063
 01007   9.39 %  2011               5.00          121.75           6.0008
 01007   9.39 %  2011               5.00          121.77           5.9981
 01007   9.39 %  2011               5.00          121.78           5.9967
 01007   9.39 %  2011               5.00          121.74           6.0022
 01007   9.39 %  2011               5.00          121.70           6.0077
 01007   9.39 %  2011               5.00          121.70           6.0077
 01007   9.39 %  2011               5.00          121.70           6.0077
 01007   9.39 %  2011               0.50          121.65           6.0146
 01007   9.39 %  2011               5.00          121.73           6.0036
 01007   9.39 %  2011               5.00          121.75           6.0008
 01007   9.39 %  2011               1.00          121.66           6.0132 01007   9.39 %  2011               0.50          121.56           6.0270
 01007   9.39 %  2011               5.00          121.76           5.9995
 00017  11.50 %  2011               5.00          135.82           6.0970
 00017  11.50 %  2011               5.00          135.80           6.0995
 00017  11.50 %  2011               5.00          135.80           6.0995
 00017  11.50 %  2011              10.00          135.80           6.0995
 00017  11.50 %  2011               5.00          135.80           6.0995
 00017  11.50 %  2011              10.00          135.83           6.0958
 00017  11.50 %  2011              10.00          135.82           6.0970
 00017  11.50 %  2011               5.00          135.82           6.0970
 00017  11.50 %  2011               5.00          135.82           6.0970
 00017  11.50 %  2011               5.00          135.80           6.0995
 00017  11.50 %  2011              20.00          135.78           6.1019
 00017  11.50 %  2011               5.00          135.80           6.0995
 00017  11.50 %  2011               5.00          135.80           6.0995
 00017  11.50 %  2011              10.00          135.80           6.0995
 00017  11.50 %  2011               5.00          135.87           6.0908
 00017  11.50 %  2011              15.00          135.90           6.0871
 00017  11.50 %  2011               5.00          135.85           6.0933
 00017  11.50 %  2011               5.00          135.93           6.0834
 00017  11.50 %  2011               5.00          135.73           6.1081
 02006   6.85 %  2012               0.08          100.00           6.8499
 02006   6.85 %  2012               0.75          104.09           6.2484
 02006   6.85 %  2012               5.00          105.20           6.0903
 02006   6.85 %  2012               5.00          105.25           6.0832
 02006   6.85 %  2012               0.01          106.30           5.9356
 02009   7.40 %  2012               1.00          109.98           5.9587
 02009   7.40 %  2012               5.00          109.95           5.9628
 02009   7.40 %  2012               5.00          109.95           5.9628
 02009   7.40 %  2012               5.00          109.98           5.9587
 02009   7.40 %  2012               5.00          109.91           5.9683
 02009   7.40 %  2012               5.00          109.75           5.9901
 02009   7.40 %  2012               5.00          109.90           5.9696
 02009   7.40 %  2012               5.00          109.84           5.9778
 02009   7.40 %  2012               5.00          109.90           5.9696
 02009   7.40 %  2012               5.00          109.87           5.9737
 02009   7.40 %  2012               5.00          109.70           5.9969
 02009   7.40 %  2012               5.00          109.78           5.9860
 02009   7.40 %  2012              10.00          109.88           5.9723
 02009   7.40 %  2012               5.00          109.93           5.9655
 02009   7.40 %  2012               5.00          109.90           5.9696
 02009   7.40 %  2012               5.00          109.90           5.9696
 02009   7.40 %  2012               5.00          109.85           5.9764
 02009   7.40 %  2012               5.00          109.90           5.9696
 02009   7.40 %  2012               5.00          109.94           5.9642
 02009   7.40 %  2012               5.00          109.89           5.9710
 02009   7.40 %  2012               5.00          109.80           5.9832
 02009   7.40 %  2012               5.00          109.95           5.9628
 02009   7.40 %  2012               5.00          109.95           5.9628
 02009   7.40 %  2012               5.00          109.95           5.9628
 02009   7.40 %  2012               5.00          109.94           5.9642
 02009   7.40 %  2012               5.00          109.91           5.9683
 02009   7.40 %  2012               5.00          109.94           5.9642
 02009   7.40 %  2012               5.00          109.85           5.9764
 02009   7.40 %  2012               5.00          109.93           5.9655
 02009   7.40 %  2012               5.00          109.92           5.9669
 02009   7.40 %  2012               5.00          109.92           5.9669 02009   7.40 %  2012               5.00          109.90           5.9696
 02009   7.40 %  2012               5.00          109.75           5.9901
 02009   7.40 %  2012               5.00          109.75           5.9901
 02009   7.40 %  2012               5.00          109.90           5.9696
 02009   7.40 %  2012               5.00          109.92           5.9669
 02009   7.40 %  2012               5.00          109.90           5.9696
 02009   7.40 %  2012               5.00          109.93           5.9655
 02009   7.40 %  2012               5.00          109.93           5.9655
 02009   7.40 %  2012               5.00          109.95           5.9628
 02009   7.40 %  2012               5.00          109.94           5.9642
 02009   7.40 %  2012               5.00          109.90           5.9696
 02009   7.40 %  2012               0.25          109.95           5.9628
 02009   7.40 %  2012               5.00          109.90           5.9696
 02009   7.40 %  2012               5.00          109.90           5.9696
 02009   7.40 %  2012               5.00          109.94           5.9642
 02009   7.40 %  2012               5.00          109.90           5.9696
 02009   7.40 %  2012               5.00          109.97           5.9601
 02009   7.40 %  2012               5.00          109.89           5.9710
 02009   7.40 %  2012               5.00          109.92           5.9669
 02009   7.40 %  2012               0.25          109.85           5.9764
 02009   7.40 %  2012              20.00          109.95           5.9628
 02009   7.40 %  2012               5.00          109.92           5.9669
 02009   7.40 %  2012               5.00          109.93           5.9655
 02009   7.40 %  2012               5.00          109.93           5.9655
 02009   7.40 %  2012               5.00          109.90           5.9696
 02009   7.40 %  2012               5.00          109.92           5.9669
 02009   7.40 %  2012              10.00          109.95           5.9628
 02009   7.40 %  2012               1.50          110.00           5.9560
 02009   7.40 %  2012               5.00          109.98           5.9587
 02009   7.40 %  2012               5.00          109.95           5.9628
 02009   7.40 %  2012               5.00          109.95           5.9628
 02009   7.40 %  2012               5.00          109.94           5.9642
 02009   7.40 %  2012               5.00          109.92           5.9669
 02009   7.40 %  2012               5.00          109.90           5.9696
 02009   7.40 %  2012               5.00          109.95           5.9628
 02009   7.40 %  2012               5.00          110.00           5.9560
 02009   7.40 %  2012               5.00          109.97           5.9601
 02009   7.40 %  2012               1.00          109.92           5.9669
 02009   7.40 %  2012               5.00          109.91           5.9683
 02009   7.40 %  2012               5.00          110.05           5.9492
 02009   7.40 %  2012               0.10          109.45           6.0310
 02009   7.40 %  2012               5.00          110.05           5.9492
 02009   7.40 %  2012               5.00          110.07           5.9465
 02009   7.40 %  2012               5.00          110.05           5.9492
 02009   7.40 %  2012               5.00          110.00           5.9560
 02009   7.40 %  2012               5.00          110.00           5.9560
 02009   7.40 %  2012               5.00          110.12           5.9397
 02009   7.40 %  2012               5.00          110.10           5.9424
 02009   7.40 %  2012               5.00          110.08           5.9452
 02009   7.40 %  2012               5.00          110.00           5.9560
 02009   7.40 %  2012               5.00          110.10           5.9424
 02009   7.40 %  2012               5.00          110.00           5.9560
 02009   7.40 %  2012               5.00          110.15           5.9357
 02009   7.40 %  2012               5.00          110.00           5.9560
 02009   7.40 %  2012               5.00          110.15           5.9357
 02009   7.40 %  2012               5.00          110.08           5.9452
 02009   7.40 %  2012               5.00          110.05           5.9492 02009   7.40 %  2012               5.00          110.05           5.9492
 02009   7.40 %  2012               5.00          110.12           5.9397
 02009   7.40 %  2012               5.00          110.15           5.9357
 02009   7.40 %  2012               5.00          110.05           5.9492
 02009   7.40 %  2012               5.00          110.00           5.9560
 02009   7.40 %  2012               5.00          110.05           5.9492
 02009   7.40 %  2012               5.00          110.05           5.9492
 02009   7.40 %  2012               5.00          110.10           5.9424
 02009   7.40 %  2012               5.00          110.05           5.9492
 02009   7.40 %  2012               5.00          110.01           5.9547
 02009   7.40 %  2012               5.00          110.00           5.9560
 02009   7.40 %  2012               5.00          109.93           5.9655
 02009   7.40 %  2012              10.00          109.97           5.9601
 02009   7.40 %  2012               5.00          109.87           5.9737
 00012  11.03 %  2012               5.00          100.00          11.0236
 00012  11.03 %  2012               4.75          100.00          11.0236
 00012  11.03 %  2012              10.00          134.40           6.1139
 00012  11.03 %  2012               5.00          134.40           6.1139
 00012  11.03 %  2012               5.00          134.50           6.1021
 00012  11.03 %  2012               5.00          134.48           6.1045
 02013   6.72 %  2012               5.00          104.00           6.1461
 00012  11.03 %  2012               5.00          134.48           6.1045
 00012  11.03 %  2012               5.00          134.48           6.1045
 00012  11.03 %  2012               5.00          134.45           6.1080
 00012  11.03 %  2012               5.00          134.45           6.1080
 00012  11.03 %  2012               5.00          134.48           6.1045
 00012  11.03 %  2012               5.00          134.48           6.1045
 00012  11.03 %  2012               5.00          134.40           6.1139
 02013   6.72 %  2012              25.00          104.00           6.1461
 02013   6.72 %  2012               5.00          104.00           6.1461
 00012  11.03 %  2012               5.00          134.50           6.1021
 02013   6.72 %  2012              15.00          104.005          6.1454
 00012  11.03 %  2012               5.00          134.55           6.0962
 00012  11.03 %  2012               5.00          134.50           6.1021
 00012  11.03 %  2012               5.00          134.45           6.1080
 00012  11.03 %  2012               5.00          134.60           6.0904
 00012  11.03 %  2012               5.00          134.59           6.0915
 00012  11.03 %  2012               5.00          134.46           6.1068
 00012  11.03 %  2012               5.00          134.53           6.0986
 00012  11.03 %  2012              10.00          134.46           6.1068
 01009   9.40 %  2012               5.00          123.20           6.1226
 01009   9.40 %  2012               5.00          123.20           6.1226
 01009   9.40 %  2012               1.00          122.80           6.1720
 01009   9.40 %  2012               5.00          123.20           6.1226
 82005   9.00 %  2013               6.70          100.00           8.9971
 82005   9.00 %  2013               0.31          120.20           6.2733
 01005   9.81 %  2013               5.00          128.84           5.9758
 01005   9.81 %  2013               5.00          128.78           5.9826
 01005   9.81 %  2013               5.00          128.85           5.9747
 01005   9.81 %  2013               5.00          128.90           5.9691
 01005   9.81 %  2013               5.00          128.770          5.9837
 01005   9.81 %  2013               5.00          128.950          5.9634
 01005   9.81 %  2013               5.00          128.91           5.9679
 01005   9.81 %  2013               5.00          128.800          5.9803
 01005   9.81 %  2013               5.00          128.920          5.9668
 01005   9.81 %  2013               5.00          128.97           5.9612
 01005   9.81 %  2013               5.00          128.90           5.9691 01005   9.81 %  2013               5.00          128.97           5.9612
 01005   9.81 %  2013               5.00          128.950          5.9634
 01005   9.81 %  2013               5.00          128.97           5.9612
 01005   9.81 %  2013               5.00          128.90           5.9691
 01005   9.81 %  2013               5.00          128.97           5.9612
 01005   9.81 %  2013               5.00          128.90           5.9691
 01005   9.81 %  2013               5.00          128.90           5.9691
 01005   9.81 %  2013               5.00          128.94           5.9646
 01005   9.81 %  2013               5.00          128.90           5.9691
 01005   9.81 %  2013               5.00          128.93           5.9657
 01005   9.81 %  2013               5.00          128.93           5.9657
 01005   9.81 %  2013               5.00          128.950          5.9634
 01005   9.81 %  2013               5.00          128.94           5.9646
 01005   9.81 %  2013               5.00          128.960          5.9623
 01005   9.81 %  2013               5.00          128.960          5.9623
 01005   9.81 %  2013               5.00          129.00           5.9578
 01005   9.81 %  2013               5.00          128.920          5.9668
 01005   9.81 %  2013               5.00          129.050          5.9522
 01005   9.81 %  2013               5.00          129.06           5.9511
 01005   9.81 %  2013               5.00          128.94           5.9646
 01005   9.81 %  2013               5.00          129.020          5.9556
 01005   9.81 %  2013               5.00          129.020          5.9556
 01005   9.81 %  2013               5.00          129.03           5.9545
 01005   9.81 %  2013               5.00          129.00           5.9578
 01005   9.81 %  2013               5.00          128.990          5.9589
 01005   9.81 %  2013               5.00          129.010          5.9567
 01005   9.81 %  2013               5.00          129.050          5.9522
 01005   9.81 %  2013               5.00          129.040          5.9533
 01005   9.81 %  2013               5.00          129.06           5.9511
 01005   9.81 %  2013               5.00          129.03           5.9545
 01005   9.81 %  2013               5.00          128.97           5.9612
 01005   9.81 %  2013               5.00          128.91           5.9679
 01005   9.81 %  2013               5.00          128.90           5.9691
 01005   9.81 %  2013               5.00          128.85           5.9747
 98021  12.40 %  2013               0.0115        100.00          12.3937
 98021  12.40 %  2013               1.10          144.25           6.4719
 98021  12.40 %  2013               3.50          144.25           6.4719
 98021  12.40 %  2013               2.00          144.20           6.4771
 98021  12.40 %  2013               0.25          144.25           6.4719
 98021  12.40 %  2013               0.05          144.25           6.4719
 98021  12.40 %  2013               2.00          143.83           6.5159
 98021  12.40 %  2013               5.00          143.90           6.5086
 02017   7.27 %  2013               1.00          110.00           5.9649
 02017   7.27 %  2013               5.00          110.15           5.9465
 02017   7.27 %  2013               5.00          110.15           5.9465
 02017   7.27 %  2013               5.00          110.12           5.9502
 02017   7.27 %  2013               5.00          110.10           5.9527
 02017   7.27 %  2013               1.00          109.90           5.9772
 02008   7.37 %  2014               5.00          111.73           5.9066
 02008   7.37 %  2014               5.00          111.71           5.9090
 02008   7.37 %  2014               5.00          111.73           5.9066
 02008   7.37 %  2014               5.00          111.74           5.9055
 02008   7.37 %  2014               5.00          111.75           5.9043
 02008   7.37 %  2014              10.00          111.75           5.9043
 02008   7.37 %  2014               5.00          111.62           5.9194
 02008   7.37 %  2014               5.00          111.62           5.9194
 02008   7.37 %  2014               5.00          111.65           5.9159 02008   7.37 %  2014               5.00          111.65           5.9159
 02008   7.37 %  2014              15.00          111.65           5.9159
 02008   7.37 %  2014              10.00          111.60           5.9218
 02008   7.37 %  2014               5.00          111.70           5.9101
 02008   7.37 %  2014               5.00          111.62           5.9194
 02008   7.37 %  2014               5.00          111.75           5.9043
 02008   7.37 %  2014              15.00          111.65           5.9159
 02008   7.37 %  2014               5.00          111.56           5.9264
 02008   7.37 %  2014               5.00          111.58           5.9241
 02008   7.37 %  2014               5.00          111.71           5.9090
 02008   7.37 %  2014               5.00          111.71           5.9090
 02008   7.37 %  2014              15.00          111.56           5.9264
 83004  10.00 %  2014               5.00          129.60           6.2675
 84010  10.50 %  2014               1.00          132.15           6.5000
 99020  11.83 %  2014               5.00          143.35           6.4589
 99020  11.83 %  2014              35.00          143.25           6.4686
 99020  11.83 %  2014               2.01          144.40           6.3577
 99020  11.83 %  2014              10.00          143.24           6.4696
 99020  11.83 %  2014              10.00          143.25           6.4686
 00015  11.43 %  2015               0.27          140.65           6.5669
 01011   9.85 %  2015               5.00          132.17           6.1319
 01011   9.85 %  2015               5.00          132.15           6.1339
 01011   9.85 %  2015               5.00          132.17           6.1319
 01011   9.85 %  2015               5.00          132.18           6.1310
 01011   9.85 %  2015               5.00          132.23           6.1262
 01011   9.85 %  2015               5.00          132.17           6.1319
 01011   9.85 %  2015               5.00          132.24           6.1252
 01011   9.85 %  2015               5.00          132.23           6.1262
 01011   9.85 %  2015               5.00          132.20           6.1291
 01011   9.85 %  2015               5.00          132.20           6.1291
 01011   9.85 %  2015               5.00          132.18           6.1310
 01011   9.85 %  2015               5.00          132.15           6.1339
 01011   9.85 %  2015               5.00          132.15           6.1339
 01011   9.85 %  2015               5.00          132.19           6.1300
 01011   9.85 %  2015               5.00          132.24           6.1252
 01011   9.85 %  2015               5.00          132.20           6.1291
 01011   9.85 %  2015               5.00          132.23           6.1262
 01011   9.85 %  2015               5.00          132.22           6.1271
 01011   9.85 %  2015               5.00          132.10           6.1386
 01011   9.85 %  2015               5.00          132.20           6.1291
 01011   9.85 %  2015               5.00          132.24           6.1252
 01011   9.85 %  2015               5.00          132.18           6.1310
 01011   9.85 %  2015               5.00          132.16           6.1329
 01011   9.85 %  2015               5.00          132.22           6.1271
 01011   9.85 %  2015               5.00          132.22           6.1271
 01011   9.85 %  2015               5.00          132.23           6.1262
 01011   9.85 %  2015               5.00          132.22           6.1271
 01011   9.85 %  2015               5.00          132.21           6.1281
 01011   9.85 %  2015               5.00          132.20           6.1291
 01011   9.85 %  2015              10.00          132.24           6.1252
 01011   9.85 %  2015               5.00          132.24           6.1252
 01011   9.85 %  2015               5.00          132.23           6.1262
 01011   9.85 %  2015               5.00          132.24           6.1252
 01011   9.85 %  2015               5.00          132.22           6.1271
 01011   9.85 %  2015               5.00          132.20           6.1291
 01011   9.85 %  2015               5.00          132.20           6.1291
 01011   9.85 %  2015               5.00          132.20           6.1291 01011   9.85 %  2015              10.00          132.18           6.1310
 01011   9.85 %  2015              10.00          132.18           6.1310
 01011   9.85 %  2015              10.00          132.15           6.1339
 01011   9.85 %  2015               5.00          132.15           6.1339
 01011   9.85 %  2015               5.00          132.18           6.1310
 01011   9.85 %  2015              10.00          132.18           6.1310
 01011   9.85 %  2015               5.00          132.19           6.1300
 01011   9.85 %  2015               5.00          132.30           6.1195
 01011   9.85 %  2015               5.00          132.30           6.1195
 01011   9.85 %  2015               5.00          132.20           6.1291
 01011   9.85 %  2015               5.00          132.21           6.1281
 01011   9.85 %  2015               5.00          132.30           6.1195
 01011   9.85 %  2015               5.00          132.25           6.1243
 01011   9.85 %  2015               5.00          132.30           6.1195
 01011   9.85 %  2015               5.00          132.30           6.1195
 01011   9.85 %  2015               5.00          132.20           6.1291
 01011   9.85 %  2015              10.00          132.22           6.1271
 01011   9.85 %  2015               5.00          132.21           6.1281
 01003  10.71 %  2016               5.00          138.75           6.3046
 01003  10.71 %  2016               5.00          138.80           6.3001
 01003  10.71 %  2016               5.00          138.85           6.2955
 01003  10.71 %  2016               5.00          138.80           6.3001
 01003  10.71 %  2016               5.00          138.85           6.2955
 01003  10.71 %  2016               5.00          138.75           6.3046
 01003  10.71 %  2016               5.00          138.85           6.2955
 01003  10.71 %  2016               5.00          138.80           6.3001
 01003  10.71 %  2016               5.00          138.75           6.3046
 01003  10.71 %  2016              10.00          138.80           6.3001
 01003  10.71 %  2016              10.00          138.70           6.3092
 99019  12.30 %  2016               5.00          150.50           6.5370
 02001   8.07 %  2017               1.00          116.75           6.2378
 02001   8.07 %  2017               5.00          117.53           6.1613
 02001   8.07 %  2017               0.25          117.30           6.1838
 02001   8.07 %  2017               5.00          117.30           6.1838
 02001   8.07 %  2017               5.00          117.20           6.1936
 02001   8.07 %  2017               5.00          117.30           6.1838
 02001   8.07 %  2017               5.00          117.40           6.1740
 02001   8.07 %  2017               5.00          117.40           6.1740
 02001   8.07 %  2017               5.00          117.40           6.1740
 02001   8.07 %  2017               5.00          117.40           6.1740
 02001   8.07 %  2017               5.00          117.40           6.1740
 02001   8.07 %  2017               5.00          117.40           6.1740
 02001   8.07 %  2017               5.00          117.40           6.1740
 02001   8.07 %  2017               5.00          117.35           6.1789
 02001   8.07 %  2017               5.00          117.40           6.1740
 02001   8.07 %  2017               5.00          117.40           6.1740
 02001   8.07 %  2017               5.00          117.35           6.1789
 02001   8.07 %  2017               5.00          117.35           6.1789
 02001   8.07 %  2017               5.00          117.38           6.1760
 02001   8.07 %  2017               5.00          117.32           6.1819
 02001   8.07 %  2017               5.00          117.40           6.1740
 02001   8.07 %  2017              10.00          117.40           6.1740
 02001   8.07 %  2017               0.50          117.63           6.1516
 02001   8.07 %  2017               5.00          117.32           6.1819
 02001   8.07 %  2017               5.00          117.32           6.1819
 02001   8.07 %  2017               5.00          117.27           6.1867
 02001   8.07 %  2017               5.00          117.35           6.1789 02001   8.07 %  2017              10.00          117.40           6.1740
 02001   8.07 %  2017               5.00          117.28           6.1858
 02001   8.07 %  2017               5.00          117.36           6.1779
 02001   8.07 %  2017               5.00          117.37           6.1770
 02001   8.07 %  2017              20.00          117.30           6.1838
 02001   8.07 %  2017               5.00          117.27           6.1867
 02001   8.07 %  2017               5.00          117.32           6.1819
 02001   8.07 %  2017               5.00          117.39           6.1750
 02001   8.07 %  2017               5.00          117.40           6.1740
 02001   8.07 %  2017               5.00          117.28           6.1858
 02001   8.07 %  2017               5.00          117.40           6.1740
 02001   8.07 %  2017              10.00          117.30           6.1838
 02001   8.07 %  2017               1.00          117.52           6.1623
 02001   8.07 %  2017               0.50          117.35           6.1789
 02001   8.07 %  2017               1.00          117.50           6.1643
 02001   8.07 %  2017               5.00          117.35           6.1789
 02001   8.07 %  2017               5.00          117.45           6.1691
 02001   8.07 %  2017               5.00          117.35           6.1789
 02001   8.07 %  2017               5.00          117.30           6.1838
 02001   8.07 %  2017               5.00          117.37           6.1770
 02001   8.07 %  2017               5.00          117.40           6.1740
 02001   8.07 %  2017               5.00          117.32           6.1819
 02001   8.07 %  2017               5.00          117.40           6.1740
 02001   8.07 %  2017              10.00          117.40           6.1740
 02001   8.07 %  2017               5.00          117.50           6.1643
 02001   8.07 %  2017               5.00          117.49           6.1652
 02001   8.07 %  2017               5.00          117.30           6.1838
 02001   8.07 %  2017               5.00          117.50           6.1643
 02001   8.07 %  2017              10.00          117.50           6.1643
 02001   8.07 %  2017               5.00          117.45           6.1691
 02001   8.07 %  2017               5.00          117.50           6.1643
 02001   8.07 %  2017               5.00          117.50           6.1643
 02001   8.07 %  2017               5.00          117.50           6.1643
 02001   8.07 %  2017               1.00          117.48           6.1662
 02001   8.07 %  2017               5.00          117.45           6.1691
 02001   8.07 %  2017               5.00          117.45           6.1691
 02001   8.07 %  2017               5.00          117.47           6.1672
 02001   8.07 %  2017               5.00          117.40           6.1740
 02001   8.07 %  2017               5.00          117.43           6.1711
 02001   8.07 %  2017               5.00          117.45           6.1691
 02001   8.07 %  2017               5.00          117.42           6.1721
 02001   8.07 %  2017               5.00          117.45           6.1691
 02001   8.07 %  2017               5.00          117.45           6.1691
 02001   8.07 %  2017               5.00          117.30           6.1838
 02001   8.07 %  2017               5.00          117.50           6.1643
 02001   8.07 %  2017               5.00          117.48           6.1662
 02007   7.49 %  2017              35.00          100.00           7.4897
 02007   7.49 %  2017               5.00          111.73           6.2236
 02007   7.49 %  2017               0.50          111.10           6.2870
 02007   7.49 %  2017               1.00          111.60           6.2366
 02007   7.49 %  2017               5.00          111.70           6.2266
 02007   7.49 %  2017               0.50          111.47           6.2497
 02007   7.49 %  2017               5.00          111.76           6.2206
 02007   7.49 %  2017               5.00          111.77           6.2196
 02007   7.49 %  2017               0.50          111.50           6.2467
 02007   7.49 %  2017               5.00          111.79           6.2176
 02007   7.49 %  2017               0.50          111.50           6.2467 02007   7.49 %  2017               5.00          111.75           6.2216
 02007   7.49 %  2017               1.00          111.87           6.2096
 02007   7.49 %  2017              10.00          111.73           6.2236
 02007   7.49 %  2017               3.00          111.50           6.2467
 02007   7.49 %  2017               0.50          111.50           6.2467
 02007   7.49 %  2017               5.00          111.68           6.2286
 02007   7.49 %  2017               5.00          111.68           6.2286
 02007   7.49 %  2017               5.00          111.68           6.2286
 02007   7.49 %  2017               0.50          111.15           6.2819
 02007   7.49 %  2017               5.00          111.68           6.2286
 02007   7.49 %  2017               1.50          111.65           6.2316
 02007   7.49 %  2017               5.00          111.71           6.2256
 02007   7.49 %  2017               5.00          111.72           6.2246
 02007   7.49 %  2017               5.00          111.75           6.2216
 02014   7.46 %  2017               5.00          111.95           6.1923
 02014   7.46 %  2017               5.00          112.00           6.1873
 02014   7.46 %  2017               5.00          111.87           6.2001
 02014   7.46 %  2017               2.00          111.65           6.2218
 02014   7.46 %  2017               5.00          111.84           6.2031
 02014   7.46 %  2017               5.00          111.73           6.2139
 02014   7.46 %  2017               1.00          111.80           6.2070
 02014   7.46 %  2017               5.00          111.60           6.2267
 02014   7.46 %  2017               5.00          111.75           6.2119
 02014   7.46 %  2017               5.00          111.75           6.2119
 02014   7.46 %  2017               5.00          111.81           6.2060
 02014   7.46 %  2017               0.50          111.61           6.2257
 02014   7.46 %  2017               1.00          111.68           6.2188
 02014   7.46 %  2017               5.00          111.78           6.2090
 02014   7.46 %  2017               5.00          111.90           6.1972
 02014   7.46 %  2017               5.00          111.87           6.2001
 02014   7.46 %  2017               5.00          111.70           6.2169
 02014   7.46 %  2017               5.00          111.70           6.2169
 02014   7.46 %  2017               5.00          111.87           6.2001
 02014   7.46 %  2017               5.00          111.89           6.1982
 02014   7.46 %  2017               5.00          111.88           6.1991
 02014   7.46 %  2017               5.00          111.89           6.1982
 02014   7.46 %  2017               5.00          111.85           6.2021
 02014   7.46 %  2017               5.00          111.75           6.2119
 02014   7.46 %  2017               5.00          111.75           6.2119
 02014   7.46 %  2017               1.00          111.10           6.2762
 02014   7.46 %  2017               1.00          111.50           6.2366
 02014   7.46 %  2017               5.00          111.84           6.2031
 02014   7.46 %  2017               0.50          111.88           6.1991
 02014   7.46 %  2017               5.00          111.88           6.1991
 02014   7.46 %  2017               5.00          111.85           6.2021
 02014   7.46 %  2017               5.00          111.90           6.1972
 02014   7.46 %  2017               5.00          111.88           6.1991
 02014   7.46 %  2017               5.00          111.85           6.2021
 02014   7.46 %  2017               0.15          111.63           6.2238
 02014   7.46 %  2017               0.50          112.04           6.1834
 02014   7.46 %  2017               5.00          111.60           6.2267
 02014   7.46 %  2017               5.00          111.90           6.1972
 02014   7.46 %  2017               5.00          111.60           6.2267
 02014   7.46 %  2017               5.00          111.90           6.1972
 02014   7.46 %  2017               1.00          111.80           6.2070
 02014   7.46 %  2017               5.00          111.83           6.2041
 02014   7.46 %  2017               5.00          111.85           6.2021 02014   7.46 %  2017               0.50          111.79           6.2080
 02014   7.46 %  2017               5.00          111.89           6.1982
 02014   7.46 %  2017               5.00          111.85           6.2021
 02014   7.46 %  2017               5.00          111.80           6.2070
 02014   7.46 %  2017               5.00          111.75           6.2119
 02014   7.46 %  2017               5.00          111.83           6.2041
 02014   7.46 %  2017               5.00          111.84           6.2031
 02014   7.46 %  2017               5.00          111.80           6.2070
 02014   7.46 %  2017               1.00          111.67           6.2198
 02014   7.46 %  2017               5.00          111.80           6.2070
 02014   7.46 %  2017               0.50          111.66           6.2208
 02014   7.46 %  2017               5.00          111.77           6.2100
 02014   7.46 %  2017               1.00          111.70           6.2169
 02014   7.46 %  2017              10.00          111.77           6.2100
 02014   7.46 %  2017               1.00          111.71           6.2159
 02014   7.46 %  2017               1.00          111.80           6.2070
 02014   7.46 %  2017               0.50          111.55           6.2316
 02014   7.46 %  2017               5.00          111.80           6.2070
 02014   7.46 %  2017               5.00          111.85           6.2021
 02014   7.46 %  2017               5.00          111.85           6.2021
 02014   7.46 %  2017               5.00          111.90           6.1972
 02014   7.46 %  2017               5.00          111.90           6.1972
 02014   7.46 %  2017               2.50          111.80           6.2070
 02014   7.46 %  2017               0.50          111.80           6.2070
 02014   7.46 %  2017               0.25          111.85           6.2021
 02014   7.46 %  2017               0.50          111.81           6.2060
 02014   7.46 %  2017               5.00          111.75           6.2119
 02014   7.46 %  2017               2.00          111.80           6.2070
 02014   7.46 %  2017               0.25          111.65           6.2218
 02014   7.46 %  2017               5.00          111.78           6.2090
 02014   7.46 %  2017               5.00          111.95           6.1923
 02014   7.46 %  2017               5.00          111.94           6.1932
 02014   7.46 %  2017               0.60          111.77           6.2100
 02014   7.46 %  2017               5.00          111.94           6.1932
 02014   7.46 %  2017               0.50          111.80           6.2070
 02014   7.46 %  2017               0.25          111.52           6.2346
 02014   7.46 %  2017               5.00          111.91           6.1962
 02014   7.46 %  2017               5.00          111.90           6.1972
 02014   7.46 %  2017               5.00          111.94           6.1932
 02014   7.46 %  2017               5.00          111.90           6.1972
 02014   7.46 %  2017               5.00          111.95           6.1923
 02014   7.46 %  2017               5.00          111.90           6.1972
 02014   7.46 %  2017               5.00          111.94           6.1932
 02014   7.46 %  2017              15.00          111.95           6.1923
 02014   7.46 %  2017              10.00          111.87           6.2001
 02014   7.46 %  2017               5.00          111.95           6.1923
 02014   7.46 %  2017               5.00          111.94           6.1932
 02014   7.46 %  2017               5.00          111.95           6.1923
 02014   7.46 %  2017               5.00          111.80           6.2070
 02014   7.46 %  2017               5.00          111.90           6.1972
 02014   7.46 %  2017               5.00          111.82           6.2050
 02014   7.46 %  2017              10.00          111.95           6.1923
 02014   7.46 %  2017               5.00          111.85           6.2021
 02014   7.46 %  2017               5.00          111.88           6.1991
 02014   7.46 %  2017               0.25          111.50           6.2366
 03003   6.25 %  2018               2.00          101.25           6.1188
 03003   6.25 %  2018               1.00          101.25           6.1188 03003   6.25 %  2018               1.00          101.03           6.1415
 03003   6.25 %  2018               1.00          101.25           6.1188
 03003   6.25 %  2018               0.50          101.05           6.1395
 03003   6.25 %  2018               2.00          101.25           6.1188
 03003   6.25 %  2018               0.50          101.05           6.1395
 03003   6.25 %  2018               0.50          101.05           6.1395
 03003   6.25 %  2018               1.00          101.00           6.1446
 01008  10.03 %  2019               3.00          136.55           6.3908
 01008  10.03 %  2019               5.00          136.35           6.4068
 01008  10.03 %  2019               5.00          136.35           6.4068
 00008  10.70 %  2020              10.00          142.97           6.4934
 00018  11.60 %  2020              10.00          152.50           6.5478
 01006  10.25 %  2021               1.00          140.40           6.4410
 01006  10.25 %  2021              10.00          140.45           6.4373
 01006  10.25 %  2021              10.00          140.40           6.4410
 01006  10.25 %  2021              10.00          140.40           6.4410
 01006  10.25 %  2021               5.00          140.40           6.4410
 01006  10.25 %  2021               5.00          140.30           6.4484
 01006  10.25 %  2021               5.00          140.40           6.4410
 01006  10.25 %  2021               5.00          140.52           6.4322
 01006  10.25 %  2021               5.00          140.50           6.4337
 02011   8.35 %  2022               5.00          121.56           6.3802
 02011   8.35 %  2022               5.00          121.69           6.3699
 02011   8.35 %  2022               5.00          121.60           6.3771
 02011   8.35 %  2022               5.00          121.55           6.3810
 02011   8.35 %  2022               5.00          121.60           6.3771
 02011   8.35 %  2022               5.00          121.65           6.3731
 02011   8.35 %  2022               5.00          121.65           6.3731
 02011   8.35 %  2022               5.00          121.70           6.3691
 02011   8.35 %  2022               5.00          121.60           6.3771
 02011   8.35 %  2022               5.00          121.74           6.3660
 02011   8.35 %  2022               5.00          121.70           6.3691
 02011   8.35 %  2022               5.00          121.70           6.3691
 02011   8.35 %  2022               5.00          121.70           6.3691
 02011   8.35 %  2022               5.00          121.75           6.3652
 02011   8.35 %  2022               5.00          121.75           6.3652
 02011   8.35 %  2022               5.00          121.60           6.3771
 02011   8.35 %  2022               5.00          121.70           6.3691
 02011   8.35 %  2022               5.00          121.65           6.3731
 02011   8.35 %  2022               0.50          122.00           6.3454
 02011   8.35 %  2022               5.00          121.80           6.3612
 02011   8.35 %  2022               5.00          121.85           6.3573
 02011   8.35 %  2022               5.00          121.80           6.3612
 02011   8.35 %  2022               5.00          121.90           6.3533
 02011   8.35 %  2022              10.00          121.80           6.3612
 02011   8.35 %  2022               5.00          121.66           6.3723
 02011   8.35 %  2022               5.00          121.90           6.3533
 02011   8.35 %  2022              10.00          121.90           6.3533
 01010  10.18 %  2026               5.00          143.75           6.5128
 01010  10.18 %  2026               5.00          143.70           6.5159
 01010  10.18 %  2026               1.80          143.90           6.5033
 01010  10.18 %  2026               1.30          143.90           6.5033
 01010  10.18 %  2026               2.00          143.90           6.5033
 02015   7.95 %  2032               0.75          119.13           6.4842
 02015   7.95 %  2032               0.75          119.25           6.4762
 02015   7.95 %  2032               1.00          119.15           6.4828
 02015   7.95 %  2032               0.50          117.65           6.5836 02015   7.95 %  2032               5.00          119.00           6.4928
 02015   7.95 %  2032               0.425         118.40           6.5330
     Total                       5265.7925
B. State Government Securities
          Contract Date : April 07, 2003
 89223 11.50% MAHARASHTRA S.D.
       2009                         0.019         127.00          6.2559
          Contract Date : April 08, 2003
 97254 12.30%GUJARAT STATE
       DEVELOPMENT LOAN 2007        0.40          123.25          6.2818
 98205 12.15% GUJARAT SDL 2008      0.02          123.55          6.5768
 00218 10.52% GUJARAT SDL 2010      0.11          122.15          6.5450
 00218 10.52% GUJARAT SDL 2010      0.05          122.15          6.5450
 01214 10.50% ANDHRA PRADESH SDL
       2011                         0.50          121.35          6.9571
 02235 8.00% GUJRAT SDL 2012        0.50          107.11          6.9182
 02242 8.00% M.P. SDL 2012          0.50          105.60          7.1399
 02255 7.80% A.P. SDL 2012          1.00          109.30          6.4271
 02332 6.80% KARNATAKA SDL 2012     1.00          102.50          6.4477
 02327 6.80% GUJARAT SDL 2012       0.25          101.15          6.6355
 03215 6.95% KARNATAKA SDL 2013     0.03          102.60          6.5864
 03226 6.95% TAMILNADU 2013         0.25          102.55          6.5933
 03215 6.95% KARNATAKA SDL 2013     0.20          102.55          6.5933
     Total                          4.829
C. Treasury Bills
   (i) 14 Day Bills (Maturity-wise)
       (DD/MM/YYYY)
                                           NIL
   (ii) 91 Day Bills (Maturity-wise)
       (DD/MM/YYYY)
          Contract Date : April 08, 2003
        18/04/2003                 10.00           99.8675         4.8294
        09/05/2003                  1.10           99.5494         5.3149
        09/05/2003                  0.83           99.5317         5.5246
        16/05/2003                  5.00           99.4574         5.2259
        06/06/2003                  4.16           99.1093         5.5446
        06/06/2003                 25.00           99.1665         5.1855
        20/06/2003                  1.12           98.9296         5.3951
        20/06/2003                  3.05           98.9452         5.3156
        20/06/2003                  5.00           99.0001         5.0362
        04/07/2003                  6.21           98.7455         5.3154
        04/07/2003                  6.05           98.7455         5.3154
        04/07/2003                  5.73           98.7455         5.3154
        04/07/2003                 25.00           98.7595         5.2553
        04/07/2003                 25.00           98.7595         5.2553
        04/07/2003                 17.50           98.7653         5.2305
     Total                        140.75
   (iii) 182 Day Bills (Maturity-wise)
       (DD/MM/YYYY)
                                           NIL
   (iv) 364 Day Bills (Maturity-wise)
       (DD/MM/YYYY)
          Contract Date : April 07, 2003
        12/12/2003                  5.00           96.5114         5.2841
        06/02/2004                 15.00           95.7342         5.3178        20/02/2004                 25.00           95.5624         5.2987
        02/04/2004                 15.00           94.9566         5.3554
        02/04/2004                 25.00           94.9789         5.3305
        02/04/2004                 25.00           94.9789         5.3305
        02/04/2004                 10.00           94.9789         5.3305
          Contract Date : April 08, 2003
        17/10/2003                  2.50           97.1882         5.4849
        12/12/2003                  2.73           96.4608         5.3852
        05/03/2004                  1.82           95.2769         5.4350
        05/03/2004                  5.00           95.3347         5.3653
        05/03/2004                  5.00           95.4009         5.2855
        05/03/2004                  5.00           95.4340         5.2456
        05/03/2004                 25.00           95.4175         5.2655
        05/03/2004                 25.00           95.4175         5.2655
        19/03/2004                 11.00          100.0000         0.0000
        19/03/2004                 25.00           95.1819         5.3253
        02/04/2004                  2.6375        100.0000         0.0000
        02/04/2004                 50.00           94.9789         5.3453
        02/04/2004                 50.00           94.9833         5.3404
        02/04/2004                 10.00           94.9833         5.3404
        02/04/2004                 25.00           94.9878         5.3353
        02/04/2004                  5.00           95.0000         5.3216
        02/04/2004                 30.00           94.9789         5.3453
        02/04/2004                 25.00           95.0056         5.3154
        02/04/2004                 30.00           94.9967         5.3253
        02/04/2004                  5.00           95.0145         5.3054
     Total                        460.6875
II.  REPO Transactions *
    (Other than with RBI)
---------------------------------------------------------------------------
 Loan  Nomenclature                Amount      Price *   Repo Rate   Repo
 Code                            (Face Value) Per Rs.100   (%pa)    Period
                                 (in Rs.Crore) Nominal              (Days)
           (1)                      (2)          (3)        (4)      (5)
---------------------------------------------------------------------------
A. Government of India Dated Securities
 98022  11.98 %  2004              92.00      108.72        4.25       4
 00007   9.90 %  2005             180.00      108.30        4.75       1
 00007   9.90 %  2005              75.00      108.25        4.50       8
 00011  10.20 %  2005              25.00      109.70        4.50      11
 98007  12.00 %  2008              19.00      126.00        4.00       1
 98007  12.00 %  2008              19.00      126.00        4.00       1
 98007  12.00 %  2008               8.00      126.00        3.75       1
 99005  12.32 %  2011              36.00      136.60        4.70       1
 99005  12.32 %  2011              36.00      136.60        4.80       1
 99005  12.32 %  2011             108.00      137.00        4.50       1
 99005  12.32 %  2011              14.00      136.60        4.50       1
 00010  10.95 %  2011              56.00      130.00        4.25       1
 00017  11.50 %  2011(NOV) 20      25.00      135.80        4.75       1
 02006   6.85 %  2012              12.35      105.50        4.50       1
 01008  10.03 %  2019               5.00      136.00        5.15       1
 02011   8.35 %  2022              10.00      121.00        5.15       1
     Total                        720.35
B. State Government Securities
                                           NILC. Treasury Bills
   (i) 14 Day Bills (Maturity-wise)
      (DD/MM/YYYY)
                                           NIL
   (ii) 91 Day Bills (Maturity-wise)
      (DD/MM/YYYY)
                                           NIL
   (iii) 182 Day Bills (Maturity-wise)
      (DD/MM/YYYY)
                                           NIL
   (iv) 364 Day Bills (Maturity-wise)
       (DD/MM/YYYY)
        02/05/2003                100.00       99.6600      4.35       1
        02/05/2003                150.00       99.6600      4.25       2
        02/05/2003                 50.00       99.6600      4.25       2
        02/05/2003                100.00       99.6600      4.10       1
        05/09/2003                130.00       97.8125      4.25       2
        05/09/2003                100.00       97.8125      4.25       1
        05/09/2003                100.00       97.8125      4.10       1
        28/11/2003                 30.00       96.5642      4.50       1
        28/11/2003                 25.00       96.5642      4.50       1
        28/11/2003                110.00       96.4250      4.25       1
        28/11/2003                110.00       96.4250      4.25       1
        28/11/2003                 25.00       96.4250      3.50       1
        09/01/2004                150.00       95.9367      4.10       1
        09/01/2004                150.00       95.9367      4.10       1
        09/01/2004                150.00       95.9367      4.10       1
        23/01/2004                 70.00       95.7766      4.50       1
        20/02/2004                150.00       95.3183      4.10       1
        20/02/2004                130.00       95.3183      4.10       1
     Total                       1830.00
----------------------------------------------------------------------------
* Relate to the first leg of Repos
# YTM(indicative) will depend upon assumed rate of inflation
Date :  08 April 2003