Subsidiary General Ledger Account Transactions
in Government Dated Securities and Treasury Bills
at RBI, Mumbai on 07 April 2003
---------------------------------------------------------------------------
 Loan  Nomenclature              Amount           Price *        YTM %
 Code                            (Face Value)     Per Rs.100   Indicative
                                 (in Rs.Crore)    nominal
---------------------------------------------------------------------------
I.  Outright Transactions
A.Government of India Dated Securities
          Contract Date : April 04, 2003
 98008  11.50 %  2004              10.00          106.20           5.5842
 97007  12.59 %  2004              10.00          108.04           5.5830
 98022  11.98 %  2004              10.00          108.665          5.5748
 00016  11.40 %  2008               5.00          126.00           5.7375
 99006  11.99 %  2009              10.00          130.200          5.9397
 99006  11.99 %  2009               5.00          130.200          5.9397
 99006  11.99 %  2009              10.00          130.15           5.9482
 99006  11.99 %  2009               5.00          130.15           5.9482
 99006  11.99 %  2009               5.00          130.18           5.9431
 99006  11.99 %  2009              10.00          130.25           5.9312
 99006  11.99 %  2009              10.00          130.200          5.9397
 99006  11.99 %  2009               5.00          130.200          5.9397
 99006  11.99 %  2009              10.00          130.200          5.9397
 99006  11.99 %  2009               5.00          130.200          5.9397
 99006  11.99 %  2009              10.00          130.200          5.9397
 99006  11.99 %  2009               5.00          130.28           5.9262
 99006  11.99 %  2009               5.00          130.270          5.9279
 99006  11.99 %  2009               5.00          130.300          5.9228
 99006  11.99 %  2009               5.00          130.22           5.9363
 99006  11.99 %  2009               5.00          130.25           5.9312
 99006  11.99 %  2009               5.00          130.28           5.9262
 99006  11.99 %  2009              10.00          130.200          5.9397
 03005   6.00 %  2010              15.00           97.55           6.4498
 01007   9.39 %  2011               5.00          121.67           6.0149
 00017  11.50 %  2011               5.00          135.80           6.1037
 00017  11.50 %  2011               5.00          135.75           6.1099
 02009   7.40 %  2012               5.00          109.80           5.9844
 01005   9.81 %  2013              10.00          128.84           5.9784
 01005   9.81 %  2013               5.00          128.800          5.9829
 01005   9.81 %  2013               5.00          128.800          5.9829
 01011   9.85 %  2015               5.00          132.15           6.1355
 02001   8.07 %  2017               5.00          117.60           6.1554
 02001   8.07 %  2017              10.00          117.35           6.1798
 02001   8.07 %  2017               5.00          117.60           6.1554
 01006  10.25 %  2021               5.00          140.50           6.4346
 01010  10.18 %  2026              10.00          143.80           6.5103
          Contract Date : April 05, 2003
 98008  11.50 %  2004              10.00          106.20           5.5705
 02004   6.96 %  2009               5.00          103.15           6.3195
 99006  11.99 %  2009              20.00          130.25           5.9293 99006  11.99 %  2009               5.00          130.200          5.9378
 99006  11.99 %  2009               5.00          130.170          5.9429
 99006  11.99 %  2009              15.00          130.200          5.9378
 99006  11.99 %  2009              15.00          130.22           5.9344
 03005   6.00 %  2010              10.00           98.00           6.3659
 03005   6.00 %  2010              10.00           98.00           6.3659
 02010   7.55 %  2010              10.00          109.35           5.9179
 02010   7.55 %  2010               5.00          109.33           5.9212
 82013   8.75 %  2010               0.025         114.70           6.3053
 00010  10.95 %  2011               5.00          129.950          6.2100
 01007   9.39 %  2011               5.00          121.64           6.0183
 01007   9.39 %  2011               5.00          121.61           6.0224
 01007   9.39 %  2011              10.00          121.65           6.0169
 01007   9.39 %  2011               5.00          121.65           6.0169
 01007   9.39 %  2011               2.00          121.65           6.0169
 02009   7.40 %  2012               5.00          109.88           5.9732
 02009   7.40 %  2012               5.00          109.87           5.9746
 02009   7.40 %  2012               5.00          109.89           5.9718
 02009   7.40 %  2012               5.00          109.94           5.9650
 02009   7.40 %  2012               5.00          109.88           5.9732
 02009   7.40 %  2012               5.00          109.85           5.9773
 02009   7.40 %  2012               5.00          109.90           5.9705
 02009   7.40 %  2012               5.00          109.89           5.9718
 02009   7.40 %  2012               5.00          109.85           5.9773
 02009   7.40 %  2012              10.00          109.87           5.9746
 02009   7.40 %  2012               5.00          109.85           5.9773
 00012  11.03 %  2012               5.00          134.20           6.1402
 00012  11.03 %  2012               5.00          134.19           6.1414
 00012  11.03 %  2012               5.00          134.19           6.1414
 00012  11.03 %  2012               5.00          134.19           6.1414
 01009   9.40 %  2012               5.00          122.80           6.1740
 01009   9.40 %  2012               5.00          122.85           6.1678
 01009   9.40 %  2012               5.00          122.90           6.1616
 01009   9.40 %  2012               5.00          122.85           6.1678
 01009   9.40 %  2012               5.00          122.90           6.1616
 01009   9.40 %  2012              20.00          122.90           6.1616
 01005   9.81 %  2013               5.00          128.85           5.9766
 01005   9.81 %  2013               5.00          128.800          5.9822
 01005   9.81 %  2013              10.00          128.85           5.9766
 01005   9.81 %  2013               5.00          128.85           5.9766
 01005   9.81 %  2013               5.00          128.85           5.9766
 01005   9.81 %  2013               5.00          128.85           5.9766
 02017   7.27 %  2013               5.00          109.91           5.9767
 02008   7.37 %  2014               5.00          111.30           5.9573
 02008   7.37 %  2014               5.00          111.35           5.9515
 02008   7.37 %  2014              10.00          111.33           5.9538
 02001   8.07 %  2017               5.00          117.40           6.1747
 02001   8.07 %  2017              10.00          117.25           6.1894
 02001   8.07 %  2017               5.00          117.30           6.1845
 02001   8.07 %  2017              10.00          117.30           6.1845
 02001   8.07 %  2017               5.00          117.25           6.1894
 02001   8.07 %  2017               5.00          117.20           6.1943
 02001   8.07 %  2017              15.00          117.32           6.1825
 02001   8.07 %  2017               5.00          117.30           6.1845
 02001   8.07 %  2017               5.00          117.20           6.1943
 02001   8.07 %  2017               5.00          117.30           6.1845
 02001   8.07 %  2017               5.00          117.25           6.1894 02007   7.49 %  2017               5.00          111.52           6.2450
 02014   7.46 %  2017               5.00          111.70           6.2173
 02014   7.46 %  2017               5.00          111.70           6.2173
 02014   7.46 %  2017               5.00          111.50           6.2370
 02014   7.46 %  2017               5.00          111.60           6.2272
 02014   7.46 %  2017               5.00          111.54           6.2331
 02014   7.46 %  2017               5.00          111.50           6.2370
 02014   7.46 %  2017               5.00          111.65           6.2222
 01006  10.25 %  2021              10.00          140.52           6.4329
 01006  10.25 %  2021               5.00          140.53           6.4321
 02011   8.35 %  2022              10.00          121.60           6.3774
 02011   8.35 %  2022               3.00          121.70           6.3695
          Contract Date : April 07, 2003
 98020  11.78 %  2003               1.50          101.55           7.1889
 94003  12.50 %  2004               5.00          106.50           5.4596
 94003  12.50 %  2004              25.00          106.455          5.5060
 94003  12.50 %  2004               5.00          106.51           5.4493
 94003  12.50 %  2004               0.065         106.65           5.3054
 94003  12.50 %  2004              15.00          106.52           5.4390
 94003  12.50 %  2004               0.414         100.00          12.4847
 98008  11.50 %  2004               2.028         100.00          11.4763
 97007  12.59 %  2004              10.00          108.06           5.5223
 97007  12.59 %  2004              15.00          108.06           5.5223
 85006  10.50 %  2005               2.00          100.00          10.4866
 97010  11.19 %  2005               0.31          100.00          11.1741
 77005   6.50 %  2005               0.09          100.00           6.4993
 97001  13.65 %  2007               0.597         100.00          13.6355
 98007  12.00 %  2008              10.00          125.82           6.0130
 98007  12.00 %  2008               5.00          125.90           5.9970
 98007  12.00 %  2008               5.00          125.84           6.0090
 98007  12.00 %  2008               5.00          125.90           5.9970
 98007  12.00 %  2008               5.00          125.90           5.9970
 98007  12.00 %  2008               5.00          125.90           5.9970
 98007  12.00 %  2008              10.00          125.82           6.0130
 98007  12.00 %  2008               5.00          125.78           6.0210
 98007  12.00 %  2008               5.00          126.05           5.9669
 98007  12.00 %  2008               5.00          126.05           5.9669
 98007  12.00 %  2008              25.00          126.01           5.9749
 98007  12.00 %  2008               5.00          126.07           5.9629
 98018  12.22 %  2008               0.50          125.00           6.5527
 00016  11.40 %  2008               5.00          125.82           5.7649
 00016  11.40 %  2008               5.00          125.83           5.7630
 00016  11.40 %  2008               5.00          125.88           5.7535
 00016  11.40 %  2008               5.00          125.87           5.7554
 00016  11.40 %  2008               5.00          125.87           5.7554
 00016  11.40 %  2008               5.00          125.88           5.7535
 00016  11.40 %  2008               5.00          125.87           5.7554
 00016  11.40 %  2008               5.00          125.95           5.7403
 00016  11.40 %  2008               5.00          125.95           5.7403
 00016  11.40 %  2008               5.00          125.98           5.7347
 00016  11.40 %  2008               5.00          126.00           5.7309
 00016  11.40 %  2008               5.00          125.83           5.7630
 00016  11.40 %  2008               5.00          125.87           5.7554
 99006  11.99 %  2009               5.00          100.00          11.9900
 99006  11.99 %  2009               0.75          100.00          11.9900
 99006  11.99 %  2009               5.00          130.07           5.9561
 99006  11.99 %  2009               5.00          130.200          5.9340 99006  11.99 %  2009               5.00          130.210          5.9323
 99006  11.99 %  2009              20.00          130.200          5.9340
 99006  11.99 %  2009               5.00          130.18           5.9374
 99006  11.99 %  2009               5.00          130.25           5.9255
 99006  11.99 %  2009               5.00          130.25           5.9255
 99006  11.99 %  2009               5.00          130.28           5.9205
 99006  11.99 %  2009               5.00          130.28           5.9205
 99006  11.99 %  2009               5.00          130.15           5.9425
 99006  11.99 %  2009              10.00          130.19           5.9357
 99006  11.99 %  2009               5.00          130.080          5.9544
 99006  11.99 %  2009               5.00          130.230          5.9289
 99006  11.99 %  2009               5.00          130.050          5.9595
 99006  11.99 %  2009               5.00          130.170          5.9391
 99006  11.99 %  2009               5.00          130.22           5.9306
 99006  11.99 %  2009               5.00          130.28           5.9205
 99006  11.99 %  2009               5.00          130.10           5.9510
 99006  11.99 %  2009               5.00          130.200          5.9340
 99006  11.99 %  2009               5.00          130.13           5.9459
 99006  11.99 %  2009               5.00          130.25           5.9255
 99006  11.99 %  2009               5.00          130.230          5.9289
 99006  11.99 %  2009               5.00          130.140          5.9442
 99006  11.99 %  2009               5.00          130.270          5.9221
 99006  11.99 %  2009               5.00          130.25           5.9255
 99006  11.99 %  2009              20.00          130.25           5.9255
 99006  11.99 %  2009              50.00          130.25           5.9255
 99006  11.99 %  2009               5.00          130.300          5.9171
 99006  11.99 %  2009               5.00          130.330          5.9120
 99006  11.99 %  2009               5.00          130.35           5.9086
 99006  11.99 %  2009               5.00          130.300          5.9171
 99006  11.99 %  2009               5.00          130.300          5.9171
 99006  11.99 %  2009               5.00          130.34           5.9103
 99006  11.99 %  2009               5.00          130.020          5.9646
 89009  11.50 %  2009               0.20          100.00          11.4938
 79002   7.00 %  2009               0.085         100.00           6.9976
 79002   7.00 %  2009               5.00          102.10           6.5762
 79002   7.00 %  2009              11.50          102.40           6.5168
 03002   5.87 %  2010              10.00           99.99           5.8699
 03002   5.87 %  2010               5.00          100.05           5.8590
 03005   6.00 %  2010              15.00           98.00           6.3661
 03005   6.00 %  2010               5.00           98.00           6.3661
 03007   6.20 %  2010              25.00           99.10           6.3626
 80003   7.50 %  2010               0.07          100.00           7.4980
 80003   7.50 %  2010               0.50          108.17           6.0647
 02010   7.55 %  2010               5.00          109.32           5.9220
 02010   7.55 %  2010               5.00          109.38           5.9121
 02010   7.55 %  2010              10.00          109.30           5.9253
 02010   7.55 %  2010               5.00          109.35           5.9170
 02010   7.55 %  2010               5.00          109.27           5.9302
 02010   7.55 %  2010               5.00          109.42           5.9054
 02010   7.55 %  2010              30.00          100.00           7.5479
 02010   7.55 %  2010               5.00          109.45           5.9005
 82013   8.75 %  2010               0.045         100.00           8.7460
 82013   8.75 %  2010               0.0668        100.00           8.7460
 99005  12.32 %  2011              10.00          136.25           6.3565
 81005   8.00 %  2011               0.75          100.00           7.9987
 81005   8.00 %  2011               0.01          100.00           7.9987
 81005   8.00 %  2011               0.02          100.00           7.9987 81005   8.00 %  2011               0.05          111.60           6.1513
 00010  10.95 %  2011               4.00          100.00          10.9443
 00010  10.95 %  2011               5.00          130.080          6.1905
 00010  10.95 %  2011               5.00          130.080          6.1905
 00010  10.95 %  2011               5.00          130.06           6.1932
 00010  10.95 %  2011               5.00          130.06           6.1932
 00010  10.95 %  2011               5.00          130.050          6.1945
 00010  10.95 %  2011              10.00          130.06           6.1932
 00010  10.95 %  2011               5.00          130.050          6.1945
 00010  10.95 %  2011               5.00          130.050          6.1945
 01007   9.39 %  2011               0.25          100.00           9.3852
 01007   9.39 %  2011               5.00          121.50           6.0360
 01007   9.39 %  2011               5.00          121.60           6.0222
 01007   9.39 %  2011               5.00          121.60           6.0222
 01007   9.39 %  2011               5.00          121.64           6.0167
 01007   9.39 %  2011               5.00          121.60           6.0222
 01007   9.39 %  2011               5.00          121.67           6.0126
 01007   9.39 %  2011               5.00          121.65           6.0154
 01007   9.39 %  2011               0.25          121.40           6.0498
 01007   9.39 %  2011               5.00          121.60           6.0222
 01007   9.39 %  2011               5.00          121.70           6.0085
 01007   9.39 %  2011               0.25          121.80           5.9948
 01007   9.39 %  2011               5.00          121.70           6.0085
 01007   9.39 %  2011               5.00          121.73           6.0044
 01007   9.39 %  2011               5.00          121.70           6.0085
 01007   9.39 %  2011               5.00          121.74           6.0030
 01007   9.39 %  2011               5.00          121.74           6.0030
 01007   9.39 %  2011               5.00          121.75           6.0016
 01007   9.39 %  2011              35.00          100.00           9.3852
 91012  11.50 %  2011               0.23          100.00          11.4931
 91012  11.50 %  2011               0.06          100.00          11.4931
 91012  11.50 %  2011               2.75          100.00          11.4931
 00017  11.50 %  2011               5.00          135.65           6.1191
 00017  11.50 %  2011               5.00          135.70           6.1129
 00017  11.50 %  2011               5.00          135.72           6.1104
 00017  11.50 %  2011               5.00          135.75           6.1067
 00017  11.50 %  2011               5.00          135.73           6.1092
 00017  11.50 %  2011               5.00          135.71           6.1116
 00017  11.50 %  2011               5.00          135.70           6.1129
 00017  11.50 %  2011              10.00          135.70           6.1129
 00017  11.50 %  2011               5.00          135.70           6.1129
 00017  11.50 %  2011               5.00          135.74           6.1079
 00017  11.50 %  2011               5.00          135.76           6.1055
 00017  11.50 %  2011               5.00          135.75           6.1067
 00017  11.50 %  2011               5.00          135.75           6.1067
 00017  11.50 %  2011              25.00          135.72           6.1104
 00017  11.50 %  2011               5.00          135.72           6.1104
 00017  11.50 %  2011               5.00          135.65           6.1191
 00017  11.50 %  2011               5.00          135.73           6.1092
 00017  11.50 %  2011               5.00          135.65           6.1191
 00017  11.50 %  2011              10.00          135.70           6.1129
 00017  11.50 %  2011               5.00          135.85           6.0943
 00017  11.50 %  2011               5.00          135.86           6.0931
 00017  11.50 %  2011               5.00          135.79           6.1018
 02006   6.85 %  2012               0.25          104.20           6.2329
 02006   6.85 %  2012               1.00          104.55           6.1828
 02009   7.40 %  2012               0.10          100.00           7.3987 02009   7.40 %  2012               5.00          109.90           5.9699
 02009   7.40 %  2012              10.00          109.80           5.9835
 02009   7.40 %  2012               5.00          109.90           5.9699
 02009   7.40 %  2012               4.00          109.98           5.9590
 02009   7.40 %  2012               5.00          109.95           5.9631
 02009   7.40 %  2012              10.00          109.85           5.9767
 02009   7.40 %  2012              15.00          109.90           5.9699
 02009   7.40 %  2012               5.00          109.65           6.0040
 02009   7.40 %  2012               5.00          109.65           6.0040
 02009   7.40 %  2012               5.00          109.75           5.9903
 02009   7.40 %  2012               5.00          109.78           5.9862
 02009   7.40 %  2012               5.00          109.65           6.0040
 02009   7.40 %  2012               5.00          109.75           5.9903
 02009   7.40 %  2012               5.00          109.82           5.9808
 02009   7.40 %  2012               5.00          109.65           6.0040
 02009   7.40 %  2012               5.00          109.84           5.9781
 02009   7.40 %  2012               5.00          109.75           5.9903
 02009   7.40 %  2012               5.00          109.69           5.9985
 02009   7.40 %  2012               5.00          109.75           5.9903
 02009   7.40 %  2012               5.00          109.80           5.9835
 02009   7.40 %  2012               5.00          109.75           5.9903
 02009   7.40 %  2012               5.00          109.75           5.9903
 02009   7.40 %  2012               5.00          109.81           5.9822
 02009   7.40 %  2012               5.00          109.85           5.9767
 02009   7.40 %  2012               5.00          109.85           5.9767
 02009   7.40 %  2012               5.00          109.85           5.9767
 02009   7.40 %  2012               5.00          109.85           5.9767
 02009   7.40 %  2012               5.00          109.74           5.9917
 02009   7.40 %  2012               5.00          109.75           5.9903
 02009   7.40 %  2012               5.00          109.80           5.9835
 02009   7.40 %  2012               5.00          109.85           5.9767
 02009   7.40 %  2012              10.00          109.84           5.9781
 02009   7.40 %  2012               5.00          109.80           5.9835
 02009   7.40 %  2012              10.00          109.85           5.9767
 02009   7.40 %  2012               5.00          109.80           5.9835
 02009   7.40 %  2012               5.00          109.87           5.9740
 02009   7.40 %  2012               5.00          109.90           5.9699
 02009   7.40 %  2012               5.00          109.90           5.9699
 02009   7.40 %  2012               5.00          109.90           5.9699
 02009   7.40 %  2012               5.00          109.83           5.9794
 02009   7.40 %  2012               5.00          109.84           5.9781
 02009   7.40 %  2012               5.00          109.82           5.9808
 02009   7.40 %  2012               5.00          109.80           5.9835
 02009   7.40 %  2012               5.00          109.65           6.0040
 02009   7.40 %  2012               5.00          109.65           6.0040
 02009   7.40 %  2012               5.00          109.83           5.9794
 02009   7.40 %  2012               5.00          109.90           5.9699
 02009   7.40 %  2012               5.00          109.85           5.9767
 02009   7.40 %  2012               5.00          109.87           5.9740
 02009   7.40 %  2012               5.00          109.90           5.9699
 02009   7.40 %  2012               5.00          109.90           5.9699
 02009   7.40 %  2012               5.00          109.90           5.9699
 02009   7.40 %  2012               5.00          109.90           5.9699
 02009   7.40 %  2012               5.00          109.90           5.9699
 02009   7.40 %  2012               5.00          109.80           5.9835
 02009   7.40 %  2012               5.00          109.84           5.9781
 02009   7.40 %  2012               5.00          109.81           5.9822 02009   7.40 %  2012              10.00          109.84           5.9781
 02009   7.40 %  2012               5.00          109.90           5.9699
 02009   7.40 %  2012               5.00          109.84           5.9781
 02009   7.40 %  2012               5.00          109.79           5.9849
 02009   7.40 %  2012               5.00          109.91           5.9685
 02009   7.40 %  2012              25.00          109.90           5.9699
 02009   7.40 %  2012              25.00          109.90           5.9699
 02009   7.40 %  2012              25.00          109.90           5.9699
 02009   7.40 %  2012              15.00          109.90           5.9699
 02009   7.40 %  2012               5.00          109.89           5.9713
 02009   7.40 %  2012              50.00          109.90           5.9699
 02009   7.40 %  2012               5.00          109.91           5.9685
 02009   7.40 %  2012               5.00          109.90           5.9699
 02009   7.40 %  2012              20.00          109.90           5.9699
 02009   7.40 %  2012               5.00          109.90           5.9699
 02009   7.40 %  2012               5.00          109.90           5.9699
 02009   7.40 %  2012              25.00          109.90           5.9699
 02009   7.40 %  2012               5.00          109.92           5.9672
 02009   7.40 %  2012               5.00          109.93           5.9658
 02009   7.40 %  2012               5.00          109.92           5.9672
 02009   7.40 %  2012               5.00          109.92           5.9672
 02009   7.40 %  2012               5.00          109.95           5.9631
 02009   7.40 %  2012               5.00          109.96           5.9617
 02009   7.40 %  2012               5.00          109.95           5.9631
 02009   7.40 %  2012               5.00          109.92           5.9672
 02009   7.40 %  2012               5.00          109.95           5.9631
 02009   7.40 %  2012               5.00          109.95           5.9631
 02009   7.40 %  2012               5.00          109.95           5.9631
 02009   7.40 %  2012               5.00          109.94           5.9645
 02009   7.40 %  2012               5.00          109.97           5.9604
 02009   7.40 %  2012               5.00          109.93           5.9658
 02009   7.40 %  2012               5.00          109.65           6.0040
 02009   7.40 %  2012               5.00          109.87           5.9740
 02009   7.40 %  2012               5.00          109.94           5.9645
 02009   7.40 %  2012               5.00          109.95           5.9631
 02009   7.40 %  2012               5.00          109.92           5.9672
 02009   7.40 %  2012               5.00          110.00           5.9563
 02009   7.40 %  2012               5.00          109.95           5.9631
 02009   7.40 %  2012               5.00          109.93           5.9658
 02009   7.40 %  2012               5.00          109.93           5.9658
 02009   7.40 %  2012               5.00          110.00           5.9563
 02009   7.40 %  2012               5.00          110.00           5.9563
 02009   7.40 %  2012               5.00          110.03           5.9522
 02009   7.40 %  2012              30.00          100.00           7.3987
 02009   7.40 %  2012               5.00          109.95           5.9631
 02009   7.40 %  2012               5.00          109.77           5.9876
 02009   7.40 %  2012               5.00          109.95           5.9631
 02009   7.40 %  2012               5.00          109.92           5.9672
 02009   7.40 %  2012               5.00          109.95           5.9631
 84005  10.25 %  2012               0.01          100.00          10.2454
 00012  11.03 %  2012               5.00          134.27           6.1301
 00012  11.03 %  2012               5.00          134.42           6.1124
 00012  11.03 %  2012               5.00          134.42           6.1124
 00012  11.03 %  2012              10.00          134.25           6.1325
 00012  11.03 %  2012               5.00          134.43           6.1113
 02013   6.72 %  2012              10.00          104.05           6.1393
 00012  11.03 %  2012              10.00          134.40           6.1148 00012  11.03 %  2012               5.00          134.35           6.1207
 00012  11.03 %  2012               5.00          134.42           6.1124
 00012  11.03 %  2012               5.00          134.45           6.1089
 00012  11.03 %  2012               5.00          134.45           6.1089
 00012  11.03 %  2012               5.00          134.42           6.1124
 00012  11.03 %  2012               5.00          134.45           6.1089
 00012  11.03 %  2012               5.00          134.42           6.1124
 00012  11.03 %  2012               5.00          134.45           6.1089
 00012  11.03 %  2012               5.00          134.44           6.1101
 00012  11.03 %  2012               5.00          134.45           6.1089
 00012  11.03 %  2012               5.00          134.45           6.1089
 00012  11.03 %  2012               5.00          134.44           6.1101
 00012  11.03 %  2012               5.00          134.45           6.1089
 00012  11.03 %  2012               5.00          134.45           6.1089
 00012  11.03 %  2012               5.00          134.40           6.1148
 01009   9.40 %  2012              25.00          123.10           6.1356
 01009   9.40 %  2012              10.00          123.06           6.1405
 01009   9.40 %  2012               5.00          123.00           6.1479
 01009   9.40 %  2012               5.00          123.05           6.1418
 01009   9.40 %  2012               5.00          122.96           6.1529
 01009   9.40 %  2012               5.00          123.00           6.1479
 01009   9.40 %  2012               5.00          123.11           6.1343
 01009   9.40 %  2012               5.00          123.05           6.1418
 01009   9.40 %  2012               5.00          123.13           6.1319
 01009   9.40 %  2012              10.00          123.10           6.1356
 01009   9.40 %  2012              10.00          123.13           6.1319
 01009   9.40 %  2012               5.00          123.11           6.1343
 01009   9.40 %  2012               5.00          123.12           6.1331
 01009   9.40 %  2012               5.00          123.14           6.1306
 01009   9.40 %  2012               5.00          123.14           6.1306
 01009   9.40 %  2012               5.00          123.13           6.1319
 01009   9.40 %  2012               5.00          123.13           6.1319
 01009   9.40 %  2012               5.00          123.15           6.1294
 01009   9.40 %  2012              35.00          100.00           9.3978
 01009   9.40 %  2012               5.00          123.10           6.1356
 01005   9.81 %  2013               5.00          128.65           5.9979
 01005   9.81 %  2013               5.00          128.85           5.9753
 01005   9.81 %  2013               5.00          128.82           5.9787
 01005   9.81 %  2013               5.00          128.800          5.9810
 01005   9.81 %  2013               5.00          128.860          5.9742
 01005   9.81 %  2013               5.00          128.860          5.9742
 01005   9.81 %  2013               5.00          128.81           5.9798
 01005   9.81 %  2013               5.00          128.85           5.9753
 01005   9.81 %  2013               5.00          128.85           5.9753
 01005   9.81 %  2013               5.00          128.87           5.9731
 01005   9.81 %  2013               5.00          128.85           5.9753
 01005   9.81 %  2013               5.00          128.85           5.9753
 01005   9.81 %  2013               5.00          128.85           5.9753
 01005   9.81 %  2013              20.00          128.85           5.9753
 01005   9.81 %  2013               5.00          128.87           5.9731
 01005   9.81 %  2013               5.00          128.85           5.9753
 01005   9.81 %  2013               5.00          128.85           5.9753
 01005   9.81 %  2013               5.00          128.85           5.9753
 01005   9.81 %  2013               5.00          128.87           5.9731
 01005   9.81 %  2013               5.00          128.890          5.9708
 01005   9.81 %  2013               5.00          128.65           5.9979
 01005   9.81 %  2013               5.00          128.85           5.9753 01005   9.81 %  2013               5.00          128.87           5.9731
 01005   9.81 %  2013               5.00          128.830          5.9776
 01005   9.81 %  2013               5.00          128.87           5.9731
 01005   9.81 %  2013               5.00          128.62           6.0013
 01005   9.81 %  2013               5.00          128.85           5.9753
 01005   9.81 %  2013               5.00          128.90           5.9697
 01005   9.81 %  2013               5.00          129.00           5.9585
 01005   9.81 %  2013               5.00          128.85           5.9753
 01005   9.81 %  2013               5.00          128.920          5.9675
 01005   9.81 %  2013               5.00          128.91           5.9686
 01005   9.81 %  2013               5.00          128.88           5.9720
 01005   9.81 %  2013               5.00          128.90           5.9697
 01005   9.81 %  2013               5.00          128.90           5.9697
 01005   9.81 %  2013              10.00          128.90           5.9697
 01005   9.81 %  2013               5.00          128.890          5.9708
 01005   9.81 %  2013               5.00          128.920          5.9675
 01005   9.81 %  2013               5.00          128.87           5.9731
 01005   9.81 %  2013               5.00          128.890          5.9708
 01005   9.81 %  2013               1.00          128.950          5.9641
 01005   9.81 %  2013               0.15          128.75           5.9866
 01005   9.81 %  2013               5.00          128.920          5.9675
 01005   9.81 %  2013               5.00          128.950          5.9641
 01005   9.81 %  2013               5.00          128.950          5.9641
 01005   9.81 %  2013               5.00          128.950          5.9641
 01005   9.81 %  2013               5.00          128.950          5.9641
 01005   9.81 %  2013               5.00          129.00           5.9585
 01005   9.81 %  2013               5.00          129.00           5.9585
 01005   9.81 %  2013               5.00          129.03           5.9551
 01005   9.81 %  2013               5.00          129.00           5.9585
 01005   9.81 %  2013              25.00          100.00           9.8061
 01005   9.81 %  2013               5.00          128.890          5.9708
 01005   9.81 %  2013               5.00          129.00           5.9585
 98021  12.40 %  2013               0.03          100.00          12.3938
 98021  12.40 %  2013               0.40          100.00          12.3938
 98021  12.40 %  2013               0.15          100.00          12.3938
 98021  12.40 %  2013               0.15          100.00          12.3938
 98021  12.40 %  2013               0.20          100.00          12.3938
 98021  12.40 %  2013               5.00          143.00           6.6043
 98021  12.40 %  2013              10.00          144.00           6.4990
 98021  12.40 %  2013              10.00          144.00           6.4990
 98021  12.40 %  2013               0.07          143.75           6.5252
 98021  12.40 %  2013              10.00          143.90           6.5095
 98021  12.40 %  2013               0.02          143.75           6.5252
 98021  12.40 %  2013               0.16          143.75           6.5252
 98021  12.40 %  2013               2.00          143.25           6.5779
 98021  12.40 %  2013               0.25          143.40           6.5621
 98021  12.40 %  2013               5.00          143.55           6.5463
 02017   7.27 %  2013               5.00          110.00           5.9652
 02017   7.27 %  2013               5.00          110.00           5.9652
 02017   7.27 %  2013               5.00          110.00           5.9652
 02017   7.27 %  2013              10.00          110.05           5.9590
 02017   7.27 %  2013               5.00          110.05           5.9590
 02017   7.27 %  2013               5.00          110.07           5.9566
 02017   7.27 %  2013               5.00          110.06           5.9578
 02017   7.27 %  2013               5.00          110.06           5.9578
 02017   7.27 %  2013               5.00          110.15           5.9468
 02017   7.27 %  2013               5.00          110.05           5.9590 02017   7.27 %  2013               5.00          110.05           5.9590
 02017   7.27 %  2013               5.00          110.20           5.9407
 02017   7.27 %  2013               5.00          110.16           5.9456
 02017   7.27 %  2013               5.00          110.20           5.9407
 02017   7.27 %  2013               5.00          110.15           5.9468
 02017   7.27 %  2013               5.00          110.07           5.9566
 02017   7.27 %  2013               5.00          110.20           5.9407
 02017   7.27 %  2013               5.00          110.22           5.9382
 02017   7.27 %  2013               5.00          110.24           5.9358
 02017   7.27 %  2013               5.00          110.20           5.9407
 02008   7.37 %  2014               5.00          111.45           5.9394
 02008   7.37 %  2014               5.00          111.46           5.9383
 02008   7.37 %  2014               5.00          111.60           5.9220
 02008   7.37 %  2014               5.00          111.65           5.9162
 02008   7.37 %  2014               5.00          111.60           5.9220
 02008   7.37 %  2014              10.00          111.70           5.9103
 02008   7.37 %  2014               5.00          111.60           5.9220
 02008   7.37 %  2014               5.00          111.70           5.9103
 02008   7.37 %  2014               5.00          111.56           5.9266
 02008   7.37 %  2014               5.00          111.60           5.9220
 02008   7.37 %  2014               5.00          111.75           5.9045
 02008   7.37 %  2014               5.00          111.75           5.9045
 02008   7.37 %  2014              10.00          111.85           5.8929
 02008   7.37 %  2014              10.00          111.50           5.9336
 02008   7.37 %  2014              15.00          111.85           5.8929
 84010  10.50 %  2014               0.38          100.00          10.4978
 84010  10.50 %  2014               1.00          131.70           6.5470
 84010  10.50 %  2014               5.90          100.00          10.4978
 01001  10.47 %  2015               0.073         100.00          10.4658
 85007  11.50 %  2015               4.25          100.00          11.4954
 02018   7.38 %  2015              14.00          100.00           7.3787
 02018   7.38 %  2015              10.00          111.35           6.0641
 02018   7.38 %  2015               5.00          111.35           6.0641
 02018   7.38 %  2015               5.00          111.35           6.0641
 02018   7.38 %  2015              10.00          111.40           6.0587
 02018   7.38 %  2015               5.00          111.40           6.0587
 02018   7.38 %  2015               5.00          111.40           6.0587
 02018   7.38 %  2015               5.00          111.50           6.0479
 02018   7.38 %  2015               5.00          111.40           6.0587
 02018   7.38 %  2015               5.00          111.40           6.0587
 02018   7.38 %  2015               5.00          111.42           6.0565
 02018   7.38 %  2015              10.00          111.35           6.0641
 02018   7.38 %  2015               5.00          111.45           6.0533
 02018   7.38 %  2015               5.00          111.50           6.0479
 02018   7.38 %  2015               5.00          111.50           6.0479
 02018   7.38 %  2015               5.00          111.50           6.0479
 02018   7.38 %  2015              10.00          111.48           6.0500
 02018   7.38 %  2015              10.00          111.50           6.0479
 01011   9.85 %  2015              25.00          132.05           6.1439
 01011   9.85 %  2015               5.00          132.10           6.1391
 01011   9.85 %  2015               5.00          132.10           6.1391
 01011   9.85 %  2015               5.00          132.10           6.1391
 01011   9.85 %  2015               5.00          132.10           6.1391
 01011   9.85 %  2015               5.00          132.10           6.1391
 01011   9.85 %  2015               5.00          132.12           6.1371
 01011   9.85 %  2015               5.00          132.10           6.1391
 01011   9.85 %  2015               5.00          132.10           6.1391 01011   9.85 %  2015               5.00          132.10           6.1391
 01011   9.85 %  2015              10.00          132.15           6.1343
 01011   9.85 %  2015               5.00          132.12           6.1371
 01011   9.85 %  2015               5.00          132.11           6.1381
 01011   9.85 %  2015               5.00          132.15           6.1343
 01011   9.85 %  2015               5.00          132.15           6.1343
 01011   9.85 %  2015               5.00          132.13           6.1362
 01011   9.85 %  2015               5.00          132.07           6.1419
 01011   9.85 %  2015               5.00          132.15           6.1343
 01011   9.85 %  2015               5.00          132.20           6.1295
 01011   9.85 %  2015               5.00          132.15           6.1343
 01011   9.85 %  2015               5.00          132.20           6.1295
 01011   9.85 %  2015               5.00          132.20           6.1295
 01011   9.85 %  2015               5.00          132.15           6.1343
 01011   9.85 %  2015               5.00          132.20           6.1295
 01011   9.85 %  2015               5.00          132.20           6.1295
 01011   9.85 %  2015               5.00          132.15           6.1343
 01011   9.85 %  2015               5.00          132.20           6.1295
 01011   9.85 %  2015              10.00          132.18           6.1314
 01011   9.85 %  2015              10.00          132.15           6.1343
 01011   9.85 %  2015               5.00          132.16           6.1333
 01011   9.85 %  2015               5.00          132.25           6.1247
 01011   9.85 %  2015               5.00          132.23           6.1266
 01011   9.85 %  2015               5.00          132.15           6.1343
 01011   9.85 %  2015               5.00          132.26           6.1237
 01011   9.85 %  2015               5.00          132.27           6.1228
 01011   9.85 %  2015              10.00          132.25           6.1247
 01011   9.85 %  2015               5.00          132.30           6.1199
 01011   9.85 %  2015               5.00          132.30           6.1199
 01011   9.85 %  2015               5.00          132.27           6.1228
 01011   9.85 %  2015               5.00          132.30           6.1199
 01011   9.85 %  2015               5.00          132.27           6.1228
 01011   9.85 %  2015               5.00          132.25           6.1247
 01011   9.85 %  2015              25.00          100.00           9.8492
 01003  10.71 %  2016               5.00          138.85           6.2960
 01003  10.71 %  2016               5.00          138.90           6.2915
 01003  10.71 %  2016               5.00          138.89           6.2924
 01003  10.71 %  2016               5.00          138.90           6.2915
 01003  10.71 %  2016               5.00          138.80           6.3005
 99019  12.30 %  2016              20.00          100.00          12.2929
 02001   8.07 %  2017               0.10          100.00           8.0676
 02001   8.07 %  2017               5.00          117.00           6.2134
 02001   8.07 %  2017               5.00          117.10           6.2036
 02001   8.07 %  2017               5.00          117.05           6.2085
 02001   8.07 %  2017               5.00          117.20           6.1938
 02001   8.07 %  2017               5.00          117.02           6.2115
 02001   8.07 %  2017               5.00          117.00           6.2134
 02001   8.07 %  2017               5.00          117.00           6.2134
 02001   8.07 %  2017               5.00          117.00           6.2134
 02001   8.07 %  2017               5.00          117.20           6.1938
 02001   8.07 %  2017              25.00          117.15           6.1987
 02001   8.07 %  2017               5.00          117.15           6.1987
 02001   8.07 %  2017               5.00          117.15           6.1987
 02001   8.07 %  2017               5.00          117.15           6.1987
 02001   8.07 %  2017               5.00          117.10           6.2036
 02001   8.07 %  2017               5.00          117.15           6.1987
 02001   8.07 %  2017               5.00          117.15           6.1987 02001   8.07 %  2017               5.00          117.15           6.1987
 02001   8.07 %  2017               5.00          117.15           6.1987
 02001   8.07 %  2017               5.00          117.19           6.1948
 02001   8.07 %  2017              10.00          117.15           6.1987
 02001   8.07 %  2017               5.00          117.19           6.1948
 02001   8.07 %  2017               5.00          117.25           6.1889
 02001   8.07 %  2017               5.00          117.10           6.2036
 02001   8.07 %  2017               5.00          117.20           6.1938
 02001   8.07 %  2017               5.00          117.00           6.2134
 02001   8.07 %  2017               5.00          117.05           6.2085
 02001   8.07 %  2017               5.00          117.05           6.2085
 02001   8.07 %  2017               5.00          117.18           6.1958
 02001   8.07 %  2017               5.00          117.15           6.1987
 02001   8.07 %  2017               5.00          117.10           6.2036
 02001   8.07 %  2017               5.00          117.20           6.1938
 02001   8.07 %  2017               5.00          117.10           6.2036
 02001   8.07 %  2017               5.00          117.20           6.1938
 02001   8.07 %  2017               5.00          117.10           6.2036
 02001   8.07 %  2017               5.00          117.22           6.1919
 02001   8.07 %  2017               5.00          117.30           6.1840
 02001   8.07 %  2017               5.00          117.10           6.2036
 02001   8.07 %  2017               5.00          117.20           6.1938
 02001   8.07 %  2017               5.00          117.20           6.1938
 02001   8.07 %  2017               5.00          117.30           6.1840
 02001   8.07 %  2017              30.00          117.10           6.2036
 02001   8.07 %  2017               5.00          117.35           6.1791
 02001   8.07 %  2017               5.00          117.10           6.2036
 02001   8.07 %  2017               5.00          117.12           6.2017
 02001   8.07 %  2017               5.00          117.10           6.2036
 02001   8.07 %  2017               5.00          117.37           6.1772
 02001   8.07 %  2017               5.00          117.15           6.1987
 02001   8.07 %  2017               5.00          117.35           6.1791
 02001   8.07 %  2017               5.00          117.14           6.1997
 02001   8.07 %  2017               5.00          117.32           6.1821
 02001   8.07 %  2017               5.00          117.20           6.1938
 02001   8.07 %  2017               5.00          117.38           6.1762
 02001   8.07 %  2017               5.00          117.28           6.1860
 02001   8.07 %  2017               5.00          117.27           6.1870
 02001   8.07 %  2017               5.00          117.30           6.1840
 02001   8.07 %  2017               5.00          117.30           6.1840
 02001   8.07 %  2017               5.00          117.30           6.1840
 02001   8.07 %  2017               5.00          117.25           6.1889
 02001   8.07 %  2017               5.00          117.20           6.1938
 02001   8.07 %  2017               5.00          117.36           6.1782
 02001   8.07 %  2017               5.00          117.30           6.1840
 02001   8.07 %  2017               5.00          117.20           6.1938
 02001   8.07 %  2017               5.00          117.15           6.1987
 02001   8.07 %  2017               5.00          117.40           6.1743
 02001   8.07 %  2017               5.00          117.00           6.2134
 02001   8.07 %  2017               5.00          117.25           6.1889
 02001   8.07 %  2017              10.00          117.30           6.1840
 02001   8.07 %  2017               5.00          117.10           6.2036
 02001   8.07 %  2017               5.00          117.22           6.1919
 02001   8.07 %  2017               5.00          117.00           6.2134
 02001   8.07 %  2017               5.00          117.35           6.1791
 02001   8.07 %  2017              10.00          117.00           6.2134
 02001   8.07 %  2017               5.00          117.25           6.1889 02001   8.07 %  2017               0.50          117.35           6.1791
 02001   8.07 %  2017               5.00          117.40           6.1743
 02001   8.07 %  2017               5.00          117.35           6.1791
 02001   8.07 %  2017              10.00          117.35           6.1791
 02001   8.07 %  2017               5.00          117.35           6.1791
 02001   8.07 %  2017               5.00          117.28           6.1860
 02001   8.07 %  2017               5.00          117.20           6.1938
 02001   8.07 %  2017               5.00          117.30           6.1840
 02001   8.07 %  2017               5.00          117.30           6.1840
 02001   8.07 %  2017              10.00          117.15           6.1987
 02001   8.07 %  2017               5.00          117.32           6.1821
 02001   8.07 %  2017               5.00          117.20           6.1938
 02001   8.07 %  2017               5.00          117.37           6.1772
 02001   8.07 %  2017               5.00          117.35           6.1791
 02001   8.07 %  2017               5.00          117.30           6.1840
 02001   8.07 %  2017               5.00          117.40           6.1743
 02001   8.07 %  2017               5.00          117.27           6.1870
 02001   8.07 %  2017               0.50          117.37           6.1772
 02001   8.07 %  2017               5.00          117.40           6.1743
 02001   8.07 %  2017               1.00          117.20           6.1938
 02001   8.07 %  2017               5.00          117.38           6.1762
 02001   8.07 %  2017               5.00          117.32           6.1821
 02001   8.07 %  2017               5.00          117.34           6.1801
 02001   8.07 %  2017               5.00          117.37           6.1772
 02001   8.07 %  2017               5.00          117.38           6.1762
 02001   8.07 %  2017               5.00          117.40           6.1743
 02001   8.07 %  2017               0.20          117.30           6.1840
 02001   8.07 %  2017               3.50          117.19           6.1948
 02001   8.07 %  2017               5.00          117.40           6.1743
 02001   8.07 %  2017               5.00          117.39           6.1752
 02001   8.07 %  2017               5.00          117.30           6.1840
 02001   8.07 %  2017               5.00          117.37           6.1772
 02001   8.07 %  2017               5.00          117.40           6.1743
 02001   8.07 %  2017               5.00          117.39           6.1752
 02001   8.07 %  2017               5.00          117.42           6.1723
 02001   8.07 %  2017               1.00          116.50           6.2627
 02001   8.07 %  2017               5.00          117.37           6.1772
 02001   8.07 %  2017               1.00          117.00           6.2134
 02001   8.07 %  2017               5.00          117.41           6.1733
 02001   8.07 %  2017               5.00          117.41           6.1733
 02001   8.07 %  2017               5.00          117.40           6.1743
 02001   8.07 %  2017               5.00          117.40           6.1743
 02001   8.07 %  2017               1.00          117.27           6.1870
 02001   8.07 %  2017               5.00          117.50           6.1645
 02001   8.07 %  2017               5.00          117.50           6.1645
 02001   8.07 %  2017               5.00          117.35           6.1791
 02001   8.07 %  2017               5.00          117.50           6.1645
 02001   8.07 %  2017               5.00          117.50           6.1645
 02001   8.07 %  2017               5.00          117.42           6.1723
 02001   8.07 %  2017               5.00          117.41           6.1733
 02001   8.07 %  2017               5.00          117.55           6.1596
 02001   8.07 %  2017               5.00          117.60           6.1547
 02001   8.07 %  2017               5.00          117.42           6.1723
 02001   8.07 %  2017               5.00          117.60           6.1547
 02001   8.07 %  2017              60.00          100.00           8.0676
 02001   8.07 %  2017               2.00          117.32           6.1821
 02001   8.07 %  2017               0.05          116.15           6.2973 02007   7.49 %  2017               5.00          111.55           6.2418
 02007   7.49 %  2017               5.00          111.55           6.2418
 02007   7.49 %  2017               2.00          111.35           6.2619
 02007   7.49 %  2017               5.00          111.53           6.2438
 02007   7.49 %  2017               5.00          111.56           6.2408
 02007   7.49 %  2017               5.00          111.56           6.2408
 02007   7.49 %  2017               0.50          111.50           6.2468
 02007   7.49 %  2017               5.00          111.57           6.2398
 02007   7.49 %  2017               5.00          111.56           6.2408
 02007   7.49 %  2017               5.00          111.55           6.2418
 02007   7.49 %  2017               5.00          111.60           6.2368
 02007   7.49 %  2017               5.00          111.60           6.2368
 02007   7.49 %  2017               5.00          111.57           6.2398
 02007   7.49 %  2017               5.00          111.58           6.2388
 02007   7.49 %  2017              25.00          111.60           6.2368
 02007   7.49 %  2017               5.00          111.55           6.2418
 02007   7.49 %  2017               5.00          111.57           6.2398
 02007   7.49 %  2017              10.00          111.60           6.2368
 02007   7.49 %  2017               5.00          111.53           6.2438
 02007   7.49 %  2017               2.00          111.60           6.2368
 02007   7.49 %  2017               2.00          111.60           6.2368
 02007   7.49 %  2017               5.00          111.60           6.2368
 02007   7.49 %  2017               5.00          111.59           6.2378
 02007   7.49 %  2017               5.00          111.68           6.2287
 02007   7.49 %  2017              10.00          111.68           6.2287
 02007   7.49 %  2017               5.00          111.57           6.2398
 02007   7.49 %  2017               0.50          111.48           6.2488
 02007   7.49 %  2017               5.00          111.59           6.2378
 02007   7.49 %  2017              10.00          111.69           6.2277
 02007   7.49 %  2017              10.00          111.60           6.2368
 02007   7.49 %  2017              15.00          111.75           6.2217
 02007   7.49 %  2017              15.00          111.76           6.2207
 02007   7.49 %  2017               5.00          111.70           6.2267
 02007   7.49 %  2017               5.00          111.75           6.2217
 02007   7.49 %  2017               5.00          111.76           6.2207
 02007   7.49 %  2017               5.00          111.80           6.2167
 02007   7.49 %  2017              20.00          100.00           7.4896
 02007   7.49 %  2017               5.00          111.60           6.2368
 02007   7.49 %  2017               0.5658        111.70           6.2267
 02007   7.49 %  2017               5.00          111.70           6.2267
 02014   7.46 %  2017               0.10          100.00           7.4587
 02014   7.46 %  2017               0.06          100.00           7.4587
 02014   7.46 %  2017               5.00          111.48           6.2387
 02014   7.46 %  2017               5.00          111.48           6.2387
 02014   7.46 %  2017              10.00          111.30           6.2565
 02014   7.46 %  2017               5.00          111.51           6.2357
 02014   7.46 %  2017               5.00          111.51           6.2357
 02014   7.46 %  2017               4.00          111.55           6.2318
 02014   7.46 %  2017               5.00          111.40           6.2466
 02014   7.46 %  2017               5.00          111.50           6.2367
 02014   7.46 %  2017               5.00          111.53           6.2338
 02014   7.46 %  2017               5.00          111.42           6.2446
 02014   7.46 %  2017               5.00          111.45           6.2417
 02014   7.46 %  2017               5.00          111.50           6.2367
 02014   7.46 %  2017               5.00          111.45           6.2417
 02014   7.46 %  2017               5.00          111.40           6.2466
 02014   7.46 %  2017               5.00          111.50           6.2367 02014   7.46 %  2017               5.00          111.43           6.2437
 02014   7.46 %  2017               5.00          111.50           6.2367
 02014   7.46 %  2017               5.00          111.49           6.2377
 02014   7.46 %  2017               5.00          111.53           6.2338
 02014   7.46 %  2017               5.00          111.50           6.2367
 02014   7.46 %  2017               5.00          111.51           6.2357
 02014   7.46 %  2017               5.00          111.56           6.2308
 02014   7.46 %  2017              30.00          111.40           6.2466
 02014   7.46 %  2017               5.00          111.50           6.2367
 02014   7.46 %  2017               5.00          111.54           6.2328
 02014   7.46 %  2017               5.00          111.60           6.2269
 02014   7.46 %  2017               5.00          111.40           6.2466
 02014   7.46 %  2017               5.00          111.40           6.2466
 02014   7.46 %  2017               5.00          111.44           6.2427
 02014   7.46 %  2017               5.00          111.42           6.2446
 02014   7.46 %  2017               5.00          111.44           6.2427
 02014   7.46 %  2017               5.00          111.54           6.2328
 02014   7.46 %  2017               5.00          111.50           6.2367
 02014   7.46 %  2017               5.00          111.45           6.2417
 02014   7.46 %  2017               0.75          111.43           6.2437
 02014   7.46 %  2017               5.00          111.35           6.2516
 02014   7.46 %  2017               5.00          111.65           6.2219
 02014   7.46 %  2017               5.00          111.54           6.2328
 02014   7.46 %  2017               1.60          111.65           6.2219
 02014   7.46 %  2017               5.00          111.60           6.2269
 02014   7.46 %  2017               0.50          111.52           6.2348
 02014   7.46 %  2017               5.00          111.40           6.2466
 02014   7.46 %  2017               1.00          111.45           6.2417
 02014   7.46 %  2017               5.00          111.48           6.2387
 02014   7.46 %  2017               5.00          111.45           6.2417
 02014   7.46 %  2017               5.00          111.65           6.2219
 02014   7.46 %  2017               0.25          111.32           6.2545
 02014   7.46 %  2017               0.25          111.41           6.2456
 02014   7.46 %  2017               1.00          111.45           6.2417
 02014   7.46 %  2017               5.00          111.65           6.2219
 02014   7.46 %  2017               0.50          111.46           6.2407
 02014   7.46 %  2017               5.00          111.44           6.2427
 02014   7.46 %  2017               1.12          110.80           6.3062
 02014   7.46 %  2017               0.21          110.80           6.3062
 02014   7.46 %  2017               0.25          111.50           6.2367
 02014   7.46 %  2017               5.00          111.74           6.2131
 02014   7.46 %  2017               2.00          111.46           6.2407
 02014   7.46 %  2017               5.00          111.64           6.2229
 02014   7.46 %  2017               0.09          110.80           6.3062
 02014   7.46 %  2017               5.00          111.65           6.2219
 02014   7.46 %  2017               5.00          111.77           6.2101
 02014   7.46 %  2017               5.00          111.75           6.2121
 02014   7.46 %  2017               2.00          111.50           6.2367
 02014   7.46 %  2017               5.00          111.72           6.2150
 02014   7.46 %  2017               2.00          111.50           6.2367
 02014   7.46 %  2017               5.00          111.74           6.2131
 02014   7.46 %  2017               5.00          111.63           6.2239
 02014   7.46 %  2017               5.00          111.74           6.2131
 02014   7.46 %  2017               5.00          111.52           6.2348
 02014   7.46 %  2017               5.00          111.78           6.2091
 02014   7.46 %  2017               5.00          111.80           6.2072
 02014   7.46 %  2017               5.00          111.80           6.2072 02014   7.46 %  2017               5.00          111.65           6.2219
 02014   7.46 %  2017               5.00          111.85           6.2022
 02014   7.46 %  2017              10.00          111.85           6.2022
 02014   7.46 %  2017               5.00          111.85           6.2022
 02014   7.46 %  2017               5.00          111.74           6.2131
 02014   7.46 %  2017               5.00          111.79           6.2081
 02014   7.46 %  2017               5.00          111.85           6.2022
 02014   7.46 %  2017               5.00          111.65           6.2219
 02014   7.46 %  2017               5.00          112.00           6.1875
 02014   7.46 %  2017               5.00          111.72           6.2150
 02014   7.46 %  2017               5.00          111.66           6.2210
 02014   7.46 %  2017               5.00          111.89           6.1983
 02014   7.46 %  2017               5.00          111.92           6.1954
 02014   7.46 %  2017               5.00          111.94           6.1934
 02014   7.46 %  2017              25.00          100.00           7.4587
 02014   7.46 %  2017               5.00          111.65           6.2219
 02014   7.46 %  2017               1.00          111.50           6.2367
 03003   6.25 %  2018               5.00          100.00           6.2487
 03003   6.25 %  2018               0.10          100.00           6.2487
 03003   6.25 %  2018               0.25          100.00           6.2487
 03003   6.25 %  2018               0.25          100.00           6.2487
 03003   6.25 %  2018              10.00          100.00           6.2487
 03003   6.25 %  2018               0.50          100.80           6.1654
 03003   6.25 %  2018               2.00          101.00           6.1446
 03003   6.25 %  2018              10.00          101.05           6.1395
 03003   6.25 %  2018               2.00          101.50           6.0931
 03003   6.25 %  2018               2.00          101.40           6.1034
 03003   6.25 %  2018               0.05          101.35           6.1085
 03003   6.25 %  2018               0.95          101.35           6.1085
 01004  10.45 %  2018               0.15          100.00          10.4480
 01004  10.45 %  2018               0.80          100.00          10.4480
 01008  10.03 %  2019               5.00          136.35           6.4071
 01008  10.03 %  2019              25.00          136.60           6.3871
 01008  10.03 %  2019              10.00          136.60           6.3871
 01008  10.03 %  2019              10.00          136.65           6.3831
 01008  10.03 %  2019              25.00          136.70           6.3792
 01008  10.03 %  2019              10.00          136.70           6.3792
 01008  10.03 %  2019               5.00          136.64           6.3839
 01006  10.25 %  2021               5.00          140.40           6.4412
 01006  10.25 %  2021               5.00          140.40           6.4412
 01006  10.25 %  2021               5.00          140.50           6.4339
 01006  10.25 %  2021               5.00          140.40           6.4412
 01006  10.25 %  2021              10.00          140.60           6.4265
 01006  10.25 %  2021              10.00          140.60           6.4265
 01006  10.25 %  2021              25.00          140.60           6.4265
 01006  10.25 %  2021               5.00          140.60           6.4265
 01006  10.25 %  2021               5.00          140.70           6.4192
 01006  10.25 %  2021              10.00          140.55           6.4302
 01006  10.25 %  2021               5.00          140.67           6.4214
 02011   8.35 %  2022               5.00          121.40           6.3930
 02011   8.35 %  2022               5.00          121.50           6.3851
 02011   8.35 %  2022               5.00          121.50           6.3851
 02011   8.35 %  2022              10.00          121.50           6.3851
 02011   8.35 %  2022               5.00          121.55           6.3811
 02011   8.35 %  2022               5.00          121.45           6.3891
 02011   8.35 %  2022              10.00          121.59           6.3780
 02011   8.35 %  2022               5.00          121.45           6.3891 02011   8.35 %  2022               5.00          121.60           6.3772
 02011   8.35 %  2022               5.00          121.60           6.3772
 02011   8.35 %  2022               5.00          121.45           6.3891
 02011   8.35 %  2022               5.00          121.66           6.3724
 02011   8.35 %  2022               5.00          121.65           6.3732
 02011   8.35 %  2022              10.00          121.65           6.3732
 02011   8.35 %  2022              10.00          121.65           6.3732
 02011   8.35 %  2022               5.00          121.70           6.3692
 02011   8.35 %  2022               5.00          121.80           6.3613
 02011   8.35 %  2022               5.00          121.74           6.3661
 02011   8.35 %  2022              25.00          121.70           6.3692
 02011   8.35 %  2022               5.00          121.80           6.3613
 02011   8.35 %  2022              25.00          121.75           6.3653
 02011   8.35 %  2022               5.00          121.75           6.3653
 02011   8.35 %  2022               5.00          121.55           6.3811
 02011   8.35 %  2022               5.00          121.60           6.3772
 02011   8.35 %  2022               5.00          121.55           6.3811
 02011   8.35 %  2022               5.00          121.80           6.3613
 02011   8.35 %  2022              10.00          121.75           6.3653
 02011   8.35 %  2022               5.00          121.70           6.3692
 02011   8.35 %  2022               1.00          121.30           6.4010
 02011   8.35 %  2022               5.00          121.75           6.3653
 02011   8.35 %  2022              10.00          121.74           6.3661
 02011   8.35 %  2022               5.00          121.70           6.3692
 02011   8.35 %  2022               5.00          121.70           6.3692
 02011   8.35 %  2022               1.00          121.49           6.3859
 02011   8.35 %  2022               5.00          121.75           6.3653
 02011   8.35 %  2022               5.00          121.80           6.3613
 02011   8.35 %  2022               5.00          121.70           6.3692
 02011   8.35 %  2022              10.00          121.79           6.3621
 02011   8.35 %  2022               5.00          121.76           6.3645
 02011   8.35 %  2022               5.00          121.58           6.3787
 02011   8.35 %  2022               5.00          121.76           6.3645
 02011   8.35 %  2022               5.00          121.80           6.3613
 02011   8.35 %  2022               5.00          121.83           6.3590
 02011   8.35 %  2022               5.00          121.83           6.3590
 02011   8.35 %  2022               5.00          121.80           6.3613
 02011   8.35 %  2022               5.00          121.90           6.3534
 02011   8.35 %  2022              10.00          121.88           6.3550
 02011   8.35 %  2022               5.00          121.88           6.3550
 02011   8.35 %  2022              10.00          121.83           6.3590
 02011   8.35 %  2022               5.00          121.89           6.3542
 02011   8.35 %  2022               5.00          121.78           6.3629
 02011   8.35 %  2022               5.00          121.85           6.3574
 02011   8.35 %  2022               5.00          121.93           6.3511
 02011   8.35 %  2022               5.00          121.91           6.3526
 02011   8.35 %  2022              10.00          100.00           8.3485
 02011   8.35 %  2022               4.00          121.25           6.4050
 01010  10.18 %  2026               0.28          144.25           6.4814
 01010  10.18 %  2026               5.00          143.75           6.5129
 01010  10.18 %  2026              20.00          143.75           6.5129
 01010  10.18 %  2026              10.00          144.00           6.4972
 01010  10.18 %  2026               5.00          144.00           6.4972
 01010  10.18 %  2026              10.00          143.75           6.5129
 01010  10.18 %  2026               5.00          144.05           6.4940
 01010  10.18 %  2026               5.00          144.05           6.4940
 01010  10.18 %  2026               5.00          144.00           6.4972 02015   7.95 %  2032               0.127         100.00           7.9488
 02015   7.95 %  2032               5.00          118.70           6.5129
 02015   7.95 %  2032               5.00          118.70           6.5129
 02015   7.95 %  2032               5.00          118.83           6.5042
 02015   7.95 %  2032              10.00          118.92           6.4982
 02015   7.95 %  2032               5.00          118.92           6.4982
     Total                       5807.4616
B. State Government Securities
          Contract Date : April 05, 2003
 96222 13.85% ORISSA SDL 2006      23.00          120.42          6.4891
 96228 13.85% UTTAR PRADESH SDL
       2006                        20.00          120.42          6.4891
 98203 12.15% ASSAM SDL 2008        5.00          124.27          6.4350
 98223 12.15% UTTAR PRADESH SDL
       2008                         7.00          124.27          6.4350
          Contract Date : April 07, 2003
 97236 13.05% KERALA SDL 2007       5.00          100.00         13.0425
 98212 12.15% MAHARASHTRA SDL
       2008                         0.04          100.00         12.1467
 99216 12.25% MAHARASHTRA SDL
       2009                         2.00          100.00         12.2469
 01224 10.53% KERALA GOVT STOCK
       2011                         0.0025        100.00         10.5285
 02242 8.00% M.P. SDL 2012          0.50          105.50          7.1549
 02243 8.00% MAHARASHTRA SDL
       2012                         0.20          106.35          7.0295
 02341 6.80% TAMILNADU SDL 2012     0.0024        100.00          6.7980
 02332 6.80% KARNATAKA SDL 2012     0.0037        100.00          6.7980
 02327 6.80% GUJARAT SDL 2012       0.0007        100.00          6.7980
 03210 6.95% GUJARAT SDL 2013       0.25          101.10          6.7939
 03210 6.95% GUJARAT SDL 2013       0.25          100.90          6.8219
 03215 6.95% KARNATAKA SDL 2013     0.03          100.95          6.8149
     Total                         63.2793
C. Treasury Bills
   (i) 14 Day Bills (Maturity-wise)
       (DD/MM/YYYY)
                                           NIL
   (ii) 91 Day Bills (Maturity-wise)
       (DD/MM/YYYY)
          Contract Date : April 07, 2003
        09/05/2003                  1.14           99.5158         5.5346
        09/05/2003                  1.00           99.5358         5.3049
        16/05/2003                  5.00           99.4348         5.3052
        23/05/2003                  5.22           99.3328         5.3150
        23/05/2003                  2.00           99.3340         5.3054
        23/05/2003                 10.00           99.3365         5.2854
        20/06/2003                  3.05           98.9111         5.4152
        04/07/2003                  5.71           98.7313         5.3152
        04/07/2003                  1.77           98.7313         5.3152
        04/07/2003                  3.00           98.7383         5.2855
        04/07/2003                 10.50           98.7266         5.3352
        04/07/2003                 10.00           98.7383         5.2855
        04/07/2003                 10.00           98.7383         5.2855
        04/07/2003                 20.00           98.7383         5.2855
     Total                         88.39   (iii) 182 Day Bills (Maturity-wise)
       (DD/MM/YYYY)
                                           NIL
   (iv) 364 Day Bills (Maturity-wise)
       (DD/MM/YYYY)
          Contract Date : April 05, 2003
        16/05/2003                 50.00           99.4316         5.0751
        25/07/2003                 35.00           98.4275         5.2391
        19/09/2003                 25.00           97.6386         5.2715
        03/10/2003                 17.00           97.4294         5.3060
        31/10/2003                  1.72           96.9878         5.4091
        14/11/2003                  6.00           96.8453         5.3171
        02/04/2004                 15.00           94.9745         5.3060
        02/04/2004                 15.00           94.9300         5.3555
          Contract Date : April 07, 2003
        16/05/2003                 25.00           99.4158         5.4846
        22/08/2003                  1.00           97.9954         5.4350
        31/10/2003                 10.00           97.0739         5.3005
        14/11/2003                 25.00           96.8851         5.2954
        28/11/2003                 15.00           96.6702         5.3353
        12/12/2003                 43.6375         96.4788         5.3353
        23/01/2004                 35.00           95.8945         5.3553
        23/01/2004                 15.00           95.9091         5.3354
        06/02/2004                 10.00           95.7208         5.3353
        20/02/2004                 25.00           95.5092         5.3652
        19/03/2004                  1.00           95.1600         5.3353
        19/03/2004                  2.085          95.1342         5.3652
        19/03/2004                 10.00           95.1342         5.3652
        02/04/2004                 25.00           94.9300         5.3852
        02/04/2004                 30.00           94.9300         5.3852
        02/04/2004                 15.00           94.9344         5.3802
        02/04/2004                 25.00           94.9300         5.3852
        02/04/2004                 25.00           94.9300         5.3852
        02/04/2004                 50.00           94.9300         5.3852
        02/04/2004                 50.00           94.9300         5.3852
        02/04/2004                 20.00           94.9389         5.3752
        02/04/2004                 25.00           94.9656         5.3453
        02/04/2004                 20.00           94.9389         5.3752
     Total                        667.4425
II.  REPO Transactions *
    (Other than with RBI)
---------------------------------------------------------------------------
 Loan  Nomenclature                Amount      Price *   Repo Rate   Repo
 Code                            (Face Value) Per Rs.100   (%pa)    Period
                                 (in Rs.Crore) Nominal              (Days)
           (1)                      (2)          (3)        (4)      (5)
---------------------------------------------------------------------------
A. Government of India Dated Securities
 97007  12.59 %  2004             152.00      107.99        4.50       9
 00011  10.20 %  2005               6.00      109.70        4.60       1
 97010  11.19 %  2005              45.00      112.20        4.55       2
 00013  11.00 %  2006              50.00      116.00        4.60       1
 01012   5.72 %  2006             150.00      100.00        4.55       2
 01012   5.72 %  2006             150.00      100.00        4.55       2
 01012   5.72 %  2006             150.00      100.00        4.55       2 01012   5.72 %  2006              50.00      100.00        4.55       2
 01012   5.72 %  2006             125.00      100.00        4.50       3
 00016  11.40 %  2008              20.00      125.85        4.75       1
 01013   5.68 %  2009             160.00      100.00        4.75       1
 01013   5.68 %  2009             138.00      100.00        4.80       2
 01013   5.68 %  2009             138.00      100.00        0.00       2
 99005  12.32 %  2011              36.00      136.50        4.60       1
 99005  12.32 %  2011              22.00      136.50        4.50       1
 01007   9.39 %  2011              20.12      121.70        4.80       2
 00017  11.50 %  2011(NOV) 20      36.00      135.65        4.60       1
 00017  11.50 %  2011(NOV) 20      75.00      135.80        4.80       2
 00017  11.50 %  2011(NOV) 20      41.00      135.90        2.00       1
 02006   6.85 %  2012              12.40      105.75        4.75       1
 00012  11.03 %  2012              40.00      134.20        4.60       1
 00012  11.03 %  2012              40.00      134.00        5.25      14
 00012  11.03 %  2012              35.00      134.50        4.80       2
 01009   9.40 %  2012              24.00      123.00        4.80       1
 01009   9.40 %  2012              15.00      123.00        4.80       2
 99020  11.83 %  2014              15.00      145.00        4.00       2
 01001  10.47 %  2015              50.00      134.50        4.90       9
 02018   7.38 %  2015               5.00      111.00        5.15       1
 01011   9.85 %  2015               5.00      131.95        4.70       1
 02012   5.92 %  2017              40.00      100.00        4.60       1
 02012   5.92 %  2017             150.00      100.00        4.50       1
 02012   5.92 %  2017             150.00      100.00        4.60       1
 02012   5.92 %  2017             150.00      100.00        4.60       1
 02012   5.92 %  2017             150.00      100.00        4.55       1
 02012   5.92 %  2017             150.00      100.00        4.40       1
 02012   5.92 %  2017              50.00      100.00        4.40       1
 02012   5.92 %  2017              40.00      100.00        4.50       1
 02012   5.92 %  2017             150.00      100.00        4.55       2
 02012   5.92 %  2017              50.00      100.00        4.50       1
 02012   5.92 %  2017              50.00      100.00        4.50       1
 02012   5.92 %  2017              30.00      100.00        4.50       1
 02012   5.92 %  2017             150.00      100.00        4.50       1
 02012   5.92 %  2017              50.00      100.00        4.50       1
 02012   5.92 %  2017              18.50      100.00        4.00       1
 02012   5.92 %  2017              95.00      100.00        2.00       1
 02014   7.46 %  2017              40.00      111.30        4.70       1
 00008  10.70 %  2020               2.50      143.00        6.25       1
     Total                       3321.52
B. State Government Securities
                                           NIL
C. Treasury Bills
   (i) 14 Day Bills (Maturity-wise)
      (DD/MM/YYYY)
                                           NIL
   (ii) 91 Day Bills (Maturity-wise)
      (DD/MM/YYYY)
                                           NIL
   (iii) 182 Day Bills (Maturity-wise)
      (DD/MM/YYYY)
                                           NIL
   (iv) 364 Day Bills (Maturity-wise)
       (DD/MM/YYYY)
        18/04/2003                100.00       99.8330      4.50       1
        11/07/2003                 50.00       98.5760      4.75       1     Total                        150.00
-----------------------------------------------------------------------------
----
* Relate to the first leg of Repos
# YTM(indicative) will depend upon assumed rate of inflation
Date :  07 April 2003