Subsidiary General Ledger Account Transactions
in Government Dated Securities and Treasury Bills
at RBI, Mumbai on 09 January 2003
---------------------------------------------------------------------------
 Loan  Nomenclature              Amount           Price *        YTM %
 Code                            (Face Value)     Per Rs.100   Indicative
                                 (in Rs.Crore)    nominal
---------------------------------------------------------------------------
I.  Outright Transactions
A.Government of India Dated Securities
          Contract Date : January 08, 2003
 00016  11.40 %  2008              25.00          127.31           5.6763
 02006   6.85 %  2012               0.25          106.25           5.9589
 02009   7.40 %  2012              25.00          109.86           6.0015
 02009   7.40 %  2012              30.00          109.915          5.9942
 01009   9.40 %  2012              25.00          124.33           6.0404
 02018   7.38 %  2015              25.00          111.73           6.0394
 02001   8.07 %  2017               5.00          118.08           6.1291
 02001   8.07 %  2017               0.25          118.12           6.1253
 02007   7.49 %  2017              10.00          112.78           6.1320
 02014   7.46 %  2017               5.00          112.80           6.1224
 02014   7.46 %  2017               0.45          112.88           6.1147
 02014   7.46 %  2017               0.25          112.81           6.1214
 02014   7.46 %  2017               0.25          112.84           6.1185
 02014   7.46 %  2017               0.25          112.85           6.1176
 02014   7.46 %  2017               5.00          112.60           6.1416
 02014   7.46 %  2017               5.00          112.60           6.1416
 02014   7.46 %  2017               5.00          112.65           6.1368
 02014   7.46 %  2017               5.00          112.60           6.1416
 02011   8.35 %  2022               5.00          122.40           6.3255
 02011   8.35 %  2022               5.00          122.45           6.3216
          Contract Date : January 09, 2003
 98004  11.10 %  2003              50.00          101.355          5.3696
 98004  11.10 %  2003              50.00          101.355          5.3696
 98004  11.10 %  2003              50.00          101.355          5.3696
 98004  11.10 %  2003              50.00          101.35           5.3898
 97008  11.83 %  2003              20.00          103.21           5.5035
 97008  11.83 %  2003              15.00          103.21           5.5035
 94003  12.50 %  2004              25.00          108.125          5.4288
 94003  12.50 %  2004               5.00          108.12           5.4329
 97010  11.19 %  2005               5.00          113.555          5.5018
 97001  13.65 %  2007               0.01          128.200          5.8395
 97001  13.65 %  2007               0.10          128.200          5.8395
 97002  13.05 %  2007               5.00          127.62           5.6913
 97002  13.05 %  2007               5.00          127.65           5.6844
 98009  11.90 %  2007               5.00          124.12           5.6156
 98007  12.00 %  2008               5.00          128.19           5.7617
 98007  12.00 %  2008              10.00          128.19           5.7617
 98007  12.00 %  2008               5.00          128.19           5.7617
 00016  11.40 %  2008               5.00          127.27           5.6815
 00016  11.40 %  2008              15.00          127.27           5.6815 00016  11.40 %  2008              10.00          127.27           5.6815
 00016  11.40 %  2008              10.00          127.26           5.6833
 00016  11.40 %  2008              15.00          127.27           5.6815
 00016  11.40 %  2008              10.00          127.265          5.6824
 00016  11.40 %  2008               5.00          127.29           5.6779
 00016  11.40 %  2008              10.00          127.27           5.6815
 00016  11.40 %  2008               5.00          127.27           5.6815
 00016  11.40 %  2008              10.00          127.29           5.6779
 00016  11.40 %  2008               5.00          127.29           5.6779
 00016  11.40 %  2008               5.00          127.29           5.6779
 00016  11.40 %  2008               5.00          127.30           5.6761
 98023  12.25 %  2008               2.05          129.700          5.9857
 02004   6.96 %  2009               5.00          104.80           6.0215
 02004   6.96 %  2009               5.00          104.80           6.0215
 02004   6.96 %  2009               5.00          104.75           6.0310
 02004   6.96 %  2009              10.00          104.75           6.0310
 02004   6.96 %  2009               5.00          104.75           6.0310
 02005   6.65 %  2009               5.00          104.57           5.7652
 99006  11.99 %  2009              10.00          131.89           5.8214
 99006  11.99 %  2009              15.00          131.89           5.8214
 80003   7.50 %  2010               1.00          107.00           6.2926
 02010   7.55 %  2010              25.00          110.09           5.8395
 02010   7.55 %  2010               5.00          110.05           5.8459
 02010   7.55 %  2010               5.00          110.05           5.8459
 02010   7.55 %  2010               5.00          110.05           5.8459
 02010   7.55 %  2010               5.00          110.03           5.8491
 02010   7.55 %  2010               4.00          110.10           5.8379
 02010   7.55 %  2010               1.00          110.12           5.8347
 02010   7.55 %  2010               0.20          110.11           5.8363
 02010   7.55 %  2010               5.00          110.04           5.8475
 00014  11.30 %  2010              10.00          132.70           5.8755
 00014  11.30 %  2010               5.00          132.70           5.8755
 00014  11.30 %  2010               5.00          132.72           5.8727
 00014  11.30 %  2010               5.00          132.72           5.8727
 00014  11.30 %  2010              10.00          132.65           5.8824
 00014  11.30 %  2010               5.00          132.72           5.8727
 00014  11.30 %  2010              15.00          132.60           5.8893
 81005   8.00 %  2011               5.00          111.45           6.2113
 81005   8.00 %  2011               0.50          111.50           6.2040
 81005   8.00 %  2011               0.50          110.75           6.3137
 00010  10.95 %  2011               5.00          131.85           6.0516
 00010  10.95 %  2011               5.00          131.85           6.0516
 00010  10.95 %  2011               5.00          131.91           6.0439
 00010  10.95 %  2011               5.00          131.89           6.0464
 00010  10.95 %  2011              10.00          131.80           6.0580
 00010  10.95 %  2011              10.00          131.80           6.0580
 00010  10.95 %  2011               5.00          131.76           6.0632
 00010  10.95 %  2011               5.00          131.75           6.0644
 00010  10.95 %  2011              10.00          131.79           6.0593
 00010  10.95 %  2011              10.00          131.80           6.0580
 00010  10.95 %  2011               5.00          131.78           6.0606
 00010  10.95 %  2011               5.00          131.80           6.0580
 01007   9.39 %  2011               5.00          122.44           5.9779
 01007   9.39 %  2011               5.00          122.41           5.9819
 01007   9.39 %  2011               5.00          122.40           5.9832
 01007   9.39 %  2011               5.00          122.35           5.9899
 01007   9.39 %  2011               5.00          122.35           5.9899 01007   9.39 %  2011              10.00          122.38           5.9859
 01007   9.39 %  2011               5.00          122.40           5.9832
 01007   9.39 %  2011               5.00          122.40           5.9832
 01007   9.39 %  2011               5.00          122.40           5.9832
 01007   9.39 %  2011               5.00          122.42           5.9806
 01007   9.39 %  2011               5.00          122.43           5.9792
 01007   9.39 %  2011               5.00          122.42           5.9806
 01007   9.39 %  2011              10.00          122.43           5.9792
 01007   9.39 %  2011               5.00          122.45           5.9765
 01007   9.39 %  2011               5.00          122.47           5.9739
 01007   9.39 %  2011               5.00          122.47           5.9739
 01007   9.39 %  2011               5.00          122.41           5.9819
 01007   9.39 %  2011               5.00          122.40           5.9832
 01007   9.39 %  2011              10.00          122.47           5.9739
 01007   9.39 %  2011               5.00          122.42           5.9806
 01007   9.39 %  2011               5.00          122.42           5.9806
 01007   9.39 %  2011               5.00          122.47           5.9739
 01007   9.39 %  2011               5.00          122.47           5.9739
 01007   9.39 %  2011               5.00          122.40           5.9832
 01007   9.39 %  2011               5.00          122.41           5.9819
 01007   9.39 %  2011               5.00          122.45           5.9765
 01007   9.39 %  2011               5.00          122.45           5.9765
 01007   9.39 %  2011               5.00          122.41           5.9819
 01007   9.39 %  2011               5.00          122.42           5.9806
 01007   9.39 %  2011              10.00          122.47           5.9739
 01007   9.39 %  2011               5.00          122.46           5.9752
 01007   9.39 %  2011               5.00          122.42           5.9806
 01007   9.39 %  2011              10.00          122.40           5.9832
 01007   9.39 %  2011               5.00          122.45           5.9765
 01007   9.39 %  2011               5.00          122.40           5.9832
 01007   9.39 %  2011               5.00          122.42           5.9806
 01007   9.39 %  2011               5.00          122.40           5.9832
 01007   9.39 %  2011               5.00          122.37           5.9872
 01007   9.39 %  2011               5.00          122.41           5.9819
 01007   9.39 %  2011              10.00          122.41           5.9819
 01007   9.39 %  2011               5.00          122.37           5.9872
 01007   9.39 %  2011              10.00          122.37           5.9872
 01007   9.39 %  2011              10.00          122.32           5.9939
 01007   9.39 %  2011               5.00          122.33           5.9926
 01007   9.39 %  2011              15.00          122.33           5.9926
 01007   9.39 %  2011               5.00          122.35           5.9899
 01007   9.39 %  2011               5.00          122.32           5.9939
 01007   9.39 %  2011               5.00          122.32           5.9939
 01007   9.39 %  2011               5.00          122.35           5.9899
 01007   9.39 %  2011               5.00          122.40           5.9832
 01007   9.39 %  2011               5.00          122.46           5.9752
 01007   9.39 %  2011               5.00          122.405          5.9826
 01007   9.39 %  2011              25.00          122.45           5.9765
 00017  11.50 %  2011               5.00          137.44           5.9960
 00017  11.50 %  2011              10.00          137.43           5.9972
 00017  11.50 %  2011               5.00          137.43           5.9972
 00017  11.50 %  2011               5.00          137.44           5.9960
 00017  11.50 %  2011               5.00          137.40           6.0008
 00017  11.50 %  2011               5.00          137.40           6.0008
 00017  11.50 %  2011               5.00          137.40           6.0008
 00017  11.50 %  2011               5.00          137.45           5.9949
 00017  11.50 %  2011              10.00          137.45           5.9949 00017  11.50 %  2011               5.00          137.45           5.9949
 00017  11.50 %  2011               5.00          137.37           6.0044
 00017  11.50 %  2011               5.00          137.45           5.9949
 00017  11.50 %  2011               5.00          137.45           5.9949
 00017  11.50 %  2011               5.00          137.39           6.0020
 00017  11.50 %  2011               5.00          137.39           6.0020
 00017  11.50 %  2011              15.00          137.40           6.0008
 00017  11.50 %  2011               5.00          137.39           6.0020
 00017  11.50 %  2011               5.00          137.40           6.0008
 00017  11.50 %  2011               5.00          137.39           6.0020
 00017  11.50 %  2011               5.00          137.40           6.0008
 00017  11.50 %  2011               5.00          137.40           6.0008
 00017  11.50 %  2011               5.00          137.38           6.0032
 00017  11.50 %  2011               5.00          137.38           6.0032
 00017  11.50 %  2011               5.00          137.41           5.9996
 00017  11.50 %  2011               5.00          137.35           6.0068
 00017  11.50 %  2011               5.00          137.35           6.0068
 00017  11.50 %  2011               5.00          137.28           6.0152
 00017  11.50 %  2011              10.00          137.39           6.0020
 00017  11.50 %  2011               5.00          137.32           6.0104
 00017  11.50 %  2011               5.00          137.27           6.0164
 00017  11.50 %  2011               5.00          137.28           6.0152
 00017  11.50 %  2011               5.00          137.32           6.0104
 00017  11.50 %  2011               5.00          137.30           6.0128
 00017  11.50 %  2011               5.00          137.30           6.0128
 00017  11.50 %  2011               5.00          137.30           6.0128
 00017  11.50 %  2011               5.00          137.27           6.0164
 00017  11.50 %  2011               5.00          137.28           6.0152
 00017  11.50 %  2011               5.00          137.33           6.0092
 00017  11.50 %  2011               5.00          137.44           5.9960
 00017  11.50 %  2011               5.00          137.40           6.0008
 00017  11.50 %  2011               5.00          137.45           5.9949
 00017  11.50 %  2011               5.00          137.42           5.9984
 02006   6.85 %  2012               1.00          106.18           5.9683
 02006   6.85 %  2012               1.00          105.95           5.9999
 02006   6.85 %  2012               0.50          106.16           5.9711
 02006   6.85 %  2012               0.50          106.10           5.9793
 02009   7.40 %  2012               5.00          109.95           5.9892
 02009   7.40 %  2012              10.00          109.85           6.0025
 02009   7.40 %  2012              15.00          109.85           6.0025
 02009   7.40 %  2012               5.00          109.87           5.9999
 02009   7.40 %  2012              10.00          109.85           6.0025
 02009   7.40 %  2012               5.00          109.87           5.9999
 02009   7.40 %  2012              10.00          109.87           5.9999
 02009   7.40 %  2012               5.00          109.85           6.0025
 02009   7.40 %  2012              10.00          109.87           5.9999
 02009   7.40 %  2012               5.00          109.88           5.9985
 02009   7.40 %  2012              10.00          109.85           6.0025
 02009   7.40 %  2012               5.00          109.89           5.9972
 02009   7.40 %  2012              10.00          109.89           5.9972
 02009   7.40 %  2012               5.00          109.89           5.9972
 02009   7.40 %  2012               5.00          109.88           5.9985
 02009   7.40 %  2012               5.00          109.86           6.0012
 02009   7.40 %  2012              10.00          109.85           6.0025
 02009   7.40 %  2012              15.00          109.925          5.9925
 02009   7.40 %  2012               5.00          109.86           6.0012
 02009   7.40 %  2012              10.00          109.95           5.9892 02009   7.40 %  2012               5.00          109.87           5.9999
 02009   7.40 %  2012               5.00          109.89           5.9972
 02009   7.40 %  2012               5.00          109.90           5.9959
 02009   7.40 %  2012               5.00          109.90           5.9959
 02009   7.40 %  2012               5.00          109.85           6.0025
 02009   7.40 %  2012               5.00          109.85           6.0025
 02009   7.40 %  2012               5.00          109.85           6.0025
 02009   7.40 %  2012               5.00          109.85           6.0025
 02009   7.40 %  2012               5.00          109.88           5.9985
 02009   7.40 %  2012               5.00          109.88           5.9985
 02009   7.40 %  2012               5.00          109.86           6.0012
 02009   7.40 %  2012               5.00          109.87           5.9999
 02009   7.40 %  2012               5.00          109.89           5.9972
 02009   7.40 %  2012               5.00          109.86           6.0012
 02009   7.40 %  2012               5.00          109.88           5.9985
 02009   7.40 %  2012               5.00          109.84           6.0039
 02009   7.40 %  2012               5.00          109.84           6.0039
 02009   7.40 %  2012              10.00          109.86           6.0012
 02009   7.40 %  2012               5.00          109.86           6.0012
 02009   7.40 %  2012              10.00          109.90           5.9959
 02009   7.40 %  2012               5.00          109.91           5.9945
 02009   7.40 %  2012               5.00          109.865          6.0005
 02009   7.40 %  2012               5.00          109.89           5.9972
 02009   7.40 %  2012               5.00          109.90           5.9959
 02009   7.40 %  2012               5.00          109.86           6.0012
 02009   7.40 %  2012               0.50          109.86           6.0012
 02009   7.40 %  2012               5.00          109.86           6.0012
 02009   7.40 %  2012               5.00          109.86           6.0012
 02009   7.40 %  2012              10.00          109.86           6.0012
 02009   7.40 %  2012               5.00          109.83           6.0052
 02009   7.40 %  2012               5.00          109.86           6.0012
 02009   7.40 %  2012               5.00          109.90           5.9959
 02009   7.40 %  2012               5.00          109.87           5.9999
 02009   7.40 %  2012               5.00          109.85           6.0025
 02009   7.40 %  2012               5.00          109.86           6.0012
 02009   7.40 %  2012               0.50          109.89           5.9972
 02009   7.40 %  2012              10.00          109.85           6.0025
 02009   7.40 %  2012              10.00          109.845          6.0032
 02009   7.40 %  2012               5.00          109.84           6.0039
 02009   7.40 %  2012               5.00          109.85           6.0025
 02009   7.40 %  2012              10.00          109.85           6.0025
 02009   7.40 %  2012               0.10          109.95           5.9892
 02009   7.40 %  2012               5.00          109.84           6.0039
 02009   7.40 %  2012               0.25          109.88           5.9985
 02009   7.40 %  2012               5.00          109.87           5.9999
 02009   7.40 %  2012               5.00          109.87           5.9999
 02009   7.40 %  2012               5.00          109.82           6.0065
 02009   7.40 %  2012               5.00          109.80           6.0092
 02009   7.40 %  2012               0.75          109.88           5.9985
 02009   7.40 %  2012               5.00          109.81           6.0079
 02009   7.40 %  2012               5.00          109.78           6.0119
 02009   7.40 %  2012               1.00          109.90           5.9959
 02009   7.40 %  2012               0.50          109.91           5.9945
 02009   7.40 %  2012               5.00          109.79           6.0105
 02009   7.40 %  2012               5.00          109.785          6.0112
 02009   7.40 %  2012               5.00          109.80           6.0092
 02009   7.40 %  2012              10.00          109.85           6.0025 02009   7.40 %  2012               0.25          109.80           6.0092
 02009   7.40 %  2012               0.25          109.82           6.0065
 02009   7.40 %  2012               0.25          109.92           5.9932
 02009   7.40 %  2012               1.00          110.15           5.9625
 02009   7.40 %  2012               5.00          109.85           6.0025
 02009   7.40 %  2012               5.00          109.86           6.0012
 02009   7.40 %  2012               5.00          109.90           5.9959
 02009   7.40 %  2012               5.00          109.88           5.9985
 02009   7.40 %  2012               5.00          109.85           6.0025
 02009   7.40 %  2012               5.00          109.85           6.0025
 00012  11.03 %  2012               5.00          135.77           6.0366
 00012  11.03 %  2012               5.00          135.77           6.0366
 00012  11.03 %  2012               5.00          135.78           6.0355
 00012  11.03 %  2012               5.00          135.80           6.0332
 00012  11.03 %  2012               5.00          135.82           6.0309
 00012  11.03 %  2012              10.00          135.82           6.0309
 00012  11.03 %  2012               5.00          135.84           6.0286
 00012  11.03 %  2012               5.00          135.82           6.0309
 00012  11.03 %  2012               5.00          135.80           6.0332
 00012  11.03 %  2012               5.00          135.82           6.0309
 00012  11.03 %  2012               5.00          135.82           6.0309
 00012  11.03 %  2012               5.00          135.84           6.0286
 00012  11.03 %  2012               5.00          135.80           6.0332
 00012  11.03 %  2012               5.00          135.72           6.0424
 00012  11.03 %  2012              10.00          135.71           6.0435
 00012  11.03 %  2012               5.00          135.60           6.0561
 00012  11.03 %  2012              10.00          135.60           6.0561
 00012  11.03 %  2012               5.00          135.60           6.0561
 00012  11.03 %  2012               5.00          135.70           6.0446
 00012  11.03 %  2012               5.00          135.68           6.0469
 00012  11.03 %  2012              10.00          135.70           6.0446
 00012  11.03 %  2012              10.00          135.60           6.0561
 00012  11.03 %  2012               5.00          135.60           6.0561
 00012  11.03 %  2012               5.00          135.65           6.0504
 00012  11.03 %  2012               5.00          135.70           6.0446
 00012  11.03 %  2012               5.00          135.595          6.0567
 01009   9.40 %  2012               5.00          124.36           6.0362
 01009   9.40 %  2012               5.00          124.36           6.0362
 01009   9.40 %  2012               5.00          124.36           6.0362
 01009   9.40 %  2012               5.00          124.26           6.0481
 01009   9.40 %  2012               5.00          124.25           6.0493
 01009   9.40 %  2012               5.00          124.29           6.0445
 01009   9.40 %  2012               5.00          124.26           6.0481
 01009   9.40 %  2012               5.00          124.24           6.0505
 01009   9.40 %  2012               5.00          124.24           6.0505
 01009   9.40 %  2012               5.00          124.21           6.0541
 01009   9.40 %  2012               5.00          124.21           6.0541
 01009   9.40 %  2012              15.00          124.24           6.0505
 01009   9.40 %  2012               5.00          124.26           6.0481
 01009   9.40 %  2012               5.00          124.26           6.0481
 01009   9.40 %  2012               5.00          124.17           6.0589
 01009   9.40 %  2012               5.00          124.17           6.0589
 01009   9.40 %  2012               5.00          124.19           6.0565
 01009   9.40 %  2012               5.00          124.26           6.0481
 82005   9.00 %  2013               0.50          122.50           6.0471
 82005   9.00 %  2013               2.00          120.45           6.2854
 01005   9.81 %  2013               5.00          128.950          6.0204 01005   9.81 %  2013               5.00          128.94           6.0215
 01005   9.81 %  2013              10.00          128.94           6.0215
 01005   9.81 %  2013               5.00          128.90           6.0259
 01005   9.81 %  2013               5.00          128.90           6.0259
 01005   9.81 %  2013               5.00          128.920          6.0237
 01005   9.81 %  2013               5.00          128.90           6.0259
 01005   9.81 %  2013               5.00          128.920          6.0237
 01005   9.81 %  2013               5.00          128.950          6.0204
 01005   9.81 %  2013               5.00          128.94           6.0215
 01005   9.81 %  2013               5.00          128.960          6.0193
 01005   9.81 %  2013               5.00          128.91           6.0248
 01005   9.81 %  2013               5.00          128.90           6.0259
 01005   9.81 %  2013               5.00          128.93           6.0226
 01005   9.81 %  2013               5.00          128.950          6.0204
 01005   9.81 %  2013               5.00          128.91           6.0248
 01005   9.81 %  2013               5.00          128.91           6.0248
 01005   9.81 %  2013               5.00          128.90           6.0259
 01005   9.81 %  2013               5.00          128.93           6.0226
 01005   9.81 %  2013               5.00          128.950          6.0204
 01005   9.81 %  2013               5.00          128.93           6.0226
 01005   9.81 %  2013               5.00          128.920          6.0237
 01005   9.81 %  2013               5.00          128.87           6.0292
 01005   9.81 %  2013               5.00          128.920          6.0237
 01005   9.81 %  2013               5.00          128.93           6.0226
 01005   9.81 %  2013               5.00          128.90           6.0259
 01005   9.81 %  2013               5.00          128.93           6.0226
 01005   9.81 %  2013               5.00          128.94           6.0215
 01005   9.81 %  2013               5.00          128.920          6.0237
 01005   9.81 %  2013               5.00          128.920          6.0237
 01005   9.81 %  2013               5.00          128.90           6.0259
 01005   9.81 %  2013               5.00          128.93           6.0226
 01005   9.81 %  2013               5.00          128.94           6.0215
 01005   9.81 %  2013               5.00          128.93           6.0226
 01005   9.81 %  2013               5.00          128.91           6.0248
 01005   9.81 %  2013               5.00          128.84           6.0326
 01005   9.81 %  2013               5.00          128.93           6.0226
 01005   9.81 %  2013               5.00          128.93           6.0226
 01005   9.81 %  2013              10.00          128.91           6.0248
 01005   9.81 %  2013               5.00          128.90           6.0259
 01005   9.81 %  2013               5.00          128.93           6.0226
 01005   9.81 %  2013               5.00          128.91           6.0248
 01005   9.81 %  2013               5.00          128.90           6.0259
 01005   9.81 %  2013               5.00          128.90           6.0259
 01005   9.81 %  2013               5.00          128.88           6.0281
 01005   9.81 %  2013              10.00          128.88           6.0281
 01005   9.81 %  2013               0.50          129.03           6.0115
 01005   9.81 %  2013              10.00          128.85           6.0315
 01005   9.81 %  2013               5.00          128.88           6.0281
 01005   9.81 %  2013               5.00          128.830          6.0337
 01005   9.81 %  2013               5.00          128.81           6.0359
 01005   9.81 %  2013               5.00          128.81           6.0359
 01005   9.81 %  2013               5.00          128.84           6.0326
 01005   9.81 %  2013               5.00          128.84           6.0326
 01005   9.81 %  2013               5.00          128.790          6.0381
 01005   9.81 %  2013               5.00          128.82           6.0348
 01005   9.81 %  2013               5.00          128.81           6.0359
 01005   9.81 %  2013               5.00          128.82           6.0348 01005   9.81 %  2013               5.00          128.81           6.0359
 01005   9.81 %  2013               5.00          128.82           6.0348
 01005   9.81 %  2013               5.00          128.81           6.0359
 01005   9.81 %  2013               5.00          128.790          6.0381
 01005   9.81 %  2013              10.00          128.78           6.0392
 01005   9.81 %  2013               5.00          128.790          6.0381
 01005   9.81 %  2013               5.00          128.90           6.0259
 01005   9.81 %  2013               5.00          128.950          6.0204
 01005   9.81 %  2013               5.00          128.94           6.0215
 01005   9.81 %  2013               5.00          128.94           6.0215
 02017   7.27 %  2013               0.50          110.15           5.9671
 02017   7.27 %  2013               1.00          109.87           6.0009
 02017   7.27 %  2013               5.00          110.08           5.9756
 02017   7.27 %  2013               5.00          110.09           5.9744
 02017   7.27 %  2013              10.00          110.08           5.9756
 02017   7.27 %  2013               5.00          110.04           5.9804
 02017   7.27 %  2013               5.00          110.08           5.9756
 02017   7.27 %  2013              10.00          110.08           5.9756
 02017   7.27 %  2013              10.00          110.09           5.9744
 02017   7.27 %  2013               5.00          110.08           5.9756
 02017   7.27 %  2013               5.00          110.06           5.9780
 02017   7.27 %  2013               5.00          110.06           5.9780
 02017   7.27 %  2013               5.00          110.08           5.9756
 02017   7.27 %  2013               5.00          110.07           5.9768
 02017   7.27 %  2013               0.31          110.00           5.9852
 02017   7.27 %  2013               5.00          110.08           5.9756
 02008   7.37 %  2014               5.00          110.98           6.0129
 02018   7.38 %  2015              25.00          111.75           6.0371
 02018   7.38 %  2015               5.00          111.97           6.0138
 02018   7.38 %  2015               5.00          111.97           6.0138
 02018   7.38 %  2015               0.50          111.93           6.0180
 02018   7.38 %  2015               5.00          111.65           6.0478
 02018   7.38 %  2015               5.00          111.63           6.0499
 02018   7.38 %  2015               5.00          111.65           6.0478
 02018   7.38 %  2015              10.00          111.60           6.0531
 02018   7.38 %  2015               5.00          111.60           6.0531
 02018   7.38 %  2015               5.00          111.83           6.0286
 02018   7.38 %  2015               0.50          111.93           6.0180
 02018   7.38 %  2015               1.00          111.76           6.0361
 02018   7.38 %  2015               0.50          111.76           6.0361
 02018   7.38 %  2015               5.00          111.65           6.0478
 02018   7.38 %  2015              10.00          111.65           6.0478
 02018   7.38 %  2015               5.00          111.65           6.0478
 02018   7.38 %  2015               5.00          111.61           6.0520
 02018   7.38 %  2015               5.00          111.61           6.0520
 02018   7.38 %  2015               1.00          111.76           6.0361
 02018   7.38 %  2015               1.00          111.76           6.0361
 02018   7.38 %  2015              20.00          111.62           6.0509
 02018   7.38 %  2015               1.00          112.09           6.0011
 02018   7.38 %  2015              10.00          111.68           6.0446
 02018   7.38 %  2015               5.00          111.68           6.0446
 02018   7.38 %  2015               1.00          111.79           6.0329
 02018   7.38 %  2015               1.00          111.76           6.0361
 02018   7.38 %  2015               5.00          111.63           6.0499
 02018   7.38 %  2015               5.00          111.63           6.0499
 02018   7.38 %  2015               5.00          111.75           6.0371
 02018   7.38 %  2015               0.25          112.09           6.0011 02018   7.38 %  2015               3.00          111.71           6.0414
 02018   7.38 %  2015              25.00          111.64           6.0488
 02018   7.38 %  2015              25.00          111.65           6.0478
 02018   7.38 %  2015               5.00          111.75           6.0371
 01011   9.85 %  2015               5.00          132.90           6.1015
 01011   9.85 %  2015              25.00          132.90           6.1015
 01011   9.85 %  2015               5.00          133.01           6.0912
 01011   9.85 %  2015               5.00          133.01           6.0912
 01011   9.85 %  2015               5.00          132.90           6.1015
 01011   9.85 %  2015               5.00          133.01           6.0912
 01011   9.85 %  2015              10.00          133.03           6.0893
 01011   9.85 %  2015               5.00          132.95           6.0968
 01011   9.85 %  2015               5.00          132.95           6.0968
 01011   9.85 %  2015               5.00          132.95           6.0968
 01011   9.85 %  2015               5.00          132.98           6.0940
 01011   9.85 %  2015               5.00          132.95           6.0968
 01011   9.85 %  2015               5.00          132.98           6.0940
 01011   9.85 %  2015               5.00          132.92           6.0996
 01011   9.85 %  2015               5.00          132.94           6.0977
 01011   9.85 %  2015               5.00          132.90           6.1015
 01011   9.85 %  2015               5.00          132.98           6.0940
 01011   9.85 %  2015              25.00          133.005          6.0916
 01011   9.85 %  2015               5.00          132.95           6.0968
 01011   9.85 %  2015               5.00          132.86           6.1053
 01011   9.85 %  2015               5.00          132.97           6.0949
 01011   9.85 %  2015               5.00          132.96           6.0959
 01011   9.85 %  2015               5.00          132.90           6.1015
 01011   9.85 %  2015               5.00          132.85           6.1062
 01011   9.85 %  2015               5.00          132.97           6.0949
 01011   9.85 %  2015               5.00          132.97           6.0949
 01011   9.85 %  2015               5.00          132.97           6.0949
 01011   9.85 %  2015               5.00          132.92           6.0996
 01011   9.85 %  2015               5.00          132.84           6.1071
 01011   9.85 %  2015              10.00          132.84           6.1071
 01011   9.85 %  2015               5.00          132.92           6.0996
 01011   9.85 %  2015               5.00          132.90           6.1015
 01011   9.85 %  2015               5.00          132.90           6.1015
 01011   9.85 %  2015               5.00          132.94           6.0977
 01011   9.85 %  2015               5.00          132.90           6.1015
 01011   9.85 %  2015               5.00          132.96           6.0959
 01011   9.85 %  2015               5.00          132.96           6.0959
 01011   9.85 %  2015               5.00          132.95           6.0968
 01011   9.85 %  2015               5.00          132.91           6.1006
 01011   9.85 %  2015               5.00          132.85           6.1062
 01011   9.85 %  2015              15.00          132.85           6.1062
 01011   9.85 %  2015               5.00          132.90           6.1015
 01011   9.85 %  2015               5.00          132.87           6.1043
 01011   9.85 %  2015               5.00          132.85           6.1062
 01011   9.85 %  2015              10.00          132.85           6.1062
 01011   9.85 %  2015               5.00          132.90           6.1015
 01011   9.85 %  2015               5.00          132.81           6.1100
 01011   9.85 %  2015               5.00          132.80           6.1109
 01011   9.85 %  2015               5.00          132.70           6.1203
 01011   9.85 %  2015               5.00          132.90           6.1015
 01011   9.85 %  2015              10.00          132.91           6.1006
 01011   9.85 %  2015               5.00          132.76           6.1147
 01011   9.85 %  2015               5.00          132.72           6.1184 01011   9.85 %  2015               5.00          132.80           6.1109
 01011   9.85 %  2015               5.00          132.80           6.1109
 01003  10.71 %  2016               5.00          140.91           6.1537
 01003  10.71 %  2016               1.00          140.90           6.1546
 01003  10.71 %  2016               5.00          140.90           6.1546
 01003  10.71 %  2016               5.00          140.85           6.1590
 01003  10.71 %  2016               5.00          140.90           6.1546
 01003  10.71 %  2016              10.00          140.81           6.1625
 01003  10.71 %  2016               5.00          140.80           6.1634
 01003  10.71 %  2016               5.00          140.75           6.1678
 01003  10.71 %  2016               5.00          140.80           6.1634
 01003  10.71 %  2016              20.00          140.80           6.1634
 01003  10.71 %  2016               5.00          140.72           6.1705
 01003  10.71 %  2016               0.25          141.13           6.1344
 01003  10.71 %  2016               5.00          140.50           6.1899
 01003  10.71 %  2016               5.00          140.65           6.1766
 01003  10.71 %  2016               5.00          140.60           6.1810
 02001   8.07 %  2017               5.00          118.05           6.1318
 02001   8.07 %  2017               5.00          118.03           6.1338
 02001   8.07 %  2017               5.00          118.02           6.1347
 02001   8.07 %  2017               5.00          118.00           6.1366
 02001   8.07 %  2017               5.00          118.00           6.1366
 02001   8.07 %  2017               5.00          117.98           6.1386
 02001   8.07 %  2017               5.00          118.00           6.1366
 02001   8.07 %  2017               5.00          117.95           6.1414
 02001   8.07 %  2017              10.00          117.96           6.1405
 02001   8.07 %  2017              10.00          117.98           6.1386
 02001   8.07 %  2017               5.00          117.95           6.1414
 02001   8.07 %  2017               5.00          118.00           6.1366
 02001   8.07 %  2017               5.00          118.00           6.1366
 02001   8.07 %  2017               5.00          118.00           6.1366
 02001   8.07 %  2017               5.00          118.00           6.1366
 02001   8.07 %  2017               5.00          118.00           6.1366
 02001   8.07 %  2017               5.00          118.00           6.1366
 02001   8.07 %  2017               5.00          118.04           6.1328
 02001   8.07 %  2017              25.00          118.02           6.1347
 02001   8.07 %  2017               5.00          118.00           6.1366
 02001   8.07 %  2017               5.00          118.00           6.1366
 02001   8.07 %  2017               5.00          117.98           6.1386
 02001   8.07 %  2017               5.00          117.97           6.1395
 02001   8.07 %  2017               5.00          117.96           6.1405
 02001   8.07 %  2017               5.00          117.96           6.1405
 02001   8.07 %  2017               5.00          117.96           6.1405
 02001   8.07 %  2017               5.00          118.04           6.1328
 02001   8.07 %  2017               5.00          117.95           6.1414
 02001   8.07 %  2017               5.00          117.99           6.1376
 02001   8.07 %  2017               5.00          117.99           6.1376
 02001   8.07 %  2017              10.00          117.95           6.1414
 02001   8.07 %  2017               5.00          117.98           6.1386
 02001   8.07 %  2017               5.00          118.00           6.1366
 02001   8.07 %  2017               5.00          118.09           6.1280
 02001   8.07 %  2017               5.00          118.00           6.1366
 02001   8.07 %  2017               5.00          118.04           6.1328
 02001   8.07 %  2017               5.00          117.99           6.1376
 02001   8.07 %  2017               5.00          117.99           6.1376
 02001   8.07 %  2017               5.00          117.91           6.1453
 02001   8.07 %  2017               5.00          117.95           6.1414 02001   8.07 %  2017               5.00          117.91           6.1453
 02001   8.07 %  2017               5.00          117.90           6.1462
 02001   8.07 %  2017               5.00          117.85           6.1511
 02001   8.07 %  2017               5.00          117.87           6.1491
 02001   8.07 %  2017               5.00          117.87           6.1491
 02001   8.07 %  2017               5.00          117.87           6.1491
 02001   8.07 %  2017               5.00          117.88           6.1482
 02001   8.07 %  2017               5.00          117.90           6.1462
 02001   8.07 %  2017               5.00          118.00           6.1366
 02001   8.07 %  2017               5.00          117.90           6.1462
 02001   8.07 %  2017               5.00          117.90           6.1462
 02001   8.07 %  2017               5.00          117.99           6.1376
 02001   8.07 %  2017               5.00          117.98           6.1386
 02001   8.07 %  2017               5.00          118.00           6.1366
 02001   8.07 %  2017               5.00          118.00           6.1366
 02001   8.07 %  2017               5.00          117.95           6.1414
 02001   8.07 %  2017              10.00          117.87           6.1491
 02001   8.07 %  2017              10.00          117.90           6.1462
 02001   8.07 %  2017               5.00          117.89           6.1472
 02001   8.07 %  2017               5.00          117.97           6.1395
 02001   8.07 %  2017               5.00          117.85           6.1511
 02001   8.07 %  2017               5.00          117.85           6.1511
 02001   8.07 %  2017              10.00          117.83           6.1530
 02001   8.07 %  2017               5.00          117.90           6.1462
 02001   8.07 %  2017               5.00          117.90           6.1462
 02001   8.07 %  2017               5.00          117.98           6.1386
 02001   8.07 %  2017               5.00          117.90           6.1462
 02001   8.07 %  2017               5.00          117.90           6.1462
 02001   8.07 %  2017               0.02          118.12           6.1251
 02001   8.07 %  2017               5.00          117.87           6.1491
 02001   8.07 %  2017               5.00          117.88           6.1482
 02001   8.07 %  2017               5.00          117.90           6.1462
 02001   8.07 %  2017               5.00          117.85           6.1511
 02001   8.07 %  2017               5.00          117.98           6.1386
 02001   8.07 %  2017               5.00          117.80           6.1559
 02001   8.07 %  2017               5.00          117.85           6.1511
 02001   8.07 %  2017               5.00          117.90           6.1462
 02001   8.07 %  2017               5.00          117.80           6.1559
 02001   8.07 %  2017               5.00          117.81           6.1549
 02001   8.07 %  2017               0.50          118.22           6.1155
 02001   8.07 %  2017               5.00          117.82           6.1539
 02001   8.07 %  2017               5.00          117.60           6.1752
 02001   8.07 %  2017               5.00          117.68           6.1674
 02001   8.07 %  2017               5.00          117.69           6.1665
 02001   8.07 %  2017               5.00          117.70           6.1655
 02001   8.07 %  2017               5.00          117.61           6.1742
 02001   8.07 %  2017               5.00          117.69           6.1665
 02001   8.07 %  2017               5.00          117.70           6.1655
 02001   8.07 %  2017               5.00          117.70           6.1655
 02001   8.07 %  2017               5.00          117.63           6.1723
 02001   8.07 %  2017               5.00          117.99           6.1376
 02001   8.07 %  2017               5.00          117.60           6.1752
 02001   8.07 %  2017               5.00          117.65           6.1703
 02001   8.07 %  2017               5.00          117.55           6.1800
 02001   8.07 %  2017               5.00          117.60           6.1752
 02001   8.07 %  2017               5.00          117.65           6.1703
 02001   8.07 %  2017               0.50          118.05           6.1318 02001   8.07 %  2017              25.00          117.60           6.1752
 02001   8.07 %  2017               5.00          117.60           6.1752
 02001   8.07 %  2017               5.00          117.70           6.1655
 02001   8.07 %  2017               5.00          117.68           6.1674
 02001   8.07 %  2017               5.00          117.68           6.1674
 02001   8.07 %  2017               5.00          117.68           6.1674
 02001   8.07 %  2017               5.00          117.64           6.1713
 02001   8.07 %  2017               5.00          117.68           6.1674
 02001   8.07 %  2017              10.00          117.60           6.1752
 02001   8.07 %  2017               5.00          117.65           6.1703
 02001   8.07 %  2017               5.00          117.70           6.1655
 02001   8.07 %  2017               5.00          117.59           6.1761
 02001   8.07 %  2017               5.00          117.60           6.1752
 02001   8.07 %  2017               5.00          117.55           6.1800
 02001   8.07 %  2017               5.00          117.69           6.1665
 02001   8.07 %  2017               5.00          117.65           6.1703
 02001   8.07 %  2017               5.00          117.60           6.1752
 02001   8.07 %  2017               5.00          117.60           6.1752
 02001   8.07 %  2017               5.00          117.70           6.1655
 02001   8.07 %  2017               5.00          117.61           6.1742
 02001   8.07 %  2017               5.00          117.67           6.1684
 02001   8.07 %  2017               5.00          117.65           6.1703
 02001   8.07 %  2017               5.00          117.80           6.1559
 02001   8.07 %  2017               5.00          117.91           6.1453
 02001   8.07 %  2017               5.00          117.85           6.1511
 02001   8.07 %  2017               1.00          117.81           6.1549
 02001   8.07 %  2017               1.00          117.83           6.1530
 02001   8.07 %  2017              10.00          118.00           6.1366
 02001   8.07 %  2017               5.00          117.98           6.1386
 02001   8.07 %  2017               5.00          117.90           6.1462
 02001   8.07 %  2017               5.00          117.83           6.1530
 02001   8.07 %  2017               5.00          117.66           6.1694
 02001   8.07 %  2017               5.00          118.00           6.1366
 02001   8.07 %  2017              10.00          118.03           6.1338
 02001   8.07 %  2017              25.00          117.55           6.1800
 02001   8.07 %  2017               5.00          117.85           6.1511
 02007   7.49 %  2017               5.00          112.74           6.1357
 02007   7.49 %  2017               5.00          112.51           6.1583
 02007   7.49 %  2017               5.00          112.50           6.1593
 02007   7.49 %  2017               5.00          112.50           6.1593
 02007   7.49 %  2017               5.00          112.50           6.1593
 02007   7.49 %  2017              10.00          112.52           6.1573
 02007   7.49 %  2017              10.00          112.52           6.1573
 02007   7.49 %  2017               5.00          112.52           6.1573
 02007   7.49 %  2017               5.00          112.50           6.1593
 02007   7.49 %  2017               5.00          112.51           6.1583
 02007   7.49 %  2017               5.00          112.48           6.1612
 02007   7.49 %  2017               5.00          112.48           6.1612
 02007   7.49 %  2017               5.00          112.81           6.1289
 02007   7.49 %  2017               0.25          112.82           6.1279
 02007   7.49 %  2017               5.00          112.92           6.1181
 02007   7.49 %  2017               5.00          112.46           6.1632
 02007   7.49 %  2017               5.00          112.35           6.1740
 02007   7.49 %  2017               5.00          112.40           6.1691
 02007   7.49 %  2017               0.50          112.81           6.1289
 02007   7.49 %  2017               5.00          112.35           6.1740
 02007   7.49 %  2017               5.00          112.30           6.1789 02007   7.49 %  2017               5.00          112.35           6.1740
 02007   7.49 %  2017               5.00          112.27           6.1819
 02007   7.49 %  2017               5.00          112.27           6.1819
 02007   7.49 %  2017              10.00          112.90           6.1201
 02007   7.49 %  2017              10.00          112.85           6.1250
 02007   7.49 %  2017               5.00          112.50           6.1593
 02007   7.49 %  2017               5.00          112.53           6.1563
 02007   7.49 %  2017               5.00          112.30           6.1789
 02007   7.49 %  2017               5.00          112.46           6.1632
 02007   7.49 %  2017               5.00          112.30           6.1789
 02014   7.46 %  2017               5.00          112.71           6.1309
 02014   7.46 %  2017               5.00          112.65           6.1367
 02014   7.46 %  2017               5.00          112.60           6.1415
 02014   7.46 %  2017               5.00          112.60           6.1415
 02014   7.46 %  2017               5.00          112.70           6.1319
 02014   7.46 %  2017               5.00          112.62           6.1396
 02014   7.46 %  2017               5.00          112.65           6.1367
 02014   7.46 %  2017               5.00          112.67           6.1348
 02014   7.46 %  2017               5.00          112.60           6.1415
 02014   7.46 %  2017               5.00          112.65           6.1367
 02014   7.46 %  2017               5.00          112.77           6.1251
 02014   7.46 %  2017               5.00          112.67           6.1348
 02014   7.46 %  2017               5.00          112.60           6.1415
 02014   7.46 %  2017               5.00          112.65           6.1367
 02014   7.46 %  2017               5.00          112.62           6.1396
 02014   7.46 %  2017               1.00          112.80           6.1222
 02014   7.46 %  2017               0.25          112.79           6.1232
 02014   7.46 %  2017               5.00          112.75           6.1271
 02014   7.46 %  2017               5.00          112.64           6.1377
 02014   7.46 %  2017               5.00          112.74           6.1280
 02014   7.46 %  2017               5.00          112.49           6.1521
 02014   7.46 %  2017               5.00          112.51           6.1502
 02014   7.46 %  2017               5.00          112.49           6.1521
 02014   7.46 %  2017               5.00          112.56           6.1454
 02014   7.46 %  2017               5.00          112.53           6.1483
 02014   7.46 %  2017               5.00          112.48           6.1531
 02014   7.46 %  2017               5.00          112.49           6.1521
 02014   7.46 %  2017               5.00          112.65           6.1367
 02014   7.46 %  2017               5.00          112.62           6.1396
 02014   7.46 %  2017               5.00          112.50           6.1512
 02014   7.46 %  2017               5.00          112.56           6.1454
 02014   7.46 %  2017               5.00          112.55           6.1463
 02014   7.46 %  2017               5.00          112.50           6.1512
 02014   7.46 %  2017               5.00          112.52           6.1492
 02014   7.46 %  2017               5.00          112.54           6.1473
 02014   7.46 %  2017               5.00          112.50           6.1512
 02014   7.46 %  2017               5.00          112.52           6.1492
 02014   7.46 %  2017               5.00          112.51           6.1502
 02014   7.46 %  2017               5.00          112.63           6.1386
 02014   7.46 %  2017               5.00          112.55           6.1463
 02014   7.46 %  2017               5.00          112.55           6.1463
 02014   7.46 %  2017               5.00          112.50           6.1512
 02014   7.46 %  2017               5.00          112.47           6.1541
 02014   7.46 %  2017               5.00          112.50           6.1512
 02014   7.46 %  2017               5.00          112.52           6.1492
 02014   7.46 %  2017               5.00          112.53           6.1483
 02014   7.46 %  2017               5.00          112.48           6.1531 02014   7.46 %  2017               5.00          112.48           6.1531
 02014   7.46 %  2017               5.00          112.53           6.1483
 02014   7.46 %  2017               5.00          112.51           6.1502
 02014   7.46 %  2017               5.00          112.53           6.1483
 02014   7.46 %  2017               5.00          112.53           6.1483
 02014   7.46 %  2017               5.00          112.60           6.1415
 02014   7.46 %  2017               5.00          112.47           6.1541
 02014   7.46 %  2017               5.00          112.47           6.1541
 02014   7.46 %  2017               0.05          112.80           6.1222
 02014   7.46 %  2017               5.00          112.64           6.1377
 02014   7.46 %  2017               5.00          112.48           6.1531
 02014   7.46 %  2017               3.00          112.82           6.1203
 02014   7.46 %  2017               5.00          112.52           6.1492
 02014   7.46 %  2017               5.00          112.48           6.1531
 02014   7.46 %  2017               0.50          112.78           6.1242
 02014   7.46 %  2017               0.50          112.86           6.1165
 02014   7.46 %  2017               0.20          112.78           6.1242
 02014   7.46 %  2017               5.00          112.46           6.1550
 02014   7.46 %  2017               5.00          112.46           6.1550
 02014   7.46 %  2017               5.00          112.46           6.1550
 02014   7.46 %  2017               5.00          112.53           6.1483
 02014   7.46 %  2017               5.00          112.49           6.1521
 02014   7.46 %  2017               0.50          112.74           6.1280
 02014   7.46 %  2017               5.00          112.35           6.1657
 02014   7.46 %  2017               5.00          112.30           6.1705
 02014   7.46 %  2017               5.00          112.53           6.1483
 02014   7.46 %  2017               5.00          112.40           6.1608
 02014   7.46 %  2017               5.00          112.49           6.1521
 02014   7.46 %  2017               5.00          112.30           6.1705
 02014   7.46 %  2017               0.50          112.70           6.1319
 02014   7.46 %  2017               5.00          112.48           6.1531
 02014   7.46 %  2017               0.25          112.74           6.1280
 02014   7.46 %  2017               1.00          112.70           6.1319
 02014   7.46 %  2017               5.00          112.63           6.1386
 02014   7.46 %  2017               0.50          112.95           6.1078
 02014   7.46 %  2017               0.50          112.67           6.1348
 02014   7.46 %  2017               5.00          112.30           6.1705
 02014   7.46 %  2017               5.00          112.35           6.1657
 02014   7.46 %  2017               5.00          112.30           6.1705
 02014   7.46 %  2017               2.00          112.38           6.1628
 02014   7.46 %  2017               2.00          112.60           6.1415
 02014   7.46 %  2017               5.00          112.40           6.1608
 02014   7.46 %  2017               5.00          112.55           6.1463
 02014   7.46 %  2017              10.00          112.44           6.1570
 02014   7.46 %  2017               5.00          112.54           6.1473
 02014   7.46 %  2017               5.00          112.35           6.1657
 02014   7.46 %  2017               2.00          112.658          6.1359
 02014   7.46 %  2017              10.00          112.58           6.1434
 02014   7.46 %  2017               5.00          112.60           6.1415
 02014   7.46 %  2017               5.00          112.60           6.1415
 02014   7.46 %  2017               0.10          112.43           6.1579
 02014   7.46 %  2017               3.00          112.56           6.1454
 02014   7.46 %  2017               2.00          112.70           6.1319
 02014   7.46 %  2017              10.00          112.90           6.1126
 01008  10.03 %  2019               5.00          138.70           6.2479
 01008  10.03 %  2019               5.00          138.65           6.2518
 01008  10.03 %  2019              10.00          138.72           6.2464 01008  10.03 %  2019              10.00          138.63           6.2534
 01008  10.03 %  2019               5.00          138.72           6.2464
 01008  10.03 %  2019               5.00          138.66           6.2510
 01008  10.03 %  2019               5.00          139.30           6.2017
 01008  10.03 %  2019               5.00          138.20           6.2867
 01008  10.03 %  2019               5.00          138.25           6.2828
 01008  10.03 %  2019               5.00          138.45           6.2673
 01008  10.03 %  2019              10.00          138.00           6.3023
 00008  10.70 %  2020               0.25          144.55           6.4003
 00018  11.60 %  2020              10.00          157.00           6.2677
 01006  10.25 %  2021               5.00          142.30           6.3250
 01006  10.25 %  2021               5.00          142.25           6.3285
 01006  10.25 %  2021               5.00          142.20           6.3321
 01006  10.25 %  2021               5.00          142.20           6.3321
 01006  10.25 %  2021               5.00          142.20           6.3321
 01006  10.25 %  2021              10.00          142.22           6.3307
 01006  10.25 %  2021               5.00          142.20           6.3321
 01006  10.25 %  2021               5.00          142.25           6.3285
 01006  10.25 %  2021               5.00          142.10           6.3393
 01006  10.25 %  2021               5.00          142.18           6.3336
 01006  10.25 %  2021               5.00          141.90           6.3537
 01006  10.25 %  2021               5.00          142.15           6.3357
 01006  10.25 %  2021               5.00          142.17           6.3343
 01006  10.25 %  2021               5.00          142.22           6.3307
 01006  10.25 %  2021               5.00          142.05           6.3429
 01006  10.25 %  2021               5.00          141.95           6.3501
 01006  10.25 %  2021               5.00          142.00           6.3465
 01006  10.25 %  2021               5.00          142.00           6.3465
 01006  10.25 %  2021               5.00          142.17           6.3343
 01006  10.25 %  2021               5.00          142.20           6.3321
 01006  10.25 %  2021               5.00          142.00           6.3465
 01006  10.25 %  2021               5.00          142.05           6.3429
 01006  10.25 %  2021               5.00          142.10           6.3393
 01006  10.25 %  2021               5.00          142.25           6.3285
 01006  10.25 %  2021              10.00          141.85           6.3573
 01006  10.25 %  2021               5.00          141.85           6.3573
 01006  10.25 %  2021               5.00          142.00           6.3465
 01006  10.25 %  2021               5.00          141.80           6.3609
 01006  10.25 %  2021               5.00          141.87           6.3558
 01006  10.25 %  2021               0.629         142.035          6.3440
 01006  10.25 %  2021               5.00          141.55           6.3789
 01006  10.25 %  2021               5.00          141.40           6.3898
 02011   8.35 %  2022              10.00          122.72           6.3005
 02011   8.35 %  2022              25.00          122.71           6.3012
 02011   8.35 %  2022               5.00          122.47           6.3199
 02011   8.35 %  2022               5.00          122.47           6.3199
 02011   8.35 %  2022               5.00          122.45           6.3215
 02011   8.35 %  2022               5.00          122.50           6.3176
 02011   8.35 %  2022               5.00          122.40           6.3254
 02011   8.35 %  2022              10.00          122.58           6.3114
 02011   8.35 %  2022               5.00          122.40           6.3254
 02011   8.35 %  2022               5.00          122.50           6.3176
 02011   8.35 %  2022              15.00          122.35           6.3293
 02011   8.35 %  2022               5.00          122.35           6.3293
 02011   8.35 %  2022               5.00          122.50           6.3176
 02011   8.35 %  2022               5.00          122.40           6.3254
 02011   8.35 %  2022              15.00          122.40           6.3254 02011   8.35 %  2022               5.00          122.40           6.3254
 02011   8.35 %  2022               5.00          122.50           6.3176
 02011   8.35 %  2022               5.00          122.50           6.3176
 02011   8.35 %  2022               5.00          122.42           6.3238
 02011   8.35 %  2022               5.00          122.50           6.3176
 02011   8.35 %  2022               5.00          122.50           6.3176
 02011   8.35 %  2022               5.00          122.35           6.3293
 02011   8.35 %  2022               5.00          122.35           6.3293
 02011   8.35 %  2022               1.50          122.80           6.2942
 02011   8.35 %  2022               5.00          122.49           6.3184
 02011   8.35 %  2022               5.00          122.40           6.3254
 02011   8.35 %  2022               5.00          122.45           6.3215
 02011   8.35 %  2022               5.00          122.20           6.3410
 02011   8.35 %  2022               5.00          122.45           6.3215
 02011   8.35 %  2022               5.00          122.45           6.3215
 02011   8.35 %  2022               5.00          122.45           6.3215
 02011   8.35 %  2022               5.00          122.49           6.3184
 02011   8.35 %  2022               5.00          122.80           6.2942
 02011   8.35 %  2022               5.00          122.45           6.3215
 02011   8.35 %  2022               5.00          122.45           6.3215
 02011   8.35 %  2022               5.00          122.46           6.3207
 02011   8.35 %  2022               5.00          122.33           6.3308
 02011   8.35 %  2022               5.00          122.45           6.3215
 02011   8.35 %  2022               5.00          122.25           6.3371
 02011   8.35 %  2022               5.00          122.30           6.3332
 02011   8.35 %  2022               5.00          122.33           6.3308
 02011   8.35 %  2022               5.00          122.40           6.3254
 02011   8.35 %  2022               5.00          122.35           6.3293
 02011   8.35 %  2022               5.00          122.40           6.3254
 02011   8.35 %  2022               5.00          122.35           6.3293
 02011   8.35 %  2022               5.00          122.30           6.3332
 02011   8.35 %  2022               5.00          122.33           6.3308
 02011   8.35 %  2022               5.00          122.35           6.3293
 02011   8.35 %  2022               5.00          122.40           6.3254
 02011   8.35 %  2022               5.00          122.45           6.3215
 02011   8.35 %  2022               5.00          122.40           6.3254
 02011   8.35 %  2022               5.00          122.40           6.3254
 02011   8.35 %  2022               5.00          122.45           6.3215
 02011   8.35 %  2022               5.00          122.25           6.3371
 02011   8.35 %  2022               5.00          122.30           6.3332
 02011   8.35 %  2022               5.00          122.25           6.3371
 02011   8.35 %  2022               5.00          122.40           6.3254
 02011   8.35 %  2022              10.00          122.25           6.3371
 02011   8.35 %  2022               5.00          122.35           6.3293
 02011   8.35 %  2022               5.00          122.31           6.3324
 02011   8.35 %  2022              10.00          122.35           6.3293
 02011   8.35 %  2022               5.00          122.25           6.3371
 02011   8.35 %  2022               5.00          122.27           6.3355
 02011   8.35 %  2022               5.00          122.45           6.3215
 02011   8.35 %  2022              10.00          122.30           6.3332
 02011   8.35 %  2022               5.00          122.30           6.3332
 02011   8.35 %  2022               5.00          122.22           6.3394
 02011   8.35 %  2022               5.00          122.31           6.3324
 02011   8.35 %  2022               0.50          121.75           6.3763
 02011   8.35 %  2022               5.00          122.21           6.3402
 02011   8.35 %  2022               1.00          122.45           6.3215
 02011   8.35 %  2022               5.00          122.24           6.3379 02011   8.35 %  2022               5.00          122.27           6.3355
 02011   8.35 %  2022               5.00          122.30           6.3332
 02011   8.35 %  2022               5.00          122.15           6.3449
 02011   8.35 %  2022               5.00          122.25           6.3371
 02011   8.35 %  2022               1.00          122.34           6.3301
 02011   8.35 %  2022               5.00          122.34           6.3301
 02011   8.35 %  2022              10.00          122.20           6.3410
 02011   8.35 %  2022               5.00          122.40           6.3254
 02011   8.35 %  2022               5.00          122.22           6.3394
 02011   8.35 %  2022               0.025         122.50           6.3176
 02011   8.35 %  2022               5.00          122.17           6.3433
 02011   8.35 %  2022               5.00          122.17           6.3433
 02011   8.35 %  2022               5.00          122.02           6.3551
 02011   8.35 %  2022              10.00          122.23           6.3387
 02011   8.35 %  2022               5.00          122.00           6.3567
 02011   8.35 %  2022               5.00          122.00           6.3567
 02011   8.35 %  2022               5.00          121.90           6.3645
 02011   8.35 %  2022               5.00          122.30           6.3332
 02011   8.35 %  2022               5.00          122.29           6.3340
 02011   8.35 %  2022               5.00          122.12           6.3473
 02011   8.35 %  2022               5.00          122.24           6.3379
 02011   8.35 %  2022               5.00          122.21           6.3402
 02011   8.35 %  2022               1.00          122.47           6.3199
 02011   8.35 %  2022               2.00          122.27           6.3355
 02011   8.35 %  2022               5.00          122.10           6.3488
 02011   8.35 %  2022               5.00          122.05           6.3527
 02011   8.35 %  2022               5.00          122.05           6.3527
 02011   8.35 %  2022               5.00          122.00           6.3567
 02011   8.35 %  2022               5.00          122.00           6.3567
 02011   8.35 %  2022              10.00          122.00           6.3567
 02011   8.35 %  2022               5.00          122.75           6.2981
 02011   8.35 %  2022               5.00          122.50           6.3176
 02011   8.35 %  2022               0.28          122.35           6.3293
 02011   8.35 %  2022               0.10          122.20           6.3410
 01010  10.18 %  2026               5.00          144.50           6.4776
 01010  10.18 %  2026               5.00          144.50           6.4776
 01010  10.18 %  2026              10.00          144.63           6.4695
 01010  10.18 %  2026              10.00          144.60           6.4714
 01010  10.18 %  2026               5.00          144.50           6.4776
 01010  10.18 %  2026              10.00          144.70           6.4651
 01010  10.18 %  2026              10.00          144.64           6.4689
 01010  10.18 %  2026               5.00          144.20           6.4964
 01010  10.18 %  2026               5.00          144.52           6.4764
 01010  10.18 %  2026              10.00          144.33           6.4883
 01010  10.18 %  2026               1.20          144.38           6.4851
 01010  10.18 %  2026               5.00          144.35           6.4870
 01010  10.18 %  2026               5.00          144.27           6.4920
 01010  10.18 %  2026               5.00          144.30           6.4901
 01010  10.18 %  2026               0.05          145.00           6.4465
 01010  10.18 %  2026              30.00          144.30           6.4901
 01010  10.18 %  2026               5.00          144.26           6.4926
 01010  10.18 %  2026               5.00          144.00           6.5090
 02015   7.95 %  2032               5.00          119.45           6.4665
 02015   7.95 %  2032               0.50          119.75           6.4467
 02015   7.95 %  2032               5.00          119.52           6.4618
 02015   7.95 %  2032               0.50          119.90           6.4368
 02015   7.95 %  2032               0.50          119.94           6.4342 02015   7.95 %  2032               2.00          119.56           6.4592
 02015   7.95 %  2032               1.75          119.50           6.4632
 02015   7.95 %  2032               5.00          118.95           6.4996
 02015   7.95 %  2032               5.00          118.95           6.4996
 02015   7.95 %  2032               1.00          119.70           6.4500
 02015   7.95 %  2032               5.00          118.85           6.5063
 02015   7.95 %  2032               1.00          119.42           6.4684
 02015   7.95 %  2032               1.00          119.25           6.4797
 02015   7.95 %  2032               5.00          119.50           6.4632
 02015   7.95 %  2032               5.00          119.50           6.4632
 02015   7.95 %  2032               5.00          119.39           6.4704
     Total                       5617.624
B. State Government Securities
          Contract Date : January 08, 2003
 02229 8.00% A.P. SDL 2012          0.15          108.00          6.8113
          Contract Date : January 09, 2003
 95213 14.00% MAHARASHTRA S.D.L.
       2005                         0.063         117.30          6.0446
 99205 12.25% ANDHRA PRADESH SDL
       2009                         5.00          130.93          6.2228
 01258 9.40% PUNJAB GOVT. STOCK
       2011                         0.05          118.00          6.6275
 91235 12.00% MADHYA PRADESH
       S.D. 2011                    0.015         137.83          6.2980
 01287 8.37% ANDHRA PRADESH SDL
       2011 (ON TAP)                2.00          113.04          6.4298
 02228 7.80% KARNATAKA GOVT.
       STOCK 2012                   0.477         110.29          6.2994
 02228 7.80% KARNATAKA GOVT.
       STOCK 2012                   0.07          110.29          6.2994
 02228 7.80% KARNATAKA GOVT.
       STOCK 2012                   0.159         110.29          6.2994
 02228 7.80% KARNATAKA GOVT.
       STOCK 2012                   0.141         110.29          6.2994
 02228 7.80% KARNATAKA GOVT.
       STOCK 2012                   0.176         110.29          6.2994
 02228 7.80% KARNATAKA GOVT.
       STOCK 2012                   0.053         110.29          6.2994
 02228 7.80% KARNATAKA GOVT.
       STOCK 2012                   0.674         110.30          6.2974
 02228 7.80% KARNATAKA GOVT.
       STOCK 2012                   0.25          109.47          6.4122
 02241 8.00% KERALA SDL 2012        0.50          109.75          6.5666
 02243 8.00% MAHARASHTRA SDL
       2012                         0.25          110.25          6.4976
 02240 8.00% KARNATAKA SDL 2012     0.25          110.25          6.4976
 02251 8.00% T.N. SDL 2012          2.00          110.89          6.4099
 02229 8.00% A.P. SDL 2012          0.50          110.57          6.4537
 02285 7.83% MAHARASTRA G.S.2012    2.00          109.81          6.4302
 02286 7.80% ANDHRA PRADESH SDL
       2012 (SECOND SERIES)         0.25          109.20          6.4965
 02297 7.80% KARNATAKA SDL 2012
       (SECOND SERIES)              0.15          109.20          6.4965
 02309 7.80% TAMILNADU SDL 2012
       (SECOND SERIES)              0.10          109.20          6.4965
 02297 7.80% KARNATAKA SDL 2012       (SECOND SERIES)              2.50          109.85          6.4099
 02317 6.94% MADHYA PRADESH G.S
       2012                         5.00          103.55          6.4465
 02339 6.80% RAJASTHAN SDL 2012     3.00          103.65          6.3003
 02333 6.80% KERALA SDL 2012        1.00          103.72          6.2910
 02327 6.80% GUJARAT SDL 2012       2.00          103.70          6.2936
 02327 6.80% GUJARAT SDL 2012       1.00          103.75          6.2869
 02332 6.80% KARNATAKA SDL 2012     2.1992        101.13          6.6424
 02327 6.80% GUJARAT SDL 2012       2.00          103.86          6.2723
 02332 6.80% KARNATAKA SDL 2012     1.00          103.86          6.2723
 02332 6.80% KARNATAKA SDL 2012     2.00          104.00          6.2536
 02329 6.80% HIMACHAL PRADESH
       SDL 2012                     0.50          103.15          6.3673
 02332 6.80% KARNATAKA SDL 2012     1.00          104.00          6.2536
 02327 6.80% GUJARAT SDL 2012       1.40          103.70          6.2936
 02327 6.80% GUJARAT SDL 2012       1.00          103.78          6.2829
 02327 6.80% GUJARAT SDL 2012       0.25          103.85          6.2736
 02332 6.80% KARNATAKA SDL 2012     0.60          104.50          6.1873
     Total                         41.7272
C. Treasury Bills
   (i) 14 Day Bills (Maturity-wise)
       (DD/MM/YYYY)
                                           NIL
   (ii) 91 Day Bills (Maturity-wise)
       (DD/MM/YYYY)
          Contract Date : January 09, 2003
        24/01/2003                  0.03           99.7827         5.2846
        24/01/2003                  5.00           99.7818         5.3066
        14/02/2003                  5.00           99.4800         5.2853
        14/03/2003                 15.9375         99.0792         5.2857
        14/03/2003                  6.00           99.0784         5.2904
        14/03/2003                  5.00           99.0784         5.2904
        21/03/2003                  5.00           98.9738         5.3156
        28/03/2003                  5.835          98.8571         5.3952
        28/03/2003                 30.00           98.8717         5.3255
        28/03/2003                 15.00           98.8759         5.3054
        28/03/2003                 20.00           98.8592         5.3852
        04/04/2003                  0.14           98.7922         5.2355
     Total                        112.9425
   (iii) 182 Day Bills (Maturity-wise)
       (DD/MM/YYYY)
                                           NIL
   (iv) 364 Day Bills (Maturity-wise)
       (DD/MM/YYYY)
          Contract Date : January 08, 2003
        03/10/2003                  0.45           96.2135         5.3453
        31/10/2003                  2.25           95.8404         5.3372
          Contract Date : January 09, 2003
        10/01/2003                  2.00          100.0000         0.0000
        17/10/2003                  0.15           96.0300         5.3552
        17/10/2003                 10.00           96.0442         5.3353
        14/11/2003                  8.40           95.5510         5.4849
     Total                         23.25
II.  REPO Transactions *
    (Other than with RBI)---------------------------------------------------------------------------
 Loan  Nomenclature                Amount      Price *   Repo Rate   Repo
 Code                            (Face Value) Per Rs.100   (%pa)    Period
                                 (in Rs.Crore) Nominal              (Days)
           (1)                      (2)          (3)        (4)      (5)
---------------------------------------------------------------------------
A. Government of India Dated Securities
 97008  11.83 %  2003              50.00      103.20        5.10       1
 94003  12.50 %  2004              35.00      108.12        5.25       1
 97007  12.59 %  2004              20.00      109.70        5.30       1
 97010  11.19 %  2005              15.00      113.50        5.20       1
 97010  11.19 %  2005              32.00      113.50        5.20       1
 97010  11.19 %  2005              15.00      113.50        5.20       1
 99008  11.68 %  2006              35.00      118.00        5.20       1
 00013  11.00 %  2006              41.00      117.10        5.25       1
 01012   5.72 %  2006             100.00      100.00        5.20       5
 01012   5.72 %  2006             100.00      100.00        5.20       5
 01012   5.72 %  2006             150.00      100.00        5.10       1
 01012   5.72 %  2006              45.00      100.00        5.10       1
 01012   5.72 %  2006             100.00      100.00        5.10       1
 01012   5.72 %  2006              10.00      100.00        5.10       1
 87011  11.50 %  2007              12.00      123.00        5.20       4
 88008  11.50 %  2008              13.00      126.00        5.20       4
 88008  11.50 %  2008              32.00      126.00        5.25       1
 00010  10.95 %  2011              30.00      131.75        5.25       1
 00017  11.50 %  2011              50.00      137.45        5.25       1
 00017  11.50 %  2011              80.00      137.45        5.55       1
 00017  11.50 %  2011              20.00      137.40        5.55       1
 00017  11.50 %  2011              10.00      137.35        5.65       1
 00012  11.03 %  2012              22.00      135.60        5.20       1
 00012  11.03 %  2012              22.00      135.60        5.10       1
 01005   9.81 %  2013               2.80      128.70        5.50       1
 01005   9.81 %  2013              70.00      128.85        5.25       1
 01005   9.81 %  2013              75.00      128.85        5.25       4
 99020  11.83 %  2014              80.00      146.25        5.25       5
 99020  11.83 %  2014              10.00      146.25        5.25       1
 01001  10.47 %  2015              20.00      136.00        6.50       1
 00015  11.43 %  2015              15.00      145.00        5.25       1
 02018   7.38 %  2015              65.00      111.70        5.20       1
 02018   7.38 %  2015              26.05      111.65        5.25       1
 02001   8.07 %  2017              22.00      118.00        5.20       1
 02007   7.49 %  2017              10.00      112.50        5.25       5
 02007   7.49 %  2017              15.00      112.50        5.25       1
 01004  10.45 %  2018              20.00      142.00        5.25       1
 01004  10.45 %  2018               8.00      141.50        6.50       1
 01004  10.45 %  2018               9.35      141.75        5.25       1
 01008  10.03 %  2019              21.00      138.60        5.20       1
 02011   8.35 %  2022              17.00      122.30        5.20       1
 02015   7.95 %  2032              41.00      119.25        5.25       1
 02015   7.95 %  2032              21.00      119.25        5.25       4
     Total                       1587.20
B. State Government Securities
                                           NIL
C. Treasury Bills
   (i) 14 Day Bills (Maturity-wise)
      (DD/MM/YYYY)                                           NIL
   (ii) 91 Day Bills (Maturity-wise)
      (DD/MM/YYYY)
                                           NIL
   (iii) 182 Day Bills (Maturity-wise)
      (DD/MM/YYYY)
                                           NIL
   (iv) 364 Day Bills (Maturity-wise)
       (DD/MM/YYYY)
        07/03/2003                 25.00       99.1791      5.25       5
        07/03/2003                 25.00       99.1791      5.25       5
        07/03/2003                 25.00       99.1791      5.25       5
        07/03/2003                 25.00       99.1791      5.25       5
        04/04/2003                 20.00       98.7694      5.15       1
        13/06/2003                 25.00       97.7786      5.00       1
        13/06/2003                 25.00       97.7786      5.00       1
        13/06/2003                 20.00       97.7786      5.00       1
        11/07/2003                 30.00       97.3877      5.15       1
        08/08/2003                 25.00       96.9729      5.25       5
        08/08/2003                 25.00       96.9729      5.25       5
        08/08/2003                 25.00       96.9729      5.25       5
        08/08/2003                 25.00       96.9729      5.25       5
     Total                        320.00
---------------------------------------------------------------------------
  * Relate to the first leg of Repos
  # YTM(indicative) will depend upon assumed rate of inflation
Date :  09 January 2003