Reserve Bank of India - Foreign Exchange Data From 27/01/2003 to 31/01/2003
All Figures are in USD Millions
MERCHANT INTER BANK
FCY/INR FCY/FCY FCY/INR FCY/FCY
Position Spot Forwd Forwd Spot Forwd Forwd Spot Swap Forwd Spot Swap Forwd
Date Cancel Cancel
Purchases
27/01/2003 371 137 27 11 14 21 672 1,093 29 420 177 5
28/01/2003 444 212 37 7 23 18 845 1,186 45 491 250 4
29/01/2003 370 224 122 8 22 26 875 1,315 34 460 446 5
30/01/2003 444 258 747 5 30 8 933 1,657 90 489 238 16
31/01/2003 506 367 129 9 30 76 846 1,504 59 379 313 12
Sales
27/01/2003 351 104 81 12 15 13 578 1,102 50 456 179 4
28/01/2003 313 172 155 8 27 19 859 1,079 31 424 248 2
29/01/2003 397 221 167 8 26 16 797 1,099 44 468 377 7
30/01/2003 368 910 85 4 29 12 1,264 1,702 34 509 232 10
31/01/2003 559 186 118 9 39 77 953 1,473 78 392 293 13