Dated Securities and Treasury Bills at RBI,
Mumbai on 21 January 2000
Amount Price * YTM %
(in nominal
5.00 99.692 9.4434
12.14 % 10.00 100.85 9.5668
11.55 % 5.00 101.95
11.55 % 10.00 101.95
11.55 % 15.00 101.95
11.55 % 5.00
11.55 % 10.00 101.95
11.55 % 5.00 101.95
11.55 % 5.00 101.94
11.55 % 10.00
11.55 % 10.00 101.95
11.75 % 10.00 102.39
11.75 % 5.00 102.40
11.75 % 5.00 102.40
11.75 % 5.00 102.40
12.69 % 25.00 104.85
12.69 % 5.00 104.90
11.68 % 10.00 103.20
11.68 % 5.00 103.18
11.68 % 5.00 103.17
11.15 % 10.00 102.15
11.15 % 10.00 102.15
11.15 % 10.00 102.13
11.15 % 5.00
11.15 % 5.00 102.15
11.15 % 5.00 102.17
11.15 % 5.00
11.15 % 5.00
11.15 % 5.00
11.15 % 5.00 102.15
11.15 % 5.00 102.17
11.15 % 20.00 102.15
11.15 % 5.00 102.15
11.15 % 25.00 102.20
11.15 % 5.00 102.15
11.15 % 10.00 102.15
11.15 % 10.00 102.13
11.15 % 5.00 102.15
12.50 % 5.00 106.88
12.50 % 5.00 106.79
12.50 % 5.00 106.90
12.50 % 5.00 106.96
12.50 % 5.00 106.95
12.50 % 5.00 107.01
12.50 % 10.00 106.97
2004200420042004200420042004200220022002200220022002200220022002200220022002200220022002200220022002200220022002200220022001200120012001200120012001200120012001200120012001200020001
10.3882
10.3766
10.3939
10.3910
10.4084
10.4401
10.4141
10.1809
10.1897
10.1809
10.1809
10.1590
10.1809
10.1809
10.1721
10.1809
10.1700 102.175
10.1700 102.175
10.1700 102.175
10.1721
10.1809
10.1831 102.145
10.1897
10.1809
10.1809
10.2271
10.2226
10.2137
10.2292
10.2533
10.0678
10.0678
10.0678
10.0746
10.0585
10.0679 101.937
10.0660
10.0585
10.0585
10.0548 101.955
10.0585
10.0585
10.0585
Zero Coupon Bond
A. Government of India Dated Securities
I. Outright Transactions
Rs.Crore)
Indicative Per Rs.100 (Face Value)
Nomenclature
Subsidiary General Ledger Account Transactions in Government12.50 % 5.00 107.02
12.50 % 5.00 106.85
12.50 % 5.00 106.81
12.50 % 5.00 106.96
12.50 % 5.00 106.94
12.50 % 5.00 106.98
12.50 % 5.00 106.98
12.50 % 5.00 106.99
12.50 % 5.00 106.98
12.50 % 10.00 106.99
12.50 % 5.00
12.50 % 5.00 106.98
12.50 % 5.00 106.90
12.50 % 25.00 106.85
12.50 % 5.00 106.83
11.50 % 5.00 103.67
11.98 % 5.00 105.60
11.98 % 10.00 105.65
11.98 % 5.00 105.65
11.98 % 5.00 105.66
11.98 % 5.00 105.68
11.98 % 5.00 105.69
11.98 % 5.00 105.65
11.98 % 5.00 105.65
11.98 % 5.00 105.66
11.98 % 5.00 105.66
11.98 % 5.00 105.65
11.98 % 5.00 105.65
11.98 % 5.00 105.64
11.98 % 5.00 105.66
10.50 % 10.00 100.10
10.50 % 20.00 100.10
11.19 % 5.00 102.88
11.19 % 5.00 102.89
11.19 % 5.00 102.92
11.19 % 5.00
11.19 % 5.00 102.93
14.00 % 0.15 114.40
8.25 % 2.00 90.27
8.25 % 1.25 90.47
11.68 % 5.00 104.92
11.68 % 10.00 104.89
11.68 % 5.00 104.86
11.68 % 15.00 105.00
11.68 % 5.00 104.90
11.68 % 20.00 105.00
11.68 % 5.00
11.68 % 5.00 104.98
11.68 % 5.00 105.00
11.68 % 10.00 104.97
11.68 % 5.00 104.97
11.68 % 5.00 104.90
11.68 % 5.00 104.97
11.68 % 5.00 104.90
11.68 % 5.00 105.00
2006200620062006200620062006200620062006200620062006200620062005200520052005200520052005200520052004200420042004200420042004200420042004200420042004200420042004200420042004200420042004200420042004200420042004200420042
10.5550
10.5766
10.5614
10.5766
10.5614
10.5614
10.5550
10.5593
10.5755 104.905
10.5550
10.5766
10.5550
10.5852
10.5787
10.5723
10.5016
10.5521
10.5393 2005(INSTA
10.4776
10.4860 102.895
10.4800
10.4871
10.4895
10.4677
10.4677
10.4007
10.4061
10.4034
10.4034
10.4007
10.4007
10.4034
10.4034
10.3927
10.3954
10.4007
10.4034
10.4034
10.4168
10.4093
10.4286
10.4228
10.4084
10.3853
10.4069 106.905
10.3824
10.3853
10.3824
10.3853
10.3853
10.3968
10.3910
10.4344
10.4228
10.373711.68 % 5.00 105.00
11.68 % 5.00 104.97
11.68 % 5.00 104.84
11.68 % 5.00 104.93
11.68 % 5.00 104.90
11.68 % 5.00 105.00
11.68 % 5.00 104.93
11.68 % 5.00 104.95
11.75 % 5.00 105.27
11.75 % 5.00 105.31
11.75 % 5.00 105.31
11.75 % 5.00 105.28
11.75 % 5.00 105.28
11.75 % 10.00 105.28
11.75 % 5.00 105.30
11.75 % 10.00 105.30
11.90 % 5.00 106.28
11.90 % 5.00 106.28
11.90 % 5.00 106.26
11.90 % 5.00 106.23
11.90 % 10.00 106.27
11.90 % 5.00 106.28
11.90 % 5.00 106.30
11.90 % 25.00 105.82
11.90 % 25.00 105.82
11.90 % 5.00 106.28
11.90 % 5.00 106.28
11.90 % 5.00 106.20
11.90 % 10.00 106.28
11.90 % 5.00 106.32
11.90 % 5.00 106.30
11.90 % 5.00 106.30
11.90 % 5.00 106.22
11.90 % 5.00 106.17
11.90 % 5.00 106.18
11.90 % 10.00 106.18
11.90 % 5.00 106.25
11.90 % 10.00 106.28
11.90 % 5.00 106.28
11.90 % 15.00 106.28
11.90 % 5.00 106.18
11.90 % 5.00 106.28
11.90 % 5.00 106.28
11.90 % 10.00 106.05
11.90 % 5.00 106.20
11.90 % 10.00 106.20
11.90 % 5.00 106.29
11.90 % 5.00 106.26
11.50 % 5.00 104.30
11.50 % 5.00 104.35
11.50 % 5.00 104.30
11.50 % 5.00 104.30
11.50 % 5.00 104.30
12.00 % 5.00 106.85
12.00 % 5.00 106.90
20082008200720072007200720072007200720072007200720072007200720072007200720072007200720072007200720072007200720072007200720072007200720072007200720072007200720062006200620062006200620062006200620062006200620062006200620063
10.7152
10.7240
10.6608
10.6608
10.6608
10.6514
10.6608
10.6447
10.6389
10.6562
10.6562
10.6849
10.6408
10.6408
10.6600
10.6408
10.6408
10.6408
10.6466
10.6600
10.6600
10.6619
10.6523
10.6370
10.6370
10.6332
10.6408
10.6562
10.6408
10.6408
10.7292
10.7292
10.6370
10.6408
10.6428
10.6504
10.6447
10.6408
10.6408
10.5599
10.5599
10.5642
10.5642
10.5642
10.5577
10.5577
10.5664
10.5658
10.5701
10.5550
10.5766
10.5701
10.5896
10.5614
10.555012.00 % 5.00
12.00 % 5.00 106.90
12.00 % 5.00 106.74
12.00 % 5.00 106.90
12.00 % 5.00 166.91 2.8645
12.00 % 5.00 106.85
12.00 % 10.00
12.00 % 5.00 106.80
12.00 % 10.00 106.84
12.00 % 5.00 106.85
12.00 % 5.00 106.91
12.00 % 5.00 106.89
12.00 % 5.00 106.90
12.00 % 5.00 106.84
12.00 % 5.00 106.84
12.00 % 5.00 106.85
12.00 % 10.00 106.90
12.00 % 10.00 106.75
12.00 % 5.00 106.81
12.00 % 5.00 106.82
12.00 % 5.00 106.87
12.00 % 5.00 106.83
12.00 % 5.00 106.90
12.00 % 5.00 106.89
12.00 % 5.00 106.90
12.00 % 10.00 106.88
12.00 % 5.00 106.90
12.00 % 5.00 106.83
12.00 % 5.00 106.90
11.50 % 5.00 104.16
11.50 % 5.00 104.25
11.50 % 5.00 104.20
11.50 % 5.00 104.21
12.25 % 5.00 108.32
12.25 % 5.00 108.28
11.99 % 5.00 106.65
11.99 % 15.00 106.65
11.99 % 5.00 106.55
11.99 % 10.00 106.46
11.99 % 5.00 106.50
11.99 % 5.00 106.45
11.99 % 5.00 106.66
11.99 % 5.00 106.45
11.99 % 5.00 106.50
11.99 % 5.00 106.45
11.99 % 5.00 106.69
11.99 % 5.00 106.73
11.99 % 5.00
11.99 % 5.00 106.70
11.99 % 5.00 106.60
11.99 % 10.00 106.45
11.99 % 5.00 106.64
11.99 % 5.00 106.64
11.99 % 5.00 106.55
11.99 % 5.00 106.55
20092009200920092009200920092009200920092009200920092009200920092009200920092009200820082008200820082008200820082008200820082008200820082008200820082008200820082008200820082008200820082008200820082008200820082008200820084
10.8413
10.8413
10.8263
10.8263
10.8580
10.8330
10.8164
10.8239 106.655
10.8114
10.8180
10.8580
10.8497
10.8580
10.8230
10.8580
10.8497
10.8564
10.8413
10.8247
10.8247
10.7484
10.7415
10.7178
10.7196
10.7106
10.7267
10.7152
10.7276
10.7152
10.7187
10.7152
10.7170
10.7152
10.7276
10.7205
10.7293
10.7311
10.7417
10.7152
10.7240
10.7258
10.7258
10.7152
10.7170
10.7134
10.7240
10.7258
10.7329
10.7178 106.885
10.7240
10.7152
10.7435
10.7152
10.7143 106.90511.99 % 10.00 106.48
11.99 % 5.00 106.65
11.99 % 20.00 106.60
11.99 % 5.00 106.45
11.99 % 5.00 106.63
11.99 % 10.00 106.63
11.99 % 5.00 106.59
11.99 % 5.00 106.45
11.99 % 5.00 106.45
11.99 % 5.00 106.54
11.99 % 5.00 106.67
11.99 % 5.00 106.65
11.99 % 5.00 106.70
11.99 % 5.00 106.63
11.99 % 5.00 106.52
11.99 % 5.00 106.65
11.99 % 10.00 106.60
11.99 % 10.00 106.50
11.99 % 5.00 106.60
11.99 % 5.00 106.55
11.99 % 5.00 106.60
11.99 % 10.00 106.75
11.99 % 10.00 106.45
11.99 % 5.00 106.60
11.99 % 5.00 106.54
11.99 % 5.00 106.71
11.99 % 5.00 106.65
11.99 % 5.00 106.65
11.99 % 5.00 106.60
11.99 % 5.00 106.70
11.99 % 5.00 106.70
11.99 % 5.00 106.62
11.99 % 5.00 106.45
11.99 % 5.00 106.66
11.99 % 5.00 106.62
11.99 % 5.00 106.60
11.99 % 5.00 106.66
11.99 % 5.00 106.72
11.99 % 5.00 106.54
11.99 % 5.00 106.63
11.99 % 5.00 106.62
11.99 % 25.00 106.64
11.99 % 5.00 106.63
11.99 % 5.00 106.66
11.99 % 5.00 106.63
11.99 % 10.00 106.64
11.99 % 5.00 106.48
11.99 % 10.00 106.74
11.50 % 1.00 103.81
11.50 % 1.00 103.90
12.40 % 5.00 108.65
12.40 % 5.00 108.60
12.40 % 5.00 108.55
12.40 % 5.00 108.65
12.40 % 5.00 108.65
12.40 % 5.00 108.80
201320132013201320132013201020092009200920092009200920092009200920092009200920092009200920092009200920092009200920092009200920092009200920092009200920092009200920092009200920092009200920092009200920092009200920092009200920095
11.1255
11.1458
11.1458
11.1594
11.1526
11.1458
10.8604
10.8343
10.8097
10.8530
10.8263
10.8280
10.8230
10.8280
10.8263
10.8297
10.8280
10.8430
10.8130
10.8230
10.8330
10.8297
10.8230
10.8580
10.8297
10.8164
10.8164
10.8330
10.8247
10.8247
10.8147
10.8430
10.8330
10.8580
10.8080
10.8330
10.8413
10.8330
10.8497
10.8330
10.8247
10.8464
10.8280
10.8164
10.8247
10.8214
10.8430
10.8580
10.8580
10.8347
10.8280
10.8280
10.8580
10.8330
10.8247
10.853012.40 % 5.00 108.70
12.40 % 5.00 108.60
12.40 % 5.00 108.59
12.40 % 5.00 108.62
12.40 % 5.00 108.63
12.40 % 10.00 108.73
12.40 % 10.00 108.60
12.40 % 5.00 108.75
12.40 % 5.00 108.65
12.40 % 5.00 108.65
12.40 % 5.00 108.65
12.40 % 5.00 108.75
12.40 % 5.00 108.70
12.40 % 5.00 108.63
12.40 % 5.00 108.60
12.40 % 5.00 108.60
12.40 % 5.00 108.55
12.40 % 0.12 108.70
12.40 % 10.00 108.59
12.40 % 1.00 108.40
12.40 % 5.00 108.60
12.40 % 10.00 108.70
12.40 % 10.00 108.59
12.40 % 5.00 108.60
12.40 % 5.00 108.45
12.40 % 5.00 108.58
12.40 % 5.00 108.43
12.40 % 5.00 108.70
12.40 % 5.00 108.45
12.40 % 8.00 108.60
12.40 % 5.00 108.55
12.40 % 5.00 108.52
12.40 % 5.00 108.48
12.40 % 5.00 108.65
11.83 % 5.00 104.63
11.83 % 5.00 104.63
11.83 % 5.00
11.83 % 5.00 104.60
11.83 % 10.00 104.60
11.83 % 5.00 104.63
11.83 % 5.00 104.65
11.83 % 5.00 104.57
11.83 % 10.00 104.48
11.83 % 5.00 104.40
11.83 % 5.00 104.45
11.83 % 5.00 104.55
11.83 % 5.00 104.66
11.83 % 5.00 104.70
11.83 % 5.00 104.60
11.83 % 5.00 104.45
11.83 % 5.00 104.65
11.83 % 5.00 104.42
11.83 % 5.00 104.70
11.83 % 5.00 104.75
11.83 % 5.00 104.55
20142014201420142014201420142014201420142014201420142014201420142014201420142014201420132013201320132013201320132013201320132013201320132013201320132013201320132013201320132013201320132013201320132013201320132013201320136
11.1888
11.1618
11.1685
11.2063
11.1753
11.2023
11.1820
11.1685
11.1739
11.1888
11.2023
11.2090
11.1982
11.1861
11.1753
11.1780
11.1820
11.1820
11.1786 104.625
11.1780
11.1780
11.1458
11.1689
11.1635
11.1594
11.1526
11.1730
11.1390
11.1758
11.1553
11.1730
11.1526
11.1540
11.1390
11.1526
11.1798
11.1540
11.1390
11.1594
11.1526
11.1526
11.1486
11.1390
11.1323
11.1458
11.1458
11.1458
11.1323
11.1526
11.1350
11.1486
11.1499
11.1540
11.1526
11.139011.83 % 5.00 104.60
11.83 % 10.00 104.45
11.83 % 5.00 104.67
11.83 % 10.00 104.80
11.83 % 5.00 104.60
11.83 % 10.00
11.83 % 5.00 104.60
11.83 % 5.00 104.75
11.83 % 5.00 104.80
11.83 % 5.00 104.80
11.83 % 5.00 104.70
11.83 % 5.00 104.72
11.83 % 5.00 104.70
11.83 % 5.00 104.60
11.83 % 10.00 104.61
11.83 % 10.00 104.70
11.83 % 10.00 104.65
11.83 % 10.00 104.65
11.83 % 10.00 104.47
11.83 % 5.00 104.62
11.83 % 5.00 104.50
11.83 % 5.00 104.75
11.83 % 5.00 104.75
11.83 % 10.00 104.80
11.83 % 5.00 104.75
11.83 % 5.00 104.65
11.83 % 20.00 104.59
11.83 % 5.00 104.60
11.83 % 10.00 104.48
11.83 % 5.00 104.60
11.83 % 5.00 104.60
11.83 % 5.00 104.62
11.83 % 5.00 104.62
11.83 % 5.00 104.60
11.83 % 5.00 104.64
11.83 % 5.00 104.50
11.83 % 5.00 104.50
11.50 % 5.00 102.45
12.30 % 5.00 108.00
12.30 % 5.00 107.99
12.30 % 10.00 108.00
12.30 % 5.00 107.90
12.30 % 5.00 107.85
12.30 % 10.00 108.02
12.30 % 5.00 107.80
12.30 % 5.00 107.85
12.60 % 5.00 110.00
12.60 % 10.00 110.10
12.60 % 5.00 109.90
12.60 % 5.00 110.10
12.60 % 5.00 110.10
12.60 % 5.00 110.10
12.60 % 5.00 110.00
12.60 % 10.00 110.10
12.60 % 5.00 110.05
20182018201820182018201820182018201820162016201620162016201620162016201520142014201420142014201420142014201420142014201420142014201420142014201420142014201420142014201420142014201420142014201420142014201420142014201420147
11.2960
11.2900
11.3019
11.2900
11.2900
11.2900
11.3139
11.2900
11.3019
11.2405
11.2468
11.2189
11.2405
11.2341
11.2215
11.2227
11.2215
11.1581
11.1955
11.1955
11.1766
11.1820
11.1793
11.1793
11.1820
11.1820
11.1982
11.1820
11.1834
11.1753
11.1618
11.1551
11.1618
11.1618
11.1955
11.1793
11.1996
11.1753
11.1753
11.1685
11.1807
11.1820
11.1685
11.1658
11.1685
11.1551
11.1551
11.1618
11.1820
11.1571 104.785
11.1820
11.1551
11.1726
11.2023
11.182012.60 % 5.00 109.91
12.60 % 5.00 110.00
12.60 % 5.00 110.00
12.60 % 5.00 110.00
Total
2.00 108.60
2.00 108.50
1.00 102.10
0.30 100.06
Total 5.30
(
25.00 8.3281
3.40 7.9792
10.00 8.2276
5.00 7.7801
Total 18.40
31.50 9.4940
3.00 8.4742
0.8946 4.9864
6.00 8.3751
7.00 8.7265
Total
Amount Price *
(%pa)
(in 
(1) (2) (3) (4) (5)
11.55 % 20.00 102.00 8.20
11.15 % 15.00 102.05 8.20
12.50 % 50.00 107.00 8.35
12.50 % 25.00 106.85 9.00
12.50 % 12.70 106.83 8.50
10.00 % 50.00 100.00 8.40
13.05 % 25.00 111.00 8.35
11.83 % 30.00 104.40 9.25
Total 227.70
2920144200762006142004292004320043200242001Nominal20182018201820188
Date : 21 January 2000
# YTM(indicative) will depend upon assumed rate of inflation
Repos * Relate to the first leg of 
NIL B. Treasury Bills
A. Government of India Dated Securities
(Days) Rs.Crore)
Period Per Rs.100 (Face Value)
Repo Repo Rate Nomenclature
(Other than with RBI)
II. REPO Transactions *
16.8946
99.1679 25/02/2000
99.8392 28/01/2000
99.9042 28/01/2000
99.8373 28/01/2000
(DD/MM/YYYY)
(iv) 364 Day Bills (Maturity-wise)
95.4919 20/07/2000
(DD/MM/YYYY)
(iii) 182 Day Bills (Maturity-wise)
99.8293 29/01/2000
99.8195 29/01/2000
99.8031 29/01/2000
(DD/MM/YYYY)
(ii) 91 Day Bills (Maturity-wise)
99.8173 29/01/2000
(DD/MM/YYYY)
i) 14 Day Bills (Maturity-wise)
C. Treasury Bills
11.0697 11.08% KARNATAKA G.S. 2010
11.4785 11.85% MAHARASTRA SDL 2009
11.2964 13.05% MAHARASHTRA SDL 2007
11.2770 13.05% MAHARASHTRA SDL 2007
B. State Government Securities
2419.52
11.3019
11.3019
11.3019
11.3127