Subsidiary General Ledger Account Transactions
in Government Dated Securities and Treasury Bills
at RBI, Mumbai on 19 October 2002
---------------------------------------------------------------------------
 Loan  Nomenclature              Amount           Price *        YTM %
 Code                            (Face Value)     Per Rs.100   Indicative
                                 (in Rs.Crore)    nominal
---------------------------------------------------------------------------
I.  Outright Transactions
A.Government of India Dated Securities
          Contract Date : October 18, 2002
 02005   6.65 %  2009               5.00          100.20           6.6108
 02009   7.40 %  2012              25.00          102.50           7.0352
 02009   7.40 %  2012              25.00          102.53           7.0309
 02009   7.40 %  2012              25.00          102.52           7.0323
 02009   7.40 %  2012              25.00          102.50           7.0352
 02009   7.40 %  2012              25.00          102.50           7.0352
 00012  11.03 %  2012              25.00          127.40           7.0869
 01005   9.81 %  2013               5.00          119.92           7.1043
 02017   7.27 %  2013              25.00          101.45           7.0750
 02001   8.07 %  2017              25.00          106.23           7.3548
 02001   8.07 %  2017               5.00          106.08           7.3713
 02014   7.46 %  2017               1.00          101.21           7.3235
          Contract Date : October 19, 2002
 98022  11.98 %  2004               5.00          110.50           6.0002
 98022  11.98 %  2004              10.00          110.50           6.0002
 98009  11.90 %  2007               5.00          122.55           6.1961
 00016  11.40 %  2008              10.00          123.97           6.4274
 00016  11.40 %  2008              15.00          123.97           6.4274
 00016  11.40 %  2008               5.00          123.98           6.4256
 00016  11.40 %  2008               5.00          123.99           6.4238
 00016  11.40 %  2008              10.00          123.94           6.4328
 00016  11.40 %  2008               5.00          123.92           6.4364
 00016  11.40 %  2008              20.00          123.95           6.4310
 02005   6.65 %  2009               5.00          100.25           6.6011
 02005   6.65 %  2009               5.00          100.24           6.6030
 02005   6.65 %  2009               1.00          100.06           6.6377
 02005   6.65 %  2009               0.50          100.06           6.6377
 99006  11.99 %  2009               5.00          128.050          6.5913
 99006  11.99 %  2009               5.00          128.06           6.5896
 99006  11.99 %  2009               5.00          128.010          6.5979
 99006  11.99 %  2009               5.00          128.03           6.5946
 99006  11.99 %  2009              10.00          128.00           6.5995
 79002   7.00 %  2009               0.50          100.85           6.8360
 02010   7.55 %  2010               5.00          104.77           6.7340
 02010   7.55 %  2010              10.00          104.77           6.7340
 02010   7.55 %  2010              20.00          104.77           6.7340
 02010   7.55 %  2010              10.00          104.77           6.7340
 02010   7.55 %  2010               5.00          104.72           6.7423
 02010   7.55 %  2010               5.00          104.73           6.7407
 02010   7.55 %  2010              10.00          104.72           6.7423 02010   7.55 %  2010               5.00          104.72           6.7423
 02010   7.55 %  2010              10.00          104.71           6.7440
 02010   7.55 %  2010               5.00          104.73           6.7407
 02010   7.55 %  2010               5.00          104.73           6.7407
 02010   7.55 %  2010               5.00          104.75           6.7374
 02010   7.55 %  2010              10.00          104.75           6.7374
 02010   7.55 %  2010               5.00          104.75           6.7374
 02010   7.55 %  2010              10.00          104.74           6.7390
 02010   7.55 %  2010               5.00          104.76           6.7357
 02010   7.55 %  2010               5.00          104.72           6.7423
 02010   7.55 %  2010               5.00          104.73           6.7407
 02010   7.55 %  2010               5.00          104.73           6.7407
 02010   7.55 %  2010               5.00          104.74           6.7390
 02010   7.55 %  2010               5.00          104.72           6.7423
 02010   7.55 %  2010              10.00          104.70           6.7457
 02010   7.55 %  2010              10.00          104.71           6.7440
 02010   7.55 %  2010               5.00          104.70           6.7457
 02010   7.55 %  2010               5.00          104.73           6.7407
 02010   7.55 %  2010               5.00          104.74           6.7390
 02010   7.55 %  2010               5.00          104.70           6.7457
 02010   7.55 %  2010               5.00          104.74           6.7390
 02010   7.55 %  2010               5.00          104.73           6.7407
 00014  11.30 %  2010              10.00          126.62           6.8268
 00014  11.30 %  2010              10.00          126.60           6.8297
 82013   8.75 %  2010               0.50          110.85           6.9793
 82013   8.75 %  2010               0.50          111.40           6.8957
 81005   8.00 %  2011               2.00          105.00           7.2042
 81005   8.00 %  2011               1.00          105.35           7.1504
 00010  10.95 %  2011               5.00          124.70           7.0698
 01007   9.39 %  2011               5.00          115.40           6.9947
 01007   9.39 %  2011               5.00          115.40           6.9947
 01007   9.39 %  2011              10.00          115.40           6.9947
 01007   9.39 %  2011               5.00          115.40           6.9947
 01007   9.39 %  2011               5.00          115.45           6.9876
 01007   9.39 %  2011               5.00          115.40           6.9947
 01007   9.39 %  2011               5.00          115.40           6.9947
 01007   9.39 %  2011               5.00          115.38           6.9975
 01007   9.39 %  2011               5.00          115.385          6.9968
 01007   9.39 %  2011               5.00          115.38           6.9975
 01007   9.39 %  2011               5.00          115.39           6.9961
 01007   9.39 %  2011               5.00          115.39           6.9961
 01007   9.39 %  2011              10.00          115.395          6.9954
 01007   9.39 %  2011              10.00          115.39           6.9961
 01007   9.39 %  2011               5.00          115.40           6.9947
 01007   9.39 %  2011               5.00          115.40           6.9947
 01007   9.39 %  2011               5.00          115.40           6.9947
 01007   9.39 %  2011               5.00          115.42           6.9918
 01007   9.39 %  2011              10.00          115.42           6.9918
 01007   9.39 %  2011               5.00          115.42           6.9918
 01007   9.39 %  2011               0.50          115.38           6.9975
 01007   9.39 %  2011              10.00          115.415          6.9926
 01007   9.39 %  2011               5.00          115.41           6.9933
 01007   9.39 %  2011              10.00          115.42           6.9918
 01007   9.39 %  2011               5.00          115.42           6.9918
 01007   9.39 %  2011               5.00          115.42           6.9918
 01007   9.39 %  2011               5.00          115.40           6.9947
 01007   9.39 %  2011               5.00          115.42           6.9918 01007   9.39 %  2011               5.00          115.42           6.9918
 01007   9.39 %  2011               5.00          115.44           6.9890
 01007   9.39 %  2011               5.00          115.41           6.9933
 01007   9.39 %  2011               5.00          115.39           6.9961
 01007   9.39 %  2011              10.00          115.42           6.9918
 01007   9.39 %  2011              15.00          115.40           6.9947
 01007   9.39 %  2011               5.00          115.41           6.9933
 91012  11.50 %  2011              10.00          128.35           7.1060
 91012  11.50 %  2011               5.00          128.28           7.1152
 91012  11.50 %  2011               5.00          128.28           7.1152
 00017  11.50 %  2011               5.00          129.860          7.0040
 00017  11.50 %  2011              15.00          129.85           7.0053
 00017  11.50 %  2011               5.00          129.830          7.0078
 00017  11.50 %  2011               5.00          129.830          7.0078
 00017  11.50 %  2011               5.00          129.82           7.0091
 00017  11.50 %  2011               5.00          129.800          7.0116
 00017  11.50 %  2011               5.00          129.81           7.0104
 00017  11.50 %  2011               5.00          129.800          7.0116
 00017  11.50 %  2011               5.00          129.81           7.0104
 00017  11.50 %  2011              10.00          129.800          7.0116
 00017  11.50 %  2011               5.00          129.825          7.0085
 00017  11.50 %  2011               5.00          129.830          7.0078
 00017  11.50 %  2011               5.00          129.81           7.0104
 00017  11.50 %  2011               5.00          129.830          7.0078
 00017  11.50 %  2011               5.00          129.830          7.0078
 00017  11.50 %  2011               5.00          129.830          7.0078
 00017  11.50 %  2011               5.00          129.830          7.0078
 00017  11.50 %  2011              10.00          129.830          7.0078
 00017  11.50 %  2011               5.00          129.830          7.0078
 00017  11.50 %  2011              10.00          129.830          7.0078
 00017  11.50 %  2011               5.00          129.82           7.0091
 00017  11.50 %  2011              15.00          129.830          7.0078
 00017  11.50 %  2011              25.00          129.82           7.0091
 00017  11.50 %  2011               5.00          129.82           7.0091
 00017  11.50 %  2011              10.00          129.860          7.0040
 00017  11.50 %  2011               5.00          129.830          7.0078
 00017  11.50 %  2011               5.00          129.830          7.0078
 00017  11.50 %  2011              10.00          129.800          7.0116
 00017  11.50 %  2011               5.00          129.800          7.0116
 00017  11.50 %  2011               5.00          129.830          7.0078
 00017  11.50 %  2011               5.00          129.81           7.0104
 00017  11.50 %  2011               5.00          129.790          7.0129
 00017  11.50 %  2011               0.03          129.60           7.0370
 00017  11.50 %  2011              10.00          129.770          7.0155
 00017  11.50 %  2011               5.00          129.790          7.0129
 00017  11.50 %  2011              10.00          129.790          7.0129
 00017  11.50 %  2011               5.00          129.790          7.0129
 00017  11.50 %  2011              10.00          129.78           7.0142
 00017  11.50 %  2011              25.00          129.82           7.0091
 00017  11.50 %  2011              25.00          129.790          7.0129
 02006   6.85 %  2012               0.50           99.25           6.9589
 02006   6.85 %  2012               5.00           99.50           6.9223
 02009   7.40 %  2012               5.00          102.56           7.0265
 02009   7.40 %  2012               5.00          102.55           7.0280
 02009   7.40 %  2012               5.00          102.52           7.0323
 02009   7.40 %  2012               5.00          102.51           7.0337
 02009   7.40 %  2012              10.00          102.50           7.0351 02009   7.40 %  2012              10.00          102.51           7.0337
 02009   7.40 %  2012               5.00          102.50           7.0351
 02009   7.40 %  2012              15.00          102.50           7.0351
 02009   7.40 %  2012               5.00          102.50           7.0351
 02009   7.40 %  2012               5.00          102.50           7.0351
 02009   7.40 %  2012               5.00          102.50           7.0351
 02009   7.40 %  2012               5.00          102.51           7.0337
 02009   7.40 %  2012              10.00          102.51           7.0337
 02009   7.40 %  2012               5.00          102.50           7.0351
 02009   7.40 %  2012               5.00          102.52           7.0323
 02009   7.40 %  2012               5.00          102.52           7.0323
 02009   7.40 %  2012               5.00          102.52           7.0323
 02009   7.40 %  2012               5.00          102.53           7.0308
 02009   7.40 %  2012               5.00          102.52           7.0323
 02009   7.40 %  2012               5.00          102.51           7.0337
 02009   7.40 %  2012              10.00          102.52           7.0323
 02009   7.40 %  2012               5.00          102.53           7.0308
 02009   7.40 %  2012               5.00          102.48           7.0380
 02009   7.40 %  2012               1.50          102.44           7.0437
 02009   7.40 %  2012               5.00          102.53           7.0308
 02009   7.40 %  2012              10.00          102.53           7.0308
 02009   7.40 %  2012               5.00          102.55           7.0280
 02009   7.40 %  2012               5.00          102.54           7.0294
 02009   7.40 %  2012               5.00          102.53           7.0308
 02009   7.40 %  2012               5.00          102.53           7.0308
 02009   7.40 %  2012               5.00          102.545          7.0287
 02009   7.40 %  2012               5.00          102.54           7.0294
 02009   7.40 %  2012              10.00          102.55           7.0280
 02009   7.40 %  2012               5.00          102.50           7.0351
 02009   7.40 %  2012               5.00          102.545          7.0287
 02009   7.40 %  2012               5.00          102.55           7.0280
 02009   7.40 %  2012              10.00          102.54           7.0294
 02009   7.40 %  2012               5.00          102.55           7.0280
 02009   7.40 %  2012              10.00          102.56           7.0265
 02009   7.40 %  2012              10.00          102.55           7.0280
 02009   7.40 %  2012               5.00          102.52           7.0323
 02009   7.40 %  2012               5.00          102.54           7.0294
 02009   7.40 %  2012               5.00          102.52           7.0323
 02009   7.40 %  2012               5.00          102.55           7.0280
 02009   7.40 %  2012               5.00          102.535          7.0301
 02009   7.40 %  2012               5.00          102.55           7.0280
 02009   7.40 %  2012               5.00          102.53           7.0308
 02009   7.40 %  2012               5.00          102.52           7.0323
 02009   7.40 %  2012              15.00          102.52           7.0323
 02009   7.40 %  2012               5.00          102.55           7.0280
 02009   7.40 %  2012               5.00          102.52           7.0323
 02009   7.40 %  2012              25.00          102.51           7.0337
 02009   7.40 %  2012              10.00          102.53           7.0308
 02009   7.40 %  2012               5.00          102.55           7.0280
 02009   7.40 %  2012               5.00          102.535          7.0301
 02009   7.40 %  2012               5.00          102.55           7.0280
 02009   7.40 %  2012               0.50          102.55           7.0280
 02009   7.40 %  2012              10.00          102.53           7.0308
 02009   7.40 %  2012               5.00          102.51           7.0337
 02009   7.40 %  2012              10.00          102.51           7.0337
 02009   7.40 %  2012               5.00          102.54           7.0294
 02009   7.40 %  2012               0.70          102.46           7.0409 02009   7.40 %  2012              10.00          102.54           7.0294
 02009   7.40 %  2012               5.00          102.53           7.0308
 02009   7.40 %  2012               5.00          102.55           7.0280
 02009   7.40 %  2012               5.00          102.54           7.0294
 02009   7.40 %  2012              10.00          102.52           7.0323
 02009   7.40 %  2012               0.50          102.59           7.0222
 02009   7.40 %  2012               5.00          102.545          7.0287
 02009   7.40 %  2012               5.00          102.515          7.0330
 02009   7.40 %  2012               5.00          102.52           7.0323
 02009   7.40 %  2012               5.00          102.52           7.0323
 02009   7.40 %  2012               5.00          102.52           7.0323
 02009   7.40 %  2012               5.00          102.52           7.0323
 02009   7.40 %  2012               5.00          102.51           7.0337
 02009   7.40 %  2012               5.00          102.51           7.0337
 02009   7.40 %  2012               5.00          102.51           7.0337
 02009   7.40 %  2012               5.00          102.51           7.0337
 02009   7.40 %  2012              10.00          102.52           7.0323
 02009   7.40 %  2012               2.00          102.56           7.0265
 02009   7.40 %  2012               5.00          102.52           7.0323
 02009   7.40 %  2012              25.00          102.55           7.0280
 02009   7.40 %  2012               5.00          102.545          7.0287
 02009   7.40 %  2012              25.00          102.53           7.0308
 02009   7.40 %  2012              25.00          102.54           7.0294
 02009   7.40 %  2012               5.00          102.55           7.0280
 02009   7.40 %  2012              25.00          102.51           7.0337
 02009   7.40 %  2012              25.00          102.55           7.0280
 02009   7.40 %  2012               5.00          102.53           7.0308
 00012  11.03 %  2012               5.00          127.46           7.0788
 00012  11.03 %  2012               5.00          127.40           7.0862
 00012  11.03 %  2012               5.00          127.46           7.0788
 00012  11.03 %  2012               5.00          127.38           7.0886
 00012  11.03 %  2012               5.00          127.39           7.0874
 00012  11.03 %  2012              10.00          127.39           7.0874
 00012  11.03 %  2012               5.00          127.39           7.0874
 00012  11.03 %  2012               5.00          127.38           7.0886
 00012  11.03 %  2012              10.00          127.39           7.0874
 00012  11.03 %  2012               5.00          127.405          7.0856
 00012  11.03 %  2012               5.00          127.40           7.0862
 00012  11.03 %  2012              10.00          127.43           7.0825
 00012  11.03 %  2012               5.00          127.43           7.0825
 00012  11.03 %  2012               5.00          127.43           7.0825
 00012  11.03 %  2012               5.00          127.42           7.0837
 00012  11.03 %  2012               5.00          127.44           7.0813
 00012  11.03 %  2012               5.00          127.44           7.0813
 00012  11.03 %  2012               5.00          127.44           7.0813
 00012  11.03 %  2012               5.00          127.44           7.0813
 00012  11.03 %  2012               5.00          127.45           7.0801
 02013   6.72 %  2012              10.00          101.90           6.4525
 00012  11.03 %  2012               5.00          127.45           7.0801
 02013   6.72 %  2012              25.00          101.90           6.4525
 00012  11.03 %  2012               5.00          127.43           7.0825
 00012  11.03 %  2012               5.00          127.43           7.0825
 00012  11.03 %  2012               5.00          127.43           7.0825
 00012  11.03 %  2012               5.00          127.425          7.0831
 00012  11.03 %  2012               5.00          127.43           7.0825
 00012  11.03 %  2012               5.00          127.42           7.0837
 00012  11.03 %  2012               5.00          127.43           7.0825 00012  11.03 %  2012               5.00          127.43           7.0825
 01009   9.40 %  2012               5.00          116.09           7.1062
 01009   9.40 %  2012               5.00          116.13           7.1010
 01009   9.40 %  2012               5.00          116.12           7.1023
 01009   9.40 %  2012              10.00          116.12           7.1023
 01009   9.40 %  2012               5.00          116.13           7.1010
 01009   9.40 %  2012               5.00          116.10           7.1049
 01009   9.40 %  2012               5.00          116.10           7.1049
 01009   9.40 %  2012               5.00          116.13           7.1010
 01009   9.40 %  2012               5.00          116.13           7.1010
 01009   9.40 %  2012               5.00          116.15           7.0984
 01009   9.40 %  2012               5.00          116.15           7.0984
 01009   9.40 %  2012              10.00          116.20           7.0920
 01009   9.40 %  2012               5.00          116.19           7.0933
 01009   9.40 %  2012               5.00          116.19           7.0933
 01009   9.40 %  2012               5.00          116.20           7.0920
 01009   9.40 %  2012               5.00          116.19           7.0933
 01009   9.40 %  2012              10.00          116.24           7.0868
 01009   9.40 %  2012               5.00          116.21           7.0907
 01009   9.40 %  2012               5.00          116.23           7.0881
 01009   9.40 %  2012               5.00          116.20           7.0920
 01009   9.40 %  2012               5.00          116.195          7.0926
 01009   9.40 %  2012              10.00          116.19           7.0933
 82005   9.00 %  2013               0.25          113.30           7.1841
 01005   9.81 %  2013               5.00          119.85           7.1123
 01005   9.81 %  2013               5.00          119.86           7.1111
 01005   9.81 %  2013               5.00          119.845          7.1129
 01005   9.81 %  2013              10.00          119.85           7.1123
 01005   9.81 %  2013               5.00          119.86           7.1111
 01005   9.81 %  2013               5.00          119.865          7.1105
 01005   9.81 %  2013               5.00          119.89           7.1075
 01005   9.81 %  2013               5.00          119.90           7.1063
 01005   9.81 %  2013               5.00          119.90           7.1063
 01005   9.81 %  2013               5.00          119.87           7.1099
 01005   9.81 %  2013               5.00          119.89           7.1075
 01005   9.81 %  2013               5.00          119.87           7.1099
 02017   7.27 %  2013               5.00          101.48           7.0710
 02017   7.27 %  2013               5.00          101.38           7.0842
 02017   7.27 %  2013              10.00          101.38           7.0842
 02017   7.27 %  2013              10.00          101.51           7.0671
 02017   7.27 %  2013              10.00          101.50           7.0684
 02017   7.27 %  2013               5.00          101.47           7.0724
 02017   7.27 %  2013               5.00          101.50           7.0684
 02017   7.27 %  2013               5.00          101.48           7.0710
 02017   7.27 %  2013               5.00          101.47           7.0724
 02017   7.27 %  2013               5.00          101.48           7.0710
 02017   7.27 %  2013               5.00          101.47           7.0724
 02017   7.27 %  2013               5.00          101.47           7.0724
 02017   7.27 %  2013               5.00          101.47           7.0724
 02017   7.27 %  2013               5.00          101.50           7.0684
 02017   7.27 %  2013               5.00          101.47           7.0724
 02017   7.27 %  2013               5.00          101.50           7.0684
 02017   7.27 %  2013               5.00          101.47           7.0724
 02017   7.27 %  2013               5.00          101.48           7.0710
 02017   7.27 %  2013               5.00          101.49           7.0697
 02017   7.27 %  2013               5.00          101.38           7.0842
 02017   7.27 %  2013              10.00          101.50           7.0684 02017   7.27 %  2013               5.00          101.50           7.0684
 02017   7.27 %  2013               2.00          101.50           7.0684
 84010  10.50 %  2014               0.02          122.60           7.5994
 99020  11.83 %  2014              15.00          135.15           7.3782
 99020  11.83 %  2014              10.00          135.15           7.3782
 01001  10.47 %  2015               5.00          124.89           7.3591
 01001  10.47 %  2015               0.16          124.50           7.4009
 01001  10.47 %  2015               0.015         124.40           7.4117
 01001  10.47 %  2015               5.00          125.39           7.3057
 00009  10.79 %  2015               0.50          127.75           7.3674
 85007  11.50 %  2015               1.00          132.70           7.4500
 00015  11.43 %  2015               5.00          132.91           7.4040
 00015  11.43 %  2015              10.00          132.95           7.3999
 00015  11.43 %  2015               5.00          133.08           7.3869
 00015  11.43 %  2015               5.00          133.08           7.3869
 00015  11.43 %  2015              10.00          133.08           7.3869
 00015  11.43 %  2015              25.00          133.05           7.3899
 00015  11.43 %  2015               5.00          133.10           7.3849
 01011   9.85 %  2015               5.00          121.49           7.2661
 01011   9.85 %  2015               5.00          121.65           7.2493
 01011   9.85 %  2015               5.00          121.60           7.2546
 01011   9.85 %  2015               5.00          121.65           7.2493
 01011   9.85 %  2015               5.00          121.65           7.2493
 01011   9.85 %  2015               5.00          121.60           7.2546
 01011   9.85 %  2015               5.00          121.60           7.2546
 01011   9.85 %  2015               5.00          121.60           7.2546
 01011   9.85 %  2015               5.00          121.62           7.2525
 01011   9.85 %  2015               5.00          121.62           7.2525
 01011   9.85 %  2015               5.00          121.58           7.2567
 01011   9.85 %  2015               5.00          121.60           7.2546
 01011   9.85 %  2015               5.00          121.68           7.2462
 01011   9.85 %  2015               5.00          121.58           7.2567
 01011   9.85 %  2015               5.00          121.58           7.2567
 01011   9.85 %  2015               5.00          121.58           7.2567
 01011   9.85 %  2015               5.00          121.60           7.2546
 01011   9.85 %  2015               5.00          121.61           7.2535
 01011   9.85 %  2015               5.00          121.615          7.2530
 01011   9.85 %  2015               5.00          121.615          7.2530
 01011   9.85 %  2015               5.00          121.61           7.2535
 01011   9.85 %  2015               5.00          121.60           7.2546
 01011   9.85 %  2015              10.00          121.60           7.2546
 01011   9.85 %  2015               5.00          121.615          7.2530
 01011   9.85 %  2015               5.00          121.615          7.2530
 01011   9.85 %  2015               5.00          121.62           7.2525
 01011   9.85 %  2015              10.00          121.55           7.2598
 01011   9.85 %  2015               5.00          121.60           7.2546
 01011   9.85 %  2015               5.00          121.66           7.2483
 01011   9.85 %  2015               5.00          121.65           7.2493
 01011   9.85 %  2015               5.00          121.66           7.2483
 01011   9.85 %  2015              10.00          121.65           7.2493
 01011   9.85 %  2015              10.00          121.66           7.2483
 01011   9.85 %  2015               5.00          121.66           7.2483
 01011   9.85 %  2015               5.00          121.65           7.2493
 01011   9.85 %  2015              20.00          121.66           7.2483
 01011   9.85 %  2015               5.00          121.66           7.2483
 01011   9.85 %  2015               5.00          121.67           7.2472
 01011   9.85 %  2015               5.00          121.67           7.2472 01011   9.85 %  2015              10.00          121.68           7.2462
 01011   9.85 %  2015               5.00          121.64           7.2504
 01011   9.85 %  2015              10.00          121.67           7.2472
 01011   9.85 %  2015               5.00          121.68           7.2462
 01011   9.85 %  2015               5.00          121.68           7.2462
 01011   9.85 %  2015               5.00          121.65           7.2493
 01011   9.85 %  2015               5.00          121.68           7.2462
 01011   9.85 %  2015               5.00          121.67           7.2472
 01011   9.85 %  2015               5.00          121.65           7.2493
 01011   9.85 %  2015               5.00          121.66           7.2483
 01011   9.85 %  2015               5.00          121.66           7.2483
 01011   9.85 %  2015               5.00          121.68           7.2462
 01011   9.85 %  2015               5.00          121.675          7.2467
 01011   9.85 %  2015               5.00          121.66           7.2483
 01011   9.85 %  2015               5.00          121.68           7.2462
 01011   9.85 %  2015               5.00          121.69           7.2451
 01011   9.85 %  2015               5.00          121.65           7.2493
 01011   9.85 %  2015               5.00          121.66           7.2483
 01011   9.85 %  2015               5.00          121.65           7.2493
 01011   9.85 %  2015              20.00          121.65           7.2493
 01011   9.85 %  2015               5.00          121.67           7.2472
 01011   9.85 %  2015               5.00          121.665          7.2477
 01011   9.85 %  2015               1.00          121.60           7.2546
 01011   9.85 %  2015               5.00          121.67           7.2472
 01011   9.85 %  2015               5.00          121.65           7.2493
 01011   9.85 %  2015               5.00          121.68           7.2462
 01011   9.85 %  2015               5.00          121.67           7.2472
 01011   9.85 %  2015               5.00          121.62           7.2525
 01011   9.85 %  2015               5.00          121.61           7.2535
 01003  10.71 %  2016               5.00          128.00           7.3958
 01003  10.71 %  2016              10.00          128.00           7.3958
 01003  10.71 %  2016              10.00          128.040          7.3919
 01003  10.71 %  2016               5.00          128.300          7.3660
 01003  10.71 %  2016               5.00          128.35           7.3611
 01003  10.71 %  2016               5.00          128.450          7.3512
 01003  10.71 %  2016               5.00          128.40           7.3561
 01003  10.71 %  2016               5.00          128.420          7.3541
 01003  10.71 %  2016               5.00          128.415          7.3546
 01003  10.71 %  2016               5.00          128.40           7.3561
 01003  10.71 %  2016               5.00          128.450          7.3512
 01003  10.71 %  2016               5.00          128.40           7.3561
 01003  10.71 %  2016               5.00          128.450          7.3512
 01003  10.71 %  2016               5.00          128.50           7.3462
 01003  10.71 %  2016               5.00          128.40           7.3561
 01003  10.71 %  2016               5.00          128.40           7.3561
 01003  10.71 %  2016              10.00          128.40           7.3561
 01003  10.71 %  2016               5.00          128.450          7.3512
 01003  10.71 %  2016               5.00          128.450          7.3512
 01003  10.71 %  2016               5.00          128.40           7.3561
 01003  10.71 %  2016               5.00          128.43           7.3531
 01003  10.71 %  2016               5.00          128.450          7.3512
 01003  10.71 %  2016               5.00          128.40           7.3561
 01003  10.71 %  2016              15.00          128.40           7.3561
 01003  10.71 %  2016              10.00          128.41           7.3551
 01003  10.71 %  2016              10.00          128.40           7.3561
 01003  10.71 %  2016               5.00          128.390          7.3571
 01003  10.71 %  2016               5.00          128.450          7.3512 01003  10.71 %  2016               5.00          128.490          7.3472
 01003  10.71 %  2016               5.00          128.53           7.3432
 01003  10.71 %  2016               5.00          128.480          7.3482
 01003  10.71 %  2016               5.00          128.50           7.3462
 01003  10.71 %  2016               5.00          128.450          7.3512
 01003  10.71 %  2016               5.00          128.550          7.3413
 01003  10.71 %  2016               5.00          128.580          7.3383
 01003  10.71 %  2016               5.00          128.540          7.3423
 01003  10.71 %  2016               5.00          128.540          7.3423
 01003  10.71 %  2016               5.00          128.56           7.3403
 01003  10.71 %  2016               5.00          128.56           7.3403
 01003  10.71 %  2016              10.00          128.56           7.3403
 01003  10.71 %  2016               5.00          128.59           7.3373
 01003  10.71 %  2016               5.00          128.580          7.3383
 01003  10.71 %  2016               5.00          128.580          7.3383
 01003  10.71 %  2016               5.00          128.450          7.3512
 01003  10.71 %  2016               5.00          128.580          7.3383
 01003  10.71 %  2016               5.00          128.59           7.3373
 01003  10.71 %  2016               5.00          128.580          7.3383
 01003  10.71 %  2016               5.00          128.56           7.3403
 01003  10.71 %  2016               5.00          128.580          7.3383
 01003  10.71 %  2016               5.00          128.44           7.3522
 01003  10.71 %  2016               5.00          128.59           7.3373
 01003  10.71 %  2016              25.00          128.50           7.3462
 02001   8.07 %  2017               5.00          106.30           7.3470
 02001   8.07 %  2017               5.00          106.30           7.3470
 02001   8.07 %  2017               5.00          106.30           7.3470
 02001   8.07 %  2017               5.00          106.27           7.3503
 02001   8.07 %  2017               5.00          106.275          7.3498
 02001   8.07 %  2017               1.00          106.15           7.3635
 02001   8.07 %  2017               5.00          106.28           7.3492
 02001   8.07 %  2017               5.00          106.30           7.3470
 02001   8.07 %  2017               5.00          106.23           7.3547
 02001   8.07 %  2017               5.00          106.23           7.3547
 02001   8.07 %  2017               5.00          106.22           7.3558
 02001   8.07 %  2017               5.00          106.25           7.3525
 02001   8.07 %  2017               5.00          106.25           7.3525
 02001   8.07 %  2017               5.00          106.25           7.3525
 02001   8.07 %  2017               0.50          106.20           7.3580
 02001   8.07 %  2017               5.00          106.25           7.3525
 02001   8.07 %  2017               0.50          106.23           7.3547
 02001   8.07 %  2017               2.00          106.05           7.3745
 02001   8.07 %  2017               5.00          106.30           7.3470
 02001   8.07 %  2017               1.00          106.15           7.3635
 02001   8.07 %  2017               5.00          106.32           7.3448
 02001   8.07 %  2017               5.00          106.33           7.3437
 02001   8.07 %  2017               5.00          106.32           7.3448
 02001   8.07 %  2017               5.00          106.32           7.3448
 02001   8.07 %  2017               5.00          106.33           7.3437
 02001   8.07 %  2017               5.00          106.30           7.3470
 02001   8.07 %  2017               5.00          106.34           7.3426
 02001   8.07 %  2017               5.00          106.32           7.3448
 02001   8.07 %  2017               5.00          106.32           7.3448
 02001   8.07 %  2017               5.00          106.33           7.3437
 02001   8.07 %  2017               5.00          106.35           7.3415
 02001   8.07 %  2017               5.00          106.34           7.3426
 02001   8.07 %  2017               5.00          106.34           7.3426 02001   8.07 %  2017               5.00          106.35           7.3415
 02001   8.07 %  2017               5.00          106.35           7.3415
 02001   8.07 %  2017              10.00          106.30           7.3470
 02001   8.07 %  2017               5.00          106.32           7.3448
 02001   8.07 %  2017               5.00          106.34           7.3426
 02001   8.07 %  2017               5.00          106.32           7.3448
 02001   8.07 %  2017               5.00          106.36           7.3404
 02001   8.07 %  2017               5.00          106.37           7.3393
 02001   8.07 %  2017               5.00          106.31           7.3459
 02001   8.07 %  2017               5.00          106.345          7.3421
 02001   8.07 %  2017               5.00          106.37           7.3393
 02001   8.07 %  2017               5.00          106.33           7.3437
 02001   8.07 %  2017               5.00          106.33           7.3437
 02001   8.07 %  2017               5.00          106.34           7.3426
 02001   8.07 %  2017               5.00          106.35           7.3415
 02001   8.07 %  2017               5.00          106.36           7.3404
 02001   8.07 %  2017               5.00          106.35           7.3415
 02001   8.07 %  2017               5.00          106.34           7.3426
 02001   8.07 %  2017               5.00          106.32           7.3448
 02001   8.07 %  2017              10.00          106.38           7.3382
 02001   8.07 %  2017               5.00          106.37           7.3393
 02001   8.07 %  2017               5.00          106.38           7.3382
 02001   8.07 %  2017               5.00          106.34           7.3426
 02001   8.07 %  2017               5.00          106.38           7.3382
 02001   8.07 %  2017               5.00          106.37           7.3393
 02001   8.07 %  2017               5.00          106.37           7.3393
 02001   8.07 %  2017               5.00          106.35           7.3415
 02001   8.07 %  2017               5.00          106.37           7.3393
 02001   8.07 %  2017               5.00          106.37           7.3393
 02001   8.07 %  2017               5.00          106.37           7.3393
 02001   8.07 %  2017               5.00          106.36           7.3404
 02001   8.07 %  2017              15.00          106.35           7.3415
 02001   8.07 %  2017               5.00          106.34           7.3426
 02001   8.07 %  2017              10.00          106.36           7.3404
 02001   8.07 %  2017               5.00          106.35           7.3415
 02001   8.07 %  2017               5.00          106.35           7.3415
 02001   8.07 %  2017               5.00          106.37           7.3393
 02001   8.07 %  2017               0.75          105.78           7.4042
 02001   8.07 %  2017               5.00          106.34           7.3426
 02001   8.07 %  2017               1.00          106.19           7.3591
 02001   8.07 %  2017              10.00          106.36           7.3404
 02001   8.07 %  2017               1.00          106.08           7.3712
 02001   8.07 %  2017               5.00          106.32           7.3448
 02001   8.07 %  2017               5.00          106.34           7.3426
 02001   8.07 %  2017               5.00          106.32           7.3448
 02001   8.07 %  2017               5.00          106.34           7.3426
 02001   8.07 %  2017               5.00          106.30           7.3470
 02001   8.07 %  2017               0.25          106.25           7.3525
 02001   8.07 %  2017               5.00          106.33           7.3437
 02001   8.07 %  2017               5.00          106.32           7.3448
 02007   7.49 %  2017               5.00          101.30           7.3426
 02007   7.49 %  2017               0.50          101.23           7.3505
 02007   7.49 %  2017               5.00          101.30           7.3426
 02007   7.49 %  2017               1.00          101.21           7.3527
 02007   7.49 %  2017               1.00          101.16           7.3584
 02007   7.49 %  2017               0.50          101.20           7.3539
 02007   7.49 %  2017               0.50          101.20           7.3539 02007   7.49 %  2017               0.25          101.15           7.3595
 02007   7.49 %  2017               1.00          101.15           7.3595
 02007   7.49 %  2017               0.50          101.20           7.3539
 02007   7.49 %  2017               1.00          101.24           7.3494
 02007   7.49 %  2017               1.00          101.25           7.3483
 02007   7.49 %  2017               1.00          101.21           7.3527
 02007   7.49 %  2017               0.50          101.27           7.3460
 02007   7.49 %  2017               5.00          101.39           7.3325
 02007   7.49 %  2017               0.25          101.25           7.3483
 02007   7.49 %  2017               5.00          101.39           7.3325
 02007   7.49 %  2017               5.00          101.39           7.3325
 02007   7.49 %  2017              15.00          101.40           7.3314
 02007   7.49 %  2017               5.00          101.15           7.3595
 02007   7.49 %  2017               0.02          100.84           7.3944
 02007   7.49 %  2017               5.00          101.39           7.3325
 02007   7.49 %  2017               5.00          101.41           7.3303
 02007   7.49 %  2017               5.00          101.39           7.3325
 02007   7.49 %  2017               5.00          101.42           7.3292
 02007   7.49 %  2017               0.50          101.24           7.3494
 02007   7.49 %  2017               1.00          101.18           7.3561
 02007   7.49 %  2017               0.15          101.35           7.3370
 02007   7.49 %  2017               5.00          101.30           7.3426
 02014   7.46 %  2017               5.00          101.28           7.3158
 02014   7.46 %  2017               5.00          101.32           7.3114
 02014   7.46 %  2017               5.00          101.25           7.3191
 02014   7.46 %  2017               5.00          101.25           7.3191
 02014   7.46 %  2017               5.00          101.25           7.3191
 02014   7.46 %  2017               5.00          101.30           7.3136
 02014   7.46 %  2017               5.00          101.24           7.3202
 02014   7.46 %  2017               5.00          101.23           7.3213
 02014   7.46 %  2017               5.00          101.23           7.3213
 02014   7.46 %  2017               5.00          101.29           7.3147
 02014   7.46 %  2017               5.00          101.23           7.3213
 02014   7.46 %  2017               5.00          101.24           7.3202
 02014   7.46 %  2017               2.00          101.33           7.3103
 02014   7.46 %  2017               5.00          101.22           7.3224
 02014   7.46 %  2017               5.00          101.24           7.3202
 02014   7.46 %  2017               5.00          101.23           7.3213
 02014   7.46 %  2017              10.00          101.27           7.3169
 02014   7.46 %  2017               5.00          101.32           7.3114
 02014   7.46 %  2017               5.00          101.28           7.3158
 02014   7.46 %  2017               5.00          101.29           7.3147
 02014   7.46 %  2017              10.00          101.29           7.3147
 02014   7.46 %  2017               5.00          101.28           7.3158
 02014   7.46 %  2017               5.00          101.28           7.3158
 02014   7.46 %  2017               5.00          101.29           7.3147
 02014   7.46 %  2017               5.00          101.285          7.3152
 02014   7.46 %  2017               5.00          101.28           7.3158
 02014   7.46 %  2017              25.00          101.24           7.3202
 02014   7.46 %  2017               5.00          100.96           7.3512
 02014   7.46 %  2017               1.00          101.25           7.3191
 02014   7.46 %  2017               1.00          101.25           7.3191
 02014   7.46 %  2017               5.00          101.34           7.3092
 02014   7.46 %  2017               6.00          101.14           7.3313
 02014   7.46 %  2017               5.00          101.22           7.3224
 02014   7.46 %  2017               1.00          101.21           7.3235
 02014   7.46 %  2017               1.00          101.21           7.3235 02014   7.46 %  2017               1.00          101.29           7.3147
 02014   7.46 %  2017               1.00          100.79           7.3701
 02014   7.46 %  2017               5.00          101.31           7.3125
 02014   7.46 %  2017               5.00          101.34           7.3092
 02014   7.46 %  2017               5.00          101.35           7.3080
 02014   7.46 %  2017              10.00          101.32           7.3114
 02014   7.46 %  2017              10.00          101.26           7.3180
 02014   7.46 %  2017               5.00          101.33           7.3103
 02014   7.46 %  2017               5.00          101.35           7.3080
 02014   7.46 %  2017               5.00          101.33           7.3103
 02014   7.46 %  2017               5.00          101.36           7.3069
 02014   7.46 %  2017               5.00          101.33           7.3103
 02014   7.46 %  2017               5.00          101.35           7.3080
 02014   7.46 %  2017              10.00          101.35           7.3080
 02014   7.46 %  2017               5.00          101.36           7.3069
 02014   7.46 %  2017               5.00          101.34           7.3092
 02014   7.46 %  2017               5.00          101.32           7.3114
 02014   7.46 %  2017               5.00          101.33           7.3103
 02014   7.46 %  2017               5.00          101.35           7.3080
 02014   7.46 %  2017               5.00          101.34           7.3092
 02014   7.46 %  2017               5.00          101.35           7.3080
 02014   7.46 %  2017               0.25          101.27           7.3169
 02014   7.46 %  2017               5.00          101.37           7.3058
 02014   7.46 %  2017               5.00          101.34           7.3092
 02014   7.46 %  2017               5.00          101.33           7.3103
 02014   7.46 %  2017               5.00          101.32           7.3114
 02014   7.46 %  2017               5.00          101.34           7.3092
 02014   7.46 %  2017               5.00          101.37           7.3058
 02014   7.46 %  2017               5.00          101.37           7.3058
 02014   7.46 %  2017               5.00          101.35           7.3080
 02014   7.46 %  2017               5.00          101.34           7.3092
 02014   7.46 %  2017               5.00          101.23           7.3213
 02014   7.46 %  2017               5.00          101.335          7.3097
 02014   7.46 %  2017               5.00          101.34           7.3092
 02014   7.46 %  2017               5.00          101.31           7.3125
 02014   7.46 %  2017               5.00          101.35           7.3080
 02014   7.46 %  2017               5.00          101.35           7.3080
 02014   7.46 %  2017               5.00          101.35           7.3080
 02014   7.46 %  2017               5.00          101.35           7.3080
 02014   7.46 %  2017               1.00          101.22           7.3224
 02014   7.46 %  2017               1.50          101.29           7.3147
 02014   7.46 %  2017               2.00          101.40           7.3025
 02014   7.46 %  2017               5.00          101.34           7.3092
 02014   7.46 %  2017               0.50          101.17           7.3279
 02014   7.46 %  2017               5.00          101.37           7.3058
 02014   7.46 %  2017               5.00          101.37           7.3058
 02014   7.46 %  2017               5.00          101.32           7.3114
 02014   7.46 %  2017               5.00          101.37           7.3058
 02014   7.46 %  2017               2.00          101.37           7.3058
 02014   7.46 %  2017              15.00          101.38           7.3047
 02014   7.46 %  2017               5.00          101.22           7.3224
 02014   7.46 %  2017               0.25          101.40           7.3025
 02014   7.46 %  2017               5.00          101.35           7.3080
 02014   7.46 %  2017               5.00          101.35           7.3080
 02014   7.46 %  2017               5.00          101.32           7.3114
 02014   7.46 %  2017               0.25          101.33           7.3103
 02014   7.46 %  2017               5.00          101.32           7.3114 02014   7.46 %  2017               2.00          100.91           7.3568
 02014   7.46 %  2017               5.00          101.38           7.3047
 02014   7.46 %  2017              10.00          101.35           7.3080
 02014   7.46 %  2017               5.00          101.32           7.3114
 02014   7.46 %  2017               0.50          100.92           7.3557
 02014   7.46 %  2017               5.00          101.37           7.3058
 02014   7.46 %  2017               5.00          101.38           7.3047
 02014   7.46 %  2017               5.00          101.375          7.3053
 02014   7.46 %  2017               1.00          101.10           7.3357
 02014   7.46 %  2017               0.60          100.87           7.3612
 02014   7.46 %  2017               0.50          101.21           7.3235
 02014   7.46 %  2017               5.00          101.35           7.3080
 02014   7.46 %  2017               5.00          101.39           7.3036
 02014   7.46 %  2017               5.00          101.39           7.3036
 02014   7.46 %  2017               5.00          101.31           7.3125
 02014   7.46 %  2017               1.00          101.23           7.3213
 02014   7.46 %  2017               5.00          101.355          7.3075
 02014   7.46 %  2017               5.00          101.37           7.3058
 02014   7.46 %  2017               5.00          101.30           7.3136
 02014   7.46 %  2017               5.00          101.39           7.3036
 02014   7.46 %  2017               5.00          101.39           7.3036
 02014   7.46 %  2017               0.25          100.95           7.3523
 02014   7.46 %  2017               5.00          101.39           7.3036
 02014   7.46 %  2017               5.00          101.39           7.3036
 02014   7.46 %  2017               5.00          101.39           7.3036
 02014   7.46 %  2017               0.25          101.22           7.3224
 02014   7.46 %  2017               5.00          101.40           7.3025
 02014   7.46 %  2017               5.00          101.40           7.3025
 02014   7.46 %  2017               5.00          101.42           7.3003
 02014   7.46 %  2017               5.00          101.42           7.3003
 02014   7.46 %  2017               5.00          101.39           7.3036
 02014   7.46 %  2017              25.00          101.33           7.3103
 02014   7.46 %  2017               3.00          101.25           7.3191
 02014   7.46 %  2017               0.50          100.19           7.4371
 02014   7.46 %  2017              10.00          101.25           7.3191
 02014   7.46 %  2017               0.50          101.43           7.2992
 01008  10.03 %  2019               5.00          123.85           7.5067
 01008  10.03 %  2019              10.00          123.85           7.5067
 00018  11.60 %  2020               5.00          137.81           7.6998
 00018  11.60 %  2020               5.00          138.15           7.6724
 01006  10.25 %  2021               5.00          126.15           7.6003
 01006  10.25 %  2021               1.00          125.80           7.6301
 01006  10.25 %  2021               5.00          126.12           7.6028
 01006  10.25 %  2021               5.00          126.12           7.6028
 01006  10.25 %  2021               5.00          126.10           7.6045
 01006  10.25 %  2021               5.00          126.20           7.5960
 01006  10.25 %  2021               5.00          126.15           7.6003
 01006  10.25 %  2021               5.00          126.14           7.6011
 01006  10.25 %  2021               5.00          126.12           7.6028
 01006  10.25 %  2021               5.00          126.15           7.6003
 01006  10.25 %  2021              10.00          126.14           7.6011
 01006  10.25 %  2021               5.00          126.21           7.5952
 01006  10.25 %  2021               5.00          126.21           7.5952
 01006  10.25 %  2021               1.00          126.00           7.6130
 01006  10.25 %  2021              10.00          126.23           7.5935
 01006  10.25 %  2021               5.00          126.25           7.5918
 01006  10.25 %  2021               5.00          126.40           7.5790 01006  10.25 %  2021               5.00          126.30           7.5875
 01006  10.25 %  2021               5.00          126.29           7.5884
 01006  10.25 %  2021               5.00          126.25           7.5918
 01006  10.25 %  2021               5.00          126.45           7.5748
 01006  10.25 %  2021              10.00          126.45           7.5748
 01006  10.25 %  2021              10.00          126.45           7.5748
 01006  10.25 %  2021               5.00          126.23           7.5935
 01006  10.25 %  2021               5.00          126.25           7.5918
 01006  10.25 %  2021               5.00          126.22           7.5943
 01006  10.25 %  2021               5.00          126.48           7.5723
 01006  10.25 %  2021               5.00          126.48           7.5723
 01006  10.25 %  2021               5.00          126.11           7.6037
 01006  10.25 %  2021               5.00          126.455          7.5744
 01006  10.25 %  2021               5.00          126.45           7.5748
 01006  10.25 %  2021               5.121         126.45           7.5748
 01006  10.25 %  2021               2.00          126.00           7.6130
 01006  10.25 %  2021              20.00          126.25           7.5918
 01006  10.25 %  2021               5.00          126.30           7.5875
 02011   8.35 %  2022               5.00          107.55           7.6016
 02011   8.35 %  2022               5.00          107.55           7.6016
 02011   8.35 %  2022               5.00          107.40           7.6156
 02011   8.35 %  2022              10.00          107.52           7.6044
 02011   8.35 %  2022               5.00          107.55           7.6016
 02011   8.35 %  2022              10.00          107.50           7.6062
 02011   8.35 %  2022               5.00          107.65           7.5922
 02011   8.35 %  2022              10.00          107.70           7.5875
 02011   8.35 %  2022               5.00          107.80           7.5782
 02011   8.35 %  2022               5.00          107.50           7.6062
 02011   8.35 %  2022               5.00          107.70           7.5875
 02011   8.35 %  2022               5.00          107.80           7.5782
 02011   8.35 %  2022               5.00          107.72           7.5856
 02011   8.35 %  2022               5.00          107.55           7.6016
 02011   8.35 %  2022               5.00          107.68           7.5894
 02011   8.35 %  2022               5.00          107.70           7.5875
 02011   8.35 %  2022               5.00          107.85           7.5735
 02011   8.35 %  2022               0.50          107.08           7.6458
 02011   8.35 %  2022               1.00          107.30           7.6250
 02011   8.35 %  2022              25.00          107.80           7.5782
 02011   8.35 %  2022               1.00          107.30           7.6250
 01010  10.18 %  2026              10.00          126.09           7.7617
 01010  10.18 %  2026              14.00          125.90           7.7763
 01010  10.18 %  2026               1.00          126.07           7.7633
 01010  10.18 %  2026               5.00          126.40           7.7379
 01010  10.18 %  2026              10.00          126.54           7.7272
 01010  10.18 %  2026               5.00          126.38           7.7394
 01010  10.18 %  2026               5.00          126.61           7.7218
 01010  10.18 %  2026               5.00          126.55           7.7264
 01010  10.18 %  2026               5.00          126.63           7.7203
 01010  10.18 %  2026               5.00          126.61           7.7218
 01010  10.18 %  2026               5.00          126.42           7.7364
 01010  10.18 %  2026               5.00          126.61           7.7218
 01010  10.18 %  2026               5.00          126.65           7.7188
 01010  10.18 %  2026              10.00          126.65           7.7188
 01010  10.18 %  2026               5.00          126.35           7.7417
 02015   7.95 %  2032               0.003         100.00           7.9486
 02015   7.95 %  2032               5.00          101.32           7.8337
 02015   7.95 %  2032              10.00          101.35           7.8311 02015   7.95 %  2032               5.00          101.38           7.8285
 02015   7.95 %  2032               5.00          101.45           7.8225
 02015   7.95 %  2032               5.00          101.42           7.8250
 02015   7.95 %  2032               1.50          101.52           7.8165
 02015   7.95 %  2032              10.00          101.75           7.7967
 02015   7.95 %  2032               5.00          101.55           7.8139
 02015   7.95 %  2032              25.00          101.55           7.8139
 02015   7.95 %  2032               0.50          101.25           7.8397
 02015   7.95 %  2032              10.00          101.80           7.7925
 02015   7.95 %  2032               5.00          101.80           7.7925
 02015   7.95 %  2032              10.00          101.90           7.7839
 02015   7.95 %  2032               2.00          101.40           7.8268
 02015   7.95 %  2032              10.00          101.64           7.8062
 02015   7.95 %  2032              10.00          101.55           7.8139
 02015   7.95 %  2032               0.10          101.20           7.8440
 02015   7.95 %  2032               5.00          101.95           7.7797
 02015   7.95 %  2032               0.50          100.78           7.8804
 02015   7.95 %  2032               5.00          101.95           7.7797
 02015   7.95 %  2032               5.00          101.90           7.7839
 02015   7.95 %  2032               5.00          101.75           7.7967
 02015   7.95 %  2032               5.00          101.90           7.7839
 02015   7.95 %  2032               5.00          101.80           7.7925
 02015   7.95 %  2032               5.00          101.85           7.7882
 02015   7.95 %  2032               5.00          101.90           7.7839
 02015   7.95 %  2032               5.00          101.85           7.7882
 02015   7.95 %  2032               1.00          100.83           7.8760
 02015   7.95 %  2032               5.00          101.80           7.7925
 02015   7.95 %  2032               5.00          101.95           7.7797
 02015   7.95 %  2032               1.00          101.20           7.8440
     Total                       4846.919
B. State Government Securities
          Contract Date : October 19, 2002
 01225 10.35%ANDHRA PRADESH
       SDL,2011                     1.00          117.30          7.5646
 01247 10.35% TAMILNADU SDL 2011    1.00          115.50          7.8283
 02228 7.80% KARNATAKA S.D.L
       2012                         1.00          100.66          7.6974
 02243 8.00% MAHARASHTRA SDL
       2012                         1.00          102.18          7.6685
 02235 8.00% GUJRAT SDL 2012        0.50          102.30          7.6506
 02299 7.80% MADHYA PRADESH SDL
       2012 (SECOND SERIES)         0.798         101.45          7.5858
 02296 7.80% JHARKAND SDL 2012
       (SECOND SERIES)              1.3847        101.45          7.5858
     Total                          6.6827
C. Treasury Bills
   (i) 14 Day Bills (Maturity-wise)
       (DD/MM/YYYY)
                                           NIL
   (ii) 91 Day Bills (Maturity-wise)
       (DD/MM/YYYY)
          Contract Date : October 18, 2002
        20/12/2002                  1.00           99.0494         5.5451
          Contract Date : October 19, 2002
        01/11/2002                  0.50           99.7974         5.6843        29/11/2002                 10.00           99.3571         5.7446
        06/12/2002                 40.13           99.2495         5.7343
        06/12/2002                  5.00           99.2482         5.7443
        13/12/2002                  3.80           99.1484         5.6845
        20/12/2002                 10.00           99.0327         5.7345
        20/12/2002                  5.00           99.0311         5.7440
        20/12/2002                  5.00           99.0311         5.7440
        17/01/2003                 20.00           98.6053         5.7206
        17/01/2003                 15.26           98.6053         5.7206
        17/01/2003                  1.00           98.6053         5.7206
     Total                        116.69
   (iii) 182 Day Bills (Maturity-wise)
       (DD/MM/YYYY)
                                           NIL
   (iv) 364 Day Bills (Maturity-wise)
       (DD/MM/YYYY)
          Contract Date : October 19, 2002
        01/11/2002                  3.00           99.7939         5.7827
        30/05/2003                  5.00           96.5891         5.7642
        30/05/2003                 24.50           96.5891         5.7642
        25/07/2003                 15.00           95.7688         5.7642
        17/10/2003                 25.00           94.5419         5.7891
        17/10/2003                 40.00           94.5641         5.7642
        17/10/2003                 12.60           94.5641         5.7642
     Total                        125.10
II.  REPO Transactions *
    (Other than with RBI)
---------------------------------------------------------------------------
 Loan  Nomenclature                Amount      Price *   Repo Rate   Repo
 Code                            (Face Value) Per Rs.100   (%pa)    Period
                                 (in Rs.Crore) Nominal              (Days)
           (1)                      (2)          (3)        (4)      (5)
---------------------------------------------------------------------------
A. Government of India Dated Securities
 00011  10.20 %  2005              25.00      110.35        5.85       2
 01012   6.23 %  2006              24.00      100.00        5.40       2
 00016  11.40 %  2008               5.00      123.50        6.00      14
 01011   9.85 %  2015               5.00      121.50        6.00      14
 01003  10.71 %  2016              10.00      128.00        6.00      14
 02014   7.46 %  2017               5.00      101.00        6.00      14
 01006  10.25 %  2021               2.50      113.00        6.75       2
 02011   8.35 %  2022              10.00      107.70        5.55       2
     Total                         86.50
B. State Government Securities
                                           NIL
C. Treasury Bills
   (i) 14 Day Bills (Maturity-wise)
      (DD/MM/YYYY)
                                           NIL
   (ii) 91 Day Bills (Maturity-wise)
      (DD/MM/YYYY)
                                           NIL
   (iii) 182 Day Bills (Maturity-wise)
      (DD/MM/YYYY)
                                           NIL   (iv) 364 Day Bills (Maturity-wise)
       (DD/MM/YYYY)
        16/05/2003                 25.00       96.7857      5.85       2
        11/07/2003                 33.00       95.9592      3.75       2
     Total                         58.00
-----------------------------------------------------------------------------
---
  * Relate to the first leg of Repos
  # YTM(indicative) will depend upon assumed rate of inflation
Date :  19 October 2002