Subsidiary General Ledger Account Transactions
in Government Dated Securities and Treasury Bills
at RBI, Mumbai on 20 March 2002
---------------------------------------------------------------------------
 Loan  Nomenclature              Amount           Price *        YTM %
 Code                            (Face Value)     Per Rs.100   Indicative
                                 (in Rs.Crore)    nominal
---------------------------------------------------------------------------
I.  Outright Transactions
A.Government of India Dated Securities
          Contract Date : March 19, 2002
 94010  11.55 %  2002               2.30          103.51           5.9816
 98004  11.10 %  2003              10.00          104.95           6.1521
 97010  11.19 %  2005               5.00          113.97           6.5332
 99008  11.68 %  2006               5.00          117.67           6.6389
 99008  11.68 %  2006               5.00          117.68           6.6363
 99008  11.68 %  2006               5.00          117.71           6.6286
 98005  11.75 %  2006               5.00          117.70           6.7100
 00013  11.00 %  2006               5.00          116.10           6.6766
 98009  11.90 %  2007              25.00          121.70           6.8563
 98009  11.90 %  2007              20.00          121.72           6.8522
 98007  12.00 %  2008              10.00          122.28           7.4025
 98007  12.00 %  2008               5.00          122.28           7.4025
 00016  11.40 %  2008               5.00          122.42           7.0170
 00016  11.40 %  2008               5.00          122.28           7.0410
 00016  11.40 %  2008               5.00          122.35           7.0290
 99006  11.99 %  2009               5.00          125.10           7.3609
 99006  11.99 %  2009              25.00          125.005          7.3760
 79002   7.00 %  2009               1.00          101.25           6.7749
 81005   8.00 %  2011               0.50          103.65           7.4392
 00010  10.95 %  2011               5.00          122.00           7.5809
 01007   9.39 %  2011              15.00          112.70           7.4663
 01007   9.39 %  2011               1.00          113.045          7.4182
 00017  11.50 %  2011               5.00          127.72           7.4301
 00017  11.50 %  2011               5.00          127.71           7.4313
 00017  11.50 %  2011               5.00          127.65           7.4388
 00017  11.50 %  2011               5.00          127.67           7.4363
 00017  11.50 %  2011               5.00          127.62           7.4425
 00017  11.50 %  2011               5.00          127.45           7.4637
 00017  11.50 %  2011               5.00          127.65           7.4388
 00017  11.50 %  2011               5.00          127.69           7.4338
 00017  11.50 %  2011               5.00          127.55           7.4513
 00017  11.50 %  2011               5.00          127.40           7.4700
 00017  11.50 %  2011               5.00          127.65           7.4388
 00017  11.50 %  2011               5.00          127.69           7.4338
 00017  11.50 %  2011               5.00          127.69           7.4338
 00017  11.50 %  2011               5.00          127.67           7.4363
 00017  11.50 %  2011               5.00          127.67           7.4363
 00017  11.50 %  2011               5.00          127.685          7.4344
 00017  11.50 %  2011               5.00          127.57           7.4488
1 00017  11.50 %  2011               5.00          127.71           7.4313
 00017  11.50 %  2011               5.00          127.48           7.4600
 00017  11.50 %  2011               5.00          127.71           7.4313
 00017  11.50 %  2011               5.00          127.40           7.4700
 00017  11.50 %  2011               5.00          127.35           7.4762
 00017  11.50 %  2011               5.00          127.695          7.4332
 00017  11.50 %  2011              25.00          127.72           7.4301
 00017  11.50 %  2011              25.00          127.72           7.4301
 00017  11.50 %  2011              25.00          127.355          7.4756
 00017  11.50 %  2011              25.00          127.35           7.4762
 00017  11.50 %  2011               5.00          127.65           7.4388
 00017  11.50 %  2011               5.00          127.52           7.4550
 00017  11.50 %  2011               5.00          127.45           7.4637
 00017  11.50 %  2011               5.00          127.54           7.4525
 00017  11.50 %  2011               5.00          127.65           7.4388
 00017  11.50 %  2011               5.00          127.67           7.4363
 00017  11.50 %  2011               5.00          127.57           7.4488
 00017  11.50 %  2011              10.00          127.70           7.4326
 00017  11.50 %  2011               5.00          127.50           7.4575
 84005  10.25 %  2012               1.00          118.95           7.5495
 00012  11.03 %  2012               5.00          125.30           7.4693
 00012  11.03 %  2012               5.00          125.00           7.5056
 00012  11.03 %  2012               5.00          125.28           7.4717
 00012  11.03 %  2012               5.00          125.26           7.4741
 00012  11.03 %  2012               5.00          125.23           7.4777
 00012  11.03 %  2012               5.00          125.20           7.4814
 00012  11.03 %  2012               5.00          125.22           7.4790
 01009   9.40 %  2012              25.00          113.88           7.4664
 01009   9.40 %  2012              10.00          113.75           7.4830
 01009   9.40 %  2012               5.00          113.65           7.4958
 01009   9.40 %  2012               5.00          113.90           7.4638
 01009   9.40 %  2012               5.00          113.90           7.4638
 82005   9.00 %  2013               0.43          107.65           7.9517
 82005   9.00 %  2013               0.35          111.40           7.4752
 01005   9.81 %  2013               5.00          117.15           7.5148
 01005   9.81 %  2013               5.00          117.20           7.5088
 01005   9.81 %  2013               5.00          117.20           7.5088
 01005   9.81 %  2013               0.50          117.12           7.5184
 01005   9.81 %  2013               5.00          117.10           7.5208
 01005   9.81 %  2013              25.00          116.80           7.5569
 01005   9.81 %  2013              25.00          116.805          7.5563
 01005   9.81 %  2013               5.00          117.05           7.5268
 01005   9.81 %  2013               5.00          117.13           7.5172
 01005   9.81 %  2013               5.00          117.15           7.5148
 01005   9.81 %  2013              10.00          117.15           7.5148
 01005   9.81 %  2013               5.00          117.02           7.5304
 99020  11.83 %  2014              10.00          130.28           7.9808
 99020  11.83 %  2014               5.00          130.28           7.9808
 01001  10.47 %  2015               5.00          121.85           7.7572
 01001  10.47 %  2015              10.00          121.78           7.7648
 00015  11.43 %  2015               5.00          128.740          7.9084
 01011   9.85 %  2015              10.00          118.95           7.5882
 01011   9.85 %  2015               5.00          119.00           7.5829
 01011   9.85 %  2015               1.00          119.25           7.5566
 01011   9.85 %  2015               5.00          119.15           7.5671
2 01011   9.85 %  2015               5.00          119.12           7.5703
 01011   9.85 %  2015               0.50          120.00           7.4780
 01011   9.85 %  2015               5.00          119.05           7.5777
 01011   9.85 %  2015               0.41          119.20           7.5618
 01011   9.85 %  2015               0.75          119.75           7.5041
 01011   9.85 %  2015               5.00          118.95           7.5882
 01011   9.85 %  2015               0.32          119.30           7.5513
 01011   9.85 %  2015               0.50          119.60           7.5198
 01011   9.85 %  2015               5.00          118.95           7.5882
 01011   9.85 %  2015              10.00          119.10           7.5724
 01011   9.85 %  2015               5.00          118.95           7.5882
 01003  10.71 %  2016               5.00          125.00           7.7590
 01003  10.71 %  2016               5.00          125.00           7.7590
 01003  10.71 %  2016               5.00          124.94           7.7651
 02001   8.07 %  2017               5.00          105.83           7.4133
 02001   8.07 %  2017               5.00          105.83           7.4133
 02001   8.07 %  2017               0.50          105.85           7.4112
 02001   8.07 %  2017               0.50          106.25           7.3681
 02001   8.07 %  2017               0.50          106.05           7.3896
 02001   8.07 %  2017               1.00          106.05           7.3896
 02001   8.07 %  2017               0.50          105.85           7.4112
 02001   8.07 %  2017               0.50          105.85           7.4112
 02001   8.07 %  2017               1.00          105.95           7.4004
 02001   8.07 %  2017               0.50          105.97           7.3982
 02001   8.07 %  2017               2.00          106.00           7.3950
 02001   8.07 %  2017               5.00          105.70           7.4274
 02001   8.07 %  2017               0.50          105.84           7.4122
 02001   8.07 %  2017               1.40          106.00           7.3950
 02001   8.07 %  2017               1.50          106.50           7.3413
 01008  10.03 %  2019              10.00          119.21           7.9681
 00008  10.70 %  2020              10.00          124.00           8.1407
 01006  10.25 %  2021               5.00          121.55           8.0276
 01006  10.25 %  2021               5.00          121.65           8.0188
 01006  10.25 %  2021               5.00          121.65           8.0188
 01006  10.25 %  2021               0.25          122.00           7.9878
 01006  10.25 %  2021               5.00          121.70           8.0143
 01006  10.25 %  2021              10.00          121.50           8.0321
 01006  10.25 %  2021               5.00          121.70           8.0143
          Contract Date : March 20, 2002
 87006  11.00 %  2002               0.80          100.70           5.8504
 95005  13.80 %  2002               0.006         101.43           6.1582
 97011  11.15 %  2002               5.00          102.14           6.2059
 97010  11.19 %  2005               0.105         114.25           6.4442
 95012  14.00 %  2005(INSTA         2.00          118.80           7.7259
 99008  11.68 %  2006               5.00          117.70           6.6285
 99008  11.68 %  2006               5.00          117.85           6.5899
 00013  11.00 %  2006               5.00          116.18           6.6549
 00013  11.00 %  2006               5.00          116.12           6.6695
 96015  13.85 %  2006               1.00          120.35           8.2694
 98009  11.90 %  2007               5.00          121.90           6.8133
 98009  11.90 %  2007              15.00          121.89           6.8154
 98009  11.90 %  2007              10.00          121.80           6.8338
 98009  11.90 %  2007              10.00          121.80           6.8338
 98009  11.90 %  2007              10.00          121.90           6.8133
 98002  12.15 %  2008               0.07          124.15           7.1399
3 98007  12.00 %  2008               5.00          122.74           7.3179
 98012  12.10 %  2008               1.00          125.02           7.0710
 00016  11.40 %  2008               5.00          122.42           7.0156
 00016  11.40 %  2008               5.00          122.37           7.0242
 00016  11.40 %  2008              10.00          122.45           7.0104
 00016  11.40 %  2008               5.00          122.40           7.0190
 00016  11.40 %  2008               5.00          122.35           7.0276
 00016  11.40 %  2008               5.00          122.35           7.0276
 00016  11.40 %  2008               5.00          122.36           7.0259
 00016  11.40 %  2008               5.00          122.45           7.0104
 00016  11.40 %  2008               5.00          122.48           7.0053
 00016  11.40 %  2008               5.00          122.50           7.0018
 00016  11.40 %  2008               5.00          122.44           7.0121
 00016  11.40 %  2008               5.00          122.50           7.0018
 00016  11.40 %  2008               5.00          122.55           6.9932
 00016  11.40 %  2008               5.00          122.60           6.9847
 00016  11.40 %  2008              10.00          122.60           6.9847
 00016  11.40 %  2008               5.00          122.60           6.9847
 00016  11.40 %  2008               5.00          122.65           6.9761
 00016  11.40 %  2008               5.00          122.50           7.0018
 00016  11.40 %  2008               5.00          122.65           6.9761
 00016  11.40 %  2008               5.00          122.65           6.9761
 00016  11.40 %  2008               5.00          122.65           6.9761
 00016  11.40 %  2008               5.00          122.65           6.9761
 00016  11.40 %  2008              10.00          122.65           6.9761
 00016  11.40 %  2008               5.00          122.75           6.9589
 00016  11.40 %  2008               5.00          122.65           6.9761
 00016  11.40 %  2008              10.00          122.70           6.9675
 00016  11.40 %  2008              10.00          122.60           6.9847
 00016  11.40 %  2008               5.00          122.53           6.9967
 00016  11.40 %  2008               5.00          122.55           6.9932
 00016  11.40 %  2008               5.00          122.65           6.9761
 00016  11.40 %  2008               5.00          122.35           7.0276
 00016  11.40 %  2008               5.00          122.65           6.9761
 00016  11.40 %  2008               5.00          122.75           6.9589
 00016  11.40 %  2008               5.00          122.75           6.9589
 00016  11.40 %  2008              10.00          122.65           6.9761
 00016  11.40 %  2008               0.50          122.72           6.9641
 00016  11.40 %  2008               5.00          122.37           7.0242
 00016  11.40 %  2008               5.00          122.44           7.0121
 99006  11.99 %  2009               5.00          125.09           7.3613
 99006  11.99 %  2009              10.00          125.10           7.3597
 99006  11.99 %  2009              10.00          125.10           7.3597
 99006  11.99 %  2009              10.00          125.09           7.3613
 99006  11.99 %  2009               5.00          125.43           7.3072
 99006  11.99 %  2009               5.00          125.60           7.2802
 99006  11.99 %  2009              10.00          125.60           7.2802
 99006  11.99 %  2009               5.00          125.80           7.2484
 99006  11.99 %  2009               5.00          125.38           7.3151
 99006  11.99 %  2009               5.00          125.80           7.2484
 99006  11.99 %  2009               5.00          125.65           7.2722
 99006  11.99 %  2009               5.00          125.35           7.3199
 99006  11.99 %  2009               5.00          125.35           7.3199
 99006  11.99 %  2009               5.00          125.45           7.3040
 99006  11.99 %  2009               5.00          125.38           7.3151
4 99006  11.99 %  2009               5.00          125.50           7.2960
 99006  11.99 %  2009               5.00          125.50           7.2960
 99006  11.99 %  2009              10.00          125.75           7.2564
 99006  11.99 %  2009               5.00          125.33           7.3231
 99006  11.99 %  2009               5.00          125.75           7.2564
 99006  11.99 %  2009               5.00          125.70           7.2643
 99006  11.99 %  2009               5.00          125.70           7.2643
 99006  11.99 %  2009               5.00          125.35           7.3199
 99006  11.99 %  2009              10.00          125.35           7.3199
 99006  11.99 %  2009              20.00          125.32           7.3247
 79002   7.00 %  2009               0.30          100.65           6.8813
 79002   7.00 %  2009               3.50          100.48           6.9116
 79002   7.00 %  2009               0.50          100.80           6.8546
 79002   7.00 %  2009               2.00          100.52           6.9045
 80003   7.50 %  2010               0.25          102.65           7.0643
 80003   7.50 %  2010               0.50          102.66           7.0627
 00014  11.30 %  2010               5.00          124.25           7.3596
 00014  11.30 %  2010               5.00          124.25           7.3596
 00014  11.30 %  2010               5.00          124.25           7.3596
 00014  11.30 %  2010               5.00          124.38           7.3413
 99005  12.32 %  2011               5.00          129.50           7.6671
 81005   8.00 %  2011               0.50          104.65           7.2903
 81005   8.00 %  2011               2.00          104.80           7.2682
 00010  10.95 %  2011               5.00          122.25           7.5468
 00010  10.95 %  2011               5.00          122.10           7.5669
 01007   9.39 %  2011               5.00          112.80           7.4520
 01007   9.39 %  2011              20.00          113.00           7.4241
 01007   9.39 %  2011              10.00          113.25           7.3893
 01007   9.39 %  2011               0.10          113.00           7.4241
 01007   9.39 %  2011              15.00          113.23           7.3920
 01007   9.39 %  2011               5.00          113.25           7.3893
 01007   9.39 %  2011              25.00          112.88           7.4408
 01007   9.39 %  2011               5.00          113.20           7.3962
 01007   9.39 %  2011               5.00          113.25           7.3893
 00017  11.50 %  2011               5.00          127.55           7.4506
 00017  11.50 %  2011               5.00          127.55           7.4506
 00017  11.50 %  2011               5.00          127.54           7.4519
 00017  11.50 %  2011               5.00          127.62           7.4419
 00017  11.50 %  2011               5.00          127.65           7.4381
 00017  11.50 %  2011               5.00          127.62           7.4419
 00017  11.50 %  2011               5.00          127.64           7.4394
 00017  11.50 %  2011              10.00          127.65           7.4381
 00017  11.50 %  2011               5.00          127.65           7.4381
 00017  11.50 %  2011              10.00          127.65           7.4381
 00017  11.50 %  2011               5.00          127.65           7.4381
 00017  11.50 %  2011              10.00          127.66           7.4369
 00017  11.50 %  2011               5.00          127.65           7.4381
 00017  11.50 %  2011               5.00          127.60           7.4444
 00017  11.50 %  2011               5.00          127.55           7.4506
 00017  11.50 %  2011              10.00          127.70           7.4319
 00017  11.50 %  2011               5.00          127.55           7.4506
 00017  11.50 %  2011               5.00          127.69           7.4332
 00017  11.50 %  2011               5.00          127.72           7.4294
 00017  11.50 %  2011               5.00          127.65           7.4381
 00017  11.50 %  2011               5.00          127.67           7.4356
5 00017  11.50 %  2011               5.00          127.72           7.4294
 00017  11.50 %  2011               5.00          127.58           7.4469
 00017  11.50 %  2011               5.00          127.62           7.4419
 00017  11.50 %  2011              10.00          127.66           7.4369
 00017  11.50 %  2011               5.00          127.65           7.4381
 00017  11.50 %  2011               5.00          127.65           7.4381
 00017  11.50 %  2011              10.00          127.69           7.4332
 00017  11.50 %  2011              10.00          127.69           7.4332
 00017  11.50 %  2011               5.00          127.69           7.4332
 00017  11.50 %  2011               5.00          127.68           7.4344
 00017  11.50 %  2011               5.00          127.82           7.4170
 00017  11.50 %  2011               5.00          127.68           7.4344
 00017  11.50 %  2011              10.00          127.68           7.4344
 00017  11.50 %  2011               5.00          127.65           7.4381
 00017  11.50 %  2011               5.00          127.65           7.4381
 00017  11.50 %  2011               5.00          127.66           7.4369
 00017  11.50 %  2011               5.00          127.72           7.4294
 00017  11.50 %  2011               5.00          127.75           7.4257
 00017  11.50 %  2011               5.00          127.70           7.4319
 00017  11.50 %  2011               5.00          127.70           7.4319
 00017  11.50 %  2011               5.00          127.83           7.4157
 00017  11.50 %  2011               5.00          127.70           7.4319
 00017  11.50 %  2011               5.00          127.75           7.4257
 00017  11.50 %  2011               5.00          127.78           7.4219
 00017  11.50 %  2011               5.00          127.80           7.4195
 00017  11.50 %  2011               5.00          127.75           7.4257
 00017  11.50 %  2011               5.00          127.65           7.4381
 00017  11.50 %  2011               5.00          127.72           7.4294
 00017  11.50 %  2011               5.00          127.76           7.4244
 00017  11.50 %  2011              10.00          127.80           7.4195
 00017  11.50 %  2011               5.00          127.75           7.4257
 00017  11.50 %  2011               5.00          127.75           7.4257
 00017  11.50 %  2011               5.00          127.75           7.4257
 00017  11.50 %  2011               5.00          127.70           7.4319
 00017  11.50 %  2011              10.00          127.75           7.4257
 00017  11.50 %  2011               5.00          127.65           7.4381
 00017  11.50 %  2011               5.00          127.67           7.4356
 00017  11.50 %  2011               5.00          127.70           7.4319
 00017  11.50 %  2011               5.00          127.75           7.4257
 00017  11.50 %  2011               5.00          127.80           7.4195
 00017  11.50 %  2011               5.00          127.76           7.4244
 00017  11.50 %  2011               5.00          127.78           7.4219
 00017  11.50 %  2011               5.00          127.83           7.4157
 00017  11.50 %  2011               5.00          127.83           7.4157
 00017  11.50 %  2011               5.00          127.85           7.4132
 00017  11.50 %  2011               5.00          127.90           7.4070
 00017  11.50 %  2011               5.00          127.83           7.4157
 00017  11.50 %  2011               5.00          128.050          7.3884
 00017  11.50 %  2011               5.00          127.81           7.4182
 00017  11.50 %  2011               5.00          128.050          7.3884
 00017  11.50 %  2011               5.00          127.75           7.4257
 00017  11.50 %  2011               5.00          127.80           7.4195
 00017  11.50 %  2011               5.00          127.80           7.4195
 00017  11.50 %  2011               5.00          127.93           7.4033
 00017  11.50 %  2011               5.00          127.95           7.4008
6 00017  11.50 %  2011               5.00          128.050          7.3884
 00017  11.50 %  2011               5.00          128.050          7.3884
 00017  11.50 %  2011               5.00          127.87           7.4108
 00017  11.50 %  2011               5.00          128.050          7.3884
 00017  11.50 %  2011               5.00          128.00           7.3946
 00017  11.50 %  2011               5.00          128.10           7.3822
 00017  11.50 %  2011               5.00          128.00           7.3946
 00017  11.50 %  2011              10.00          127.80           7.4195
 00017  11.50 %  2011               5.00          128.020          7.3921
 00017  11.50 %  2011               5.00          128.10           7.3822
 00017  11.50 %  2011               5.00          128.050          7.3884
 00017  11.50 %  2011              25.00          128.050          7.3884
 00017  11.50 %  2011               5.00          128.050          7.3884
 00017  11.50 %  2011               5.00          128.10           7.3822
 00017  11.50 %  2011               5.00          128.050          7.3884
 00017  11.50 %  2011               5.00          128.00           7.3946
 00017  11.50 %  2011               5.00          128.10           7.3822
 00017  11.50 %  2011               5.00          128.010          7.3934
 00017  11.50 %  2011               5.00          128.15           7.3760
 00017  11.50 %  2011               5.00          128.10           7.3822
 00017  11.50 %  2011               5.00          128.15           7.3760
 00017  11.50 %  2011               5.00          128.10           7.3822
 00017  11.50 %  2011               5.00          127.72           7.4294
 00017  11.50 %  2011               5.00          128.10           7.3822
 00017  11.50 %  2011               5.00          128.10           7.3822
 00017  11.50 %  2011               5.00          127.65           7.4381
 00017  11.50 %  2011               5.00          127.76           7.4244
 00017  11.50 %  2011               5.00          127.75           7.4257
 00017  11.50 %  2011               5.00          127.81           7.4182
 00017  11.50 %  2011               5.00          127.80           7.4195
 00017  11.50 %  2011               5.00          127.82           7.4170
 00017  11.50 %  2011               5.00          127.90           7.4070
 00017  11.50 %  2011               5.00          127.82           7.4170
 00017  11.50 %  2011               5.00          127.78           7.4219
 00017  11.50 %  2011               5.00          127.89           7.4083
 00017  11.50 %  2011               5.00          127.76           7.4244
 00017  11.50 %  2011              10.00          127.775          7.4226
 00017  11.50 %  2011               5.00          128.07           7.3859
 00017  11.50 %  2011               5.00          127.80           7.4195
 00017  11.50 %  2011               5.00          127.70           7.4319
 00017  11.50 %  2011               5.00          128.15           7.3760
 00017  11.50 %  2011               5.00          128.15           7.3760
 00017  11.50 %  2011               5.00          127.80           7.4195
 00017  11.50 %  2011               5.00          127.80           7.4195
 00017  11.50 %  2011               5.00          127.93           7.4033
 00017  11.50 %  2011              10.00          128.00           7.3946
 00017  11.50 %  2011               5.00          128.00           7.3946
 00017  11.50 %  2011               5.00          127.80           7.4195
 00017  11.50 %  2011               5.00          128.050          7.3884
 00017  11.50 %  2011               5.00          127.75           7.4257
 00017  11.50 %  2011               5.00          127.76           7.4244
 00017  11.50 %  2011               5.00          128.10           7.3822
 00017  11.50 %  2011               5.00          127.70           7.4319
 00017  11.50 %  2011               5.00          127.73           7.4282
 00017  11.50 %  2011               5.00          127.70           7.4319
7 00017  11.50 %  2011               5.00          127.85           7.4132
 00017  11.50 %  2011               5.00          128.03           7.3909
 00017  11.50 %  2011               5.00          127.85           7.4132
 00017  11.50 %  2011               5.00          128.080          7.3847
 00017  11.50 %  2011               5.00          128.080          7.3847
 00017  11.50 %  2011               5.00          128.03           7.3909
 00017  11.50 %  2011               5.00          127.86           7.4120
 00017  11.50 %  2011               5.00          127.85           7.4132
 00017  11.50 %  2011               5.00          127.85           7.4132
 00017  11.50 %  2011               5.00          127.75           7.4257
 00017  11.50 %  2011               5.00          127.68           7.4344
 00017  11.50 %  2011               5.00          127.93           7.4033
 00017  11.50 %  2011               5.00          128.10           7.3822
 00017  11.50 %  2011               5.00          128.15           7.3760
 00017  11.50 %  2011               5.00          127.80           7.4195
 00017  11.50 %  2011              15.00          127.94           7.4021
 00017  11.50 %  2011               5.00          128.020          7.3921
 00017  11.50 %  2011              25.00          127.98           7.3971
 00017  11.50 %  2011               5.00          127.78           7.4219
 00017  11.50 %  2011               5.00          127.78           7.4219
 00017  11.50 %  2011               5.00          128.15           7.3760
 00017  11.50 %  2011               5.00          128.15           7.3760
 00017  11.50 %  2011              10.00          127.70           7.4319
 00017  11.50 %  2011               5.00          127.78           7.4219
 00017  11.50 %  2011               5.00          127.75           7.4257
 00012  11.03 %  2012               5.00          125.05           7.4990
 00012  11.03 %  2012               5.00          125.21           7.4796
 00012  11.03 %  2012               5.00          125.11           7.4917
 00012  11.03 %  2012               5.00          125.16           7.4856
 00012  11.03 %  2012               5.00          125.23           7.4772
 00012  11.03 %  2012               5.00          125.25           7.4748
 00012  11.03 %  2012               5.00          125.20           7.4808
 00012  11.03 %  2012               5.00          125.18           7.4832
 00012  11.03 %  2012               5.00          125.35           7.4627
 00012  11.03 %  2012               5.00          125.35           7.4627
 00012  11.03 %  2012               5.00          125.31           7.4675
 00012  11.03 %  2012               5.00          125.25           7.4748
 00012  11.03 %  2012               5.00          125.22           7.4784
 00012  11.03 %  2012               5.00          125.10           7.4929
 00012  11.03 %  2012              10.00          125.34           7.4639
 00012  11.03 %  2012               5.00          125.23           7.4772
 00012  11.03 %  2012               5.00          125.35           7.4627
 00012  11.03 %  2012               5.00          125.22           7.4784
 00012  11.03 %  2012               5.00          125.25           7.4748
 00012  11.03 %  2012               5.00          125.42           7.4542
 00012  11.03 %  2012               5.00          125.35           7.4627
 00012  11.03 %  2012               5.00          125.35           7.4627
 00012  11.03 %  2012               5.00          125.33           7.4651
 00012  11.03 %  2012               5.00          125.50           7.4446
 00012  11.03 %  2012               5.00          125.42           7.4542
 00012  11.03 %  2012               5.00          125.30           7.4687
 00012  11.03 %  2012               5.00          125.55           7.4386
 00012  11.03 %  2012               5.00          125.25           7.4748
 00012  11.03 %  2012               5.00          125.70           7.4205
 00012  11.03 %  2012               5.00          125.70           7.4205
8 00012  11.03 %  2012               5.00          125.60           7.4325
 00012  11.03 %  2012               5.00          125.63           7.4289
 00012  11.03 %  2012               5.00          125.45           7.4506
 00012  11.03 %  2012              10.00          125.70           7.4205
 00012  11.03 %  2012               5.00          125.75           7.4145
 00012  11.03 %  2012               5.00          125.60           7.4325
 00012  11.03 %  2012               5.00          125.75           7.4145
 00012  11.03 %  2012               5.00          125.63           7.4289
 00012  11.03 %  2012               5.00          125.64           7.4277
 00012  11.03 %  2012               5.00          125.44           7.4518
 00012  11.03 %  2012               5.00          125.50           7.4446
 00012  11.03 %  2012               5.00          125.40           7.4566
 00012  11.03 %  2012               5.00          125.38           7.4591
 00012  11.03 %  2012               5.00          125.40           7.4566
 00012  11.03 %  2012               5.00          125.40           7.4566
 00012  11.03 %  2012               5.00          125.70           7.4205
 00012  11.03 %  2012               0.50          125.15           7.4869
 00012  11.03 %  2012               5.00          125.15           7.4869
 00012  11.03 %  2012               5.00          125.20           7.4808
 00012  11.03 %  2012               5.00          125.65           7.4265
 00012  11.03 %  2012               5.00          125.75           7.4145
 00012  11.03 %  2012               5.00          125.20           7.4808
 00012  11.03 %  2012               5.00          125.65           7.4265
 00012  11.03 %  2012               5.00          125.39           7.4578
 00012  11.03 %  2012               5.00          125.24           7.4760
 00012  11.03 %  2012               5.00          125.50           7.4446
 00012  11.03 %  2012               5.00          125.20           7.4808
 00012  11.03 %  2012               5.00          125.73           7.4169
 00012  11.03 %  2012               5.00          125.78           7.4109
 00012  11.03 %  2012               5.00          125.40           7.4566
 00012  11.03 %  2012               5.00          125.40           7.4566
 00012  11.03 %  2012               5.00          125.40           7.4566
 00012  11.03 %  2012               5.00          125.38           7.4591
 00012  11.03 %  2012               5.00          125.62           7.4301
 00012  11.03 %  2012               5.00          125.33           7.4651
 00012  11.03 %  2012               5.00          125.70           7.4205
 00012  11.03 %  2012               5.00          125.18           7.4832
 00012  11.03 %  2012               5.00          125.42           7.4542
 00012  11.03 %  2012               5.00          125.42           7.4542
 00012  11.03 %  2012               5.00          125.68           7.4229
 00012  11.03 %  2012               5.00          125.33           7.4651
 00012  11.03 %  2012               5.00          125.14           7.4881
 01009   9.40 %  2012               5.00          114.05           7.4443
 01009   9.40 %  2012              20.00          114.00           7.4507
 01009   9.40 %  2012               5.00          114.11           7.4366
 01009   9.40 %  2012               5.00          113.80           7.4762
 01009   9.40 %  2012               0.50          114.50           7.3870
 01009   9.40 %  2012               2.00          113.75           7.4826
 01009   9.40 %  2012               5.00          114.10           7.4379
 01009   9.40 %  2012              10.00          114.03           7.4468
 01009   9.40 %  2012               5.00          114.25           7.4188
 01009   9.40 %  2012               5.00          114.15           7.4315
 01009   9.40 %  2012               5.00          114.00           7.4507
 01009   9.40 %  2012               5.00          114.00           7.4507
 82005   9.00 %  2013               0.50          111.72           7.4353
9 01005   9.81 %  2013               5.00          117.10           7.5205
 01005   9.81 %  2013               5.00          117.14           7.5157
 01005   9.81 %  2013               5.00          117.10           7.5205
 01005   9.81 %  2013               5.00          117.10           7.5205
 01005   9.81 %  2013               5.00          117.15           7.5145
 01005   9.81 %  2013               5.00          117.25           7.5024
 01005   9.81 %  2013               5.00          117.07           7.5241
 01005   9.81 %  2013               5.00          117.16           7.5133
 01005   9.81 %  2013               5.00          117.25           7.5024
 01005   9.81 %  2013               5.00          117.20           7.5084
 01005   9.81 %  2013               5.00          117.25           7.5024
 01005   9.81 %  2013               5.00          117.20           7.5084
 01005   9.81 %  2013               0.50          117.25           7.5024
 01005   9.81 %  2013               5.00          117.28           7.4988
 01005   9.81 %  2013               5.00          117.45           7.4785
 01005   9.81 %  2013               0.50          117.81           7.4355
 01005   9.81 %  2013               0.25          117.60           7.4605
 01005   9.81 %  2013               5.00          117.45           7.4785
 01005   9.81 %  2013              20.00          117.50           7.4725
 01005   9.81 %  2013               5.00          117.25           7.5024
 01005   9.81 %  2013               5.00          117.17           7.5121
 01005   9.81 %  2013               5.00          117.45           7.4785
 01005   9.81 %  2013               5.00          117.33           7.4929
 01005   9.81 %  2013               5.00          117.30           7.4965
 01005   9.81 %  2013               5.00          117.40           7.4845
 01005   9.81 %  2013               5.00          117.45           7.4785
 01005   9.81 %  2013               5.00          117.50           7.4725
 01005   9.81 %  2013               5.00          117.25           7.5024
 01005   9.81 %  2013               5.00          117.42           7.4821
 01005   9.81 %  2013               5.00          117.23           7.5048
 01005   9.81 %  2013               5.00          117.55           7.4665
 01005   9.81 %  2013               5.00          117.15           7.5145
 01005   9.81 %  2013               5.00          117.20           7.5084
 01005   9.81 %  2013               0.25          117.35           7.4905
 01005   9.81 %  2013               5.00          117.29           7.4976
 01005   9.81 %  2013              10.00          117.17           7.5121
 01005   9.81 %  2013               5.00          117.30           7.4965
 01005   9.81 %  2013               5.00          117.10           7.5205
 01005   9.81 %  2013               5.00          117.05           7.5265
 01005   9.81 %  2013               5.00          117.15           7.5145
 01005   9.81 %  2013               5.00          117.50           7.4725
 01005   9.81 %  2013               5.00          117.50           7.4725
 01005   9.81 %  2013               5.00          117.435          7.4803
 83004  10.00 %  2014               0.25          117.00           7.8102
 99020  11.83 %  2014              10.00          130.31           7.9773
 99020  11.83 %  2014              10.00          130.450          7.9626
 99020  11.83 %  2014               5.00          130.450          7.9626
 00015  11.43 %  2015               5.00          129.200          7.8610
 00015  11.43 %  2015               0.50          128.65           7.9172
 00015  11.43 %  2015               5.00          128.90           7.8916
 00015  11.43 %  2015               5.00          128.94           7.8875
 01011   9.85 %  2015               5.00          119.10           7.5722
 01011   9.85 %  2015               5.00          119.10           7.5722
 01011   9.85 %  2015               5.00          119.15           7.5669
 01011   9.85 %  2015               5.00          119.06           7.5764
10 01011   9.85 %  2015               5.00          119.15           7.5669
 01011   9.85 %  2015               5.00          119.15           7.5669
 01011   9.85 %  2015               5.00          119.22           7.5595
 01011   9.85 %  2015               5.00          119.20           7.5616
 01011   9.85 %  2015               5.00          119.15           7.5669
 01011   9.85 %  2015               5.00          119.22           7.5595
 01011   9.85 %  2015               0.25          119.15           7.5669
 01011   9.85 %  2015               5.00          119.05           7.5775
 01011   9.85 %  2015               5.00          119.15           7.5669
 01011   9.85 %  2015               5.00          119.20           7.5616
 01011   9.85 %  2015               5.00          119.25           7.5564
 01011   9.85 %  2015               5.00          119.25           7.5564
 01011   9.85 %  2015               5.00          119.28           7.5532
 01011   9.85 %  2015               5.00          119.40           7.5406
 01011   9.85 %  2015               5.00          119.45           7.5353
 01011   9.85 %  2015               0.50          119.95           7.4830
 01011   9.85 %  2015               5.00          119.30           7.5511
 01011   9.85 %  2015               5.00          119.37           7.5437
 01011   9.85 %  2015               5.00          119.23           7.5585
 01011   9.85 %  2015               5.00          119.20           7.5616
 01011   9.85 %  2015               5.00          119.32           7.5490
 01011   9.85 %  2015               5.00          119.35           7.5458
 01011   9.85 %  2015               5.00          119.40           7.5406
 01011   9.85 %  2015               5.00          119.10           7.5722
 01011   9.85 %  2015               5.00          119.24           7.5574
 01011   9.85 %  2015               5.00          119.27           7.5543
 01011   9.85 %  2015               5.00          119.28           7.5532
 01011   9.85 %  2015               5.00          119.10           7.5722
 01011   9.85 %  2015               5.00          119.30           7.5511
 01011   9.85 %  2015              10.00          118.95           7.5880
 01011   9.85 %  2015              10.00          119.50           7.5301
 01011   9.85 %  2015               5.00          119.46           7.5343
 01011   9.85 %  2015               5.00          119.20           7.5616
 01011   9.85 %  2015               0.25          119.52           7.5280
 01011   9.85 %  2015               5.00          119.10           7.5722
 01011   9.85 %  2015               5.00          119.35           7.5458
 01011   9.85 %  2015               5.00          119.15           7.5669
 01011   9.85 %  2015               5.00          119.18           7.5637
 01011   9.85 %  2015               5.00          119.15           7.5669
 01011   9.85 %  2015               5.00          119.32           7.5490
 01011   9.85 %  2015               5.00          119.10           7.5722
 01011   9.85 %  2015               5.00          119.23           7.5585
 01011   9.85 %  2015               5.00          119.30           7.5511
 01003  10.71 %  2016               5.00          125.35           7.7236
 01003  10.71 %  2016               5.00          125.18           7.7407
 01003  10.71 %  2016               5.00          125.20           7.7387
 01003  10.71 %  2016               5.00          125.15           7.7437
 01003  10.71 %  2016               5.00          125.25           7.7337
 01003  10.71 %  2016               0.005         125.52           7.7066
 01003  10.71 %  2016               5.00          125.00           7.7588
 01003  10.71 %  2016               5.00          124.85           7.7739
 01003  10.71 %  2016               5.00          124.99           7.7598
 01003  10.71 %  2016               5.00          125.00           7.7588
 01003  10.71 %  2016               5.00          125.05           7.7537
 02001   8.07 %  2017               0.45          106.15           7.3788
11 02001   8.07 %  2017               5.00          105.98           7.3971
 02001   8.07 %  2017               1.00          105.88           7.4078
 02001   8.07 %  2017               0.50          105.30           7.4707
 02001   8.07 %  2017               5.00          106.00           7.3949
 02001   8.07 %  2017               1.00          105.90           7.4057
 02001   8.07 %  2017               5.00          105.96           7.3992
 02001   8.07 %  2017               2.00          105.93           7.4024
 02001   8.07 %  2017               1.00          106.15           7.3788
 02001   8.07 %  2017               5.00          105.95           7.4003
 02001   8.07 %  2017               2.00          106.07           7.3874
 02001   8.07 %  2017               0.50          105.93           7.4024
 02001   8.07 %  2017               1.00          105.92           7.4035
 02001   8.07 %  2017               1.50          105.95           7.4003
 02001   8.07 %  2017               5.00          106.35           7.3573
 02001   8.07 %  2017              10.00          106.10           7.3841
 02001   8.07 %  2017               5.00          106.05           7.3895
 02001   8.07 %  2017               0.15          105.60           7.4381
 02001   8.07 %  2017               5.00          106.05           7.3895
 02001   8.07 %  2017               5.00          106.10           7.3841
 02001   8.07 %  2017               5.00          106.00           7.3949
 02001   8.07 %  2017               5.00          105.98           7.3971
 02001   8.07 %  2017               0.50          106.05           7.3895
 02001   8.07 %  2017               0.50          106.05           7.3895
 02001   8.07 %  2017               0.10          106.75           7.3145
 02001   8.07 %  2017               0.50          106.50           7.3412
 02001   8.07 %  2017               5.00          105.96           7.3992
 02001   8.07 %  2017               0.50          106.05           7.3895
 01008  10.03 %  2019               0.50          120.55           7.8428
 00008  10.70 %  2020              10.00          124.02           8.1388
 00008  10.70 %  2020              10.00          124.85           8.0641
 00008  10.70 %  2020               1.20          126.02           7.9599
 01006  10.25 %  2021               0.10          121.80           8.0054
 01006  10.25 %  2021               5.00          122.00           7.9877
 01006  10.25 %  2021              10.00          121.50           8.0320
 01006  10.25 %  2021               0.50          123.00           7.9000
 01006  10.25 %  2021               5.00          122.00           7.9877
 01006  10.25 %  2021               5.00          121.90           7.9965
 01006  10.25 %  2021               5.00          121.90           7.9965
 01006  10.25 %  2021               1.25          122.87           7.9114
 01006  10.25 %  2021               5.00          122.15           7.9745
 01006  10.25 %  2021               5.00          122.15           7.9745
 01010  10.18 %  2026               5.00          122.00           8.0997
 01010  10.18 %  2026               5.00          122.00           8.0997
     Total                       3444.846
B. State Government Securities
          Contract Date : March 19, 2002
 94202 12.50% ANDHRA PRADESH SDL
       2004                         0.0625        110.54          7.0064
 94223 12.50% TAMILNADU SDL 2004    0.15          110.54          7.0064
 94202 12.50% ANDHRA PRADESH SDL
       2004                         0.0375        110.54          7.0064
 00225 10.52% MAHARASHTRA SDL
       2010                         0.20          111.50          8.5223
 00225 10.52% MAHARASHTRA SDL
12       2010                         0.14          111.50          8.5223
 01258 9.40% PUNJAB GOVT. STOCK
       2011                        14.3641        106.85          8.3364
 02228 7.80% KARNATAKA S.D.L
       2012                         0.25          101.25          7.6173
 02228 7.80% KARNATAKA S.D.L
       2012                         0.25          101.25          7.6173
 02228 7.80% KARNATAKA S.D.L
       2012                        20.00          101.03          7.6490
 02229 8.00% A.P. SDL 2012          2.626         101.00          7.8533
 02243 8.00% MAHARASHTRA SDL
       2012                         1.00          101.60          7.7664
          Contract Date : March 20, 2002
 98223 12.15% UTTAR PRADESH SDL
       2008                         5.00          116.90          8.5279
 98212 12.15% MAHARASHTRA SDL
       2008                         2.85          114.00          9.0985
 98237 12.50% MAHARASHTRA
       SDL,2008                     0.55          115.00          9.3835
 00254 12.00% MAHARASHTRA SDL
       2010                         0.2075        113.00          9.7200
 00243 12.00% ANDHRA PRADESH SDL
       2010                         0.08          119.30          8.7392
 00243 12.00% ANDHRA PRADESH SDL
       2010                         5.17          123.00          8.1948
 01238 10.35% MAHARASHTRA SDL
       2011                         2.1935        107.50          9.1187
 02215 8.30% MAHARASHTRA SDL
       2012                         2.00          103.10          7.8402
 02228 7.80% KARNATAKA S.D.L
       2012                         5.00          101.25          7.6172
 02240 8.00% KARNATAKA SDL 2012     0.50          101.50          7.7807
 02240 8.00% KARNATAKA SDL 2012     0.50          101.50          7.7807
 02235 8.00% GUJRAT SDL 2012        1.70          101.50          7.7807
 02243 8.00% MAHARASHTRA SDL
       2012                         2.00          100.50          7.9261
 02250 8.00% RAJASTHAN SDL 2012     0.50          100.00          7.9996
 02229 8.00% A.P. SDL 2012          0.50          100.00          7.9996
 02243 8.00% MAHARASHTRA SDL
       2012                         1.00          100.00          7.9996
 02250 8.00% RAJASTHAN SDL 2012     1.00          100.00          7.9996
 02229 8.00% A.P. SDL 2012          0.25          100.00          7.9996
 02243 8.00% MAHARASHTRA SDL
       2012                         0.25          100.00          7.9996
 02240 8.00% KARNATAKA SDL 2012     0.25          100.00          7.9996
 02234 8.00% GOA SDL 2012           0.25          100.00          7.9996
     Total                         70.8311
C. Treasury Bills
   (i) 14 Day Bills (Maturity-wise)
       (DD/MM/YYYY)
                                           NIL
   (ii) 91 Day Bills (Maturity-wise)
       (DD/MM/YYYY)
          Contract Date : March 20, 2002
13        14/06/2002                 10.00           98.5900         6.0533
        14/06/2002                 10.00           98.5900         6.0533
     Total                         20.00
   (iii) 182 Day Bills (Maturity-wise)
       (DD/MM/YYYY)
                                           NIL
   (iv) 364 Day Bills (Maturity-wise)
       (DD/MM/YYYY)
          Contract Date : March 19, 2002
        26/07/2002                  0.08           97.7713         6.4321
        01/11/2002                  5.00           96.3145         6.1359
        30/11/2002                 10.00           95.8612         6.1389
          Contract Date : March 20, 2002
        21/03/2002                 20.00           99.9800         7.2815
        09/08/2002                  0.10           97.7190         5.9836
        06/09/2002                  0.50           97.2814         5.9837
     Total                         35.68
II.  REPO Transactions *
    (Other than with RBI)
---------------------------------------------------------------------------
 Loan  Nomenclature                Amount      Price *   Repo Rate   Repo
 Code                            (Face Value) Per Rs.100   (%pa)    Period
                                 (in Rs.Crore) Nominal              (Days)
           (1)                      (2)          (3)        (4)      (5)
---------------------------------------------------------------------------
A. Government of India Dated Securities
 97004  12.69 %  2002              25.00      101.00        6.10       1
 98019  11.68 %  2002              75.00      102.35        6.20       1
 77002   6.50 %  2004              50.00      100.10        7.25      61
 00007   9.90 %  2005              10.00      109.20        6.10       1
 00007   9.90 %  2005              10.00      109.20        6.10       1
 00007   9.90 %  2005              10.00      109.20        6.10       1
 00007   9.90 %  2005              10.00      109.20        6.10       1
 00007   9.90 %  2005              10.00      109.20        6.10       1
 00007   9.90 %  2005              10.00      109.20        6.10       1
 00007   9.90 %  2005              10.00      109.20        6.10       1
 00007   9.90 %  2005              10.00      109.20        6.10       1
 00007   9.90 %  2005              10.00      109.20        6.10       1
 00007   9.90 %  2005              15.00      109.20        6.10       1
 00007   9.90 %  2005              10.00      109.20        6.10       1
 00007   9.90 %  2005             150.00      109.20        6.10       1
 00007   9.90 %  2005              17.00      109.20        6.15       1
 00011  10.20 %  2005             125.00      110.70        6.00       1
 00011  10.20 %  2005              10.00      110.70        6.10       1
 00011  10.20 %  2005              10.00      110.70        6.10       1
 00011  10.20 %  2005              10.00      110.70        6.10       1
 00011  10.20 %  2005              10.00      110.70        6.10       1
 00011  10.20 %  2005              10.00      110.70        6.10       1
 00011  10.20 %  2005              15.00      110.70        6.10       1
 00011  10.20 %  2005             150.00      110.75        6.10       1
 97010  11.19 %  2005              25.00      113.75        6.50       1
 97010  11.19 %  2005              22.00      114.00        6.10       1
 97010  11.19 %  2005               3.70      114.00        6.00       1
 98005  11.75 %  2006              16.50      117.70        6.10       1
14 98005  11.75 %  2006              27.00      117.70        5.95       1
 98005  11.75 %  2006              10.00      117.70        5.95       1
 98005  11.75 %  2006              21.00      117.70        6.10       1
 98005  11.75 %  2006              10.00      117.70        6.10       2
 98005  11.75 %  2006              15.00      117.70        6.10       1
 98005  11.75 %  2006              10.00      117.70        6.10       2
 98005  11.75 %  2006              10.50      117.70        6.10       2
 98005  11.75 %  2006              10.00      117.70        6.10       2
 98005  11.75 %  2006              20.00      117.70        6.10       1
 87011  11.50 %  2007              50.00      120.50        6.15       1
 87011  11.50 %  2007              50.00      120.50        6.15       1
 87011  11.50 %  2007              50.00      120.50        6.15       1
 87011  11.50 %  2007              50.00      120.50        6.15       1
 00016  11.40 %  2008              25.00      122.50        6.30       2
 00016  11.40 %  2008              50.00      122.50        6.10       1
 99006  11.99 %  2009              50.00      125.00        6.10       1
 99006  11.99 %  2009              50.00      125.00        6.10       1
 99006  11.99 %  2009              50.00      125.00        6.10       1
 99006  11.99 %  2009              50.00      125.00        6.10       1
 99006  11.99 %  2009              50.00      125.00        6.10       1
 99006  11.99 %  2009              25.00      125.90        5.95       1
 01013   6.99 %  2009              10.00      100.00        6.05       1
 01013   6.99 %  2009              10.00      100.00        6.05       1
 01013   6.99 %  2009              10.00      100.00        6.05       1
 01013   6.99 %  2009              10.00      100.00        6.05       1
 01013   6.99 %  2009              10.00      100.00        6.05       1
 01013   6.99 %  2009              10.00      100.00        6.05       1
 00014  11.30 %  2010               5.00      123.00        7.00       1
 00010  10.95 %  2011              15.00      109.00        7.75       1
 00010  10.95 %  2011              10.00      122.25        6.25       1
 01007   9.39 %  2011              12.00      113.20        5.85       1
 01007   9.39 %  2011              50.00      113.25        7.35      45
 01007   9.39 %  2011              10.00      113.10        6.25       1
 00017  11.50 %  2011               5.00      127.75        6.25       1
 00012  11.03 %  2012              16.00      125.25        6.10       1
 01005   9.81 %  2013              10.00      117.30        6.20       1
 01001  10.47 %  2015               5.00      121.80        8.00       3
 00015  11.43 %  2015               5.00      129.00        6.20       1
 01011   9.85 %  2015              10.00      119.15        6.20       1
 01011   9.85 %  2015               5.00      119.20        6.20       1
 01011   9.85 %  2015              10.00      119.20        6.20       1
 01011   9.85 %  2015              10.00      119.20        6.20       1
 01003  10.71 %  2016               5.00      125.00        8.00       3
 01003  10.71 %  2016              10.00      124.90        6.00       1
 01003  10.71 %  2016              10.00      124.90        6.00       1
 01003  10.71 %  2016              10.00      124.90        6.00       1
 01003  10.71 %  2016              10.65      125.25        6.20       1
 01003  10.71 %  2016              10.00      125.00        6.20       1
 01003  10.71 %  2016              10.00      125.00        6.20       1
 01003  10.71 %  2016              10.00      125.00        6.20       1
 01003  10.71 %  2016              10.00      125.00        6.20       1
 01003  10.71 %  2016              10.00      125.00        6.20       1
 02001   8.07 %  2017              50.00      106.00        6.00       6
 02001   8.07 %  2017              25.00      106.00        6.00       6
 98025  12.60 %  2018(ON TAP)       5.00      136.00        8.00       3
15 00008  10.70 %  2020              10.00      124.25        6.00       1
 00008  10.70 %  2020              10.00      124.25        6.00       1
 00008  10.70 %  2020              10.00      124.25        6.00       1
 00018  11.60 %  2020               5.00      133.00        8.00       3
 01006  10.25 %  2021              25.00      122.20        6.75       1
 01006  10.25 %  2021              25.00      122.20        6.75       1
 01006  10.25 %  2021              10.00      121.70        6.00       1
 01006  10.25 %  2021              10.00      121.70        6.00       1
 01006  10.25 %  2021               5.00      120.00        7.00       1
 01006  10.25 %  2021              25.00      122.20        6.75       1
 01006  10.25 %  2021              25.00      122.20        6.75       1
 01006  10.25 %  2021              25.00      122.20        6.75       1
 01010  10.18 %  2026              10.00      121.50        6.00       1
 01010  10.18 %  2026              10.00      121.50        6.00       1
     Total                       2141.35
B. State Government Securities
                                           NIL
C. Treasury Bills
   (i) 14 Day Bills (Maturity-wise)
      (DD/MM/YYYY)
                                           NIL
   (ii) 91 Day Bills (Maturity-wise)
      (DD/MM/YYYY)
                                           NIL
   (iii) 182 Day Bills (Maturity-wise)
      (DD/MM/YYYY)
                                           NIL
   (iv) 364 Day Bills (Maturity-wise)
       (DD/MM/YYYY)
        04/10/2002                 25.00       96.8478      6.25       1
        01/11/2002                 25.00       96.4180      6.25       1
     Total                         50.00
---------------------------------------------------------------------------
  * Relate to the first leg of Repos
  # YTM(indicative) will depend upon assumed rate of inflation
Date :  20 March 2002
16