Subsidiary General Ledger Account Transactions
in Government Dated Securities and Treasury Bills
at RBI, Mumbai on 23 August 2002
---------------------------------------------------------------------------
 Loan  Nomenclature              Amount           Price *        YTM %
 Code                            (Face Value)     Per Rs.100   Indicative
                                 (in Rs.Crore)    nominal
---------------------------------------------------------------------------
I.  Outright Transactions
A.Government of India Dated Securities
          Contract Date : August 22, 2002
 01007   9.39 %  2011               5.00          114.31           7.1771
 00012  11.03 %  2012               5.00          126.32           7.2564
 00018  11.60 %  2020               0.143         137.40           7.7454
          Contract Date : August 23, 2002
 94003  12.50 %  2004               5.00          109.42           6.1560
 94003  12.50 %  2004              10.00          109.45           6.1370
 94003  12.50 %  2004              10.00          109.445          6.1402
 94003  12.50 %  2004              10.00          109.445          6.1402
 94003  12.50 %  2004               5.00          109.45           6.1370
 94003  12.50 %  2004               5.00          109.46           6.1307
 94003  12.50 %  2004              10.00          109.415          6.1591
 94003  12.50 %  2004              20.00          109.44           6.1433
 94003  12.50 %  2004              10.00          109.44           6.1433
 94003  12.50 %  2004               5.00          109.45           6.1370
 94003  12.50 %  2004               0.01          108.00           7.0608
 94003  12.50 %  2004               5.00          109.46           6.1307
 94003  12.50 %  2004              10.00          109.46           6.1307
 94003  12.50 %  2004               5.00          109.44           6.1433
 94003  12.50 %  2004              20.00          109.45           6.1370
 94003  12.50 %  2004               5.00          109.47           6.1244
 94003  12.50 %  2004               5.00          109.46           6.1307
 94003  12.50 %  2004               5.00          109.47           6.1244
 94003  12.50 %  2004              10.00          109.47           6.1244
 94003  12.50 %  2004               5.00          109.49           6.1118
 94003  12.50 %  2004               5.00          109.48           6.1181
 94003  12.50 %  2004               5.00          109.49           6.1118
 94003  12.50 %  2004               5.00          109.53           6.0865
 98008  11.50 %  2004               3.00          108.50           6.1758
 89008  11.00 %  2004               5.00          107.60           6.2768
 97007  12.59 %  2004               5.00          110.80           6.2080
 97007  12.59 %  2004              14.00          110.80           6.2080
 97007  12.59 %  2004               5.00          110.80           6.2080
 95006  14.00 %  2005               1.00          119.25           6.3554
 95006  14.00 %  2005               1.00          119.40           6.3024
 00011  10.20 %  2005              10.00          110.15           6.2939
 99008  11.68 %  2006               5.00          117.05           6.3430
 99008  11.68 %  2006               5.00          117.07           6.3373
 99008  11.68 %  2006               5.00          117.07           6.3373
 99008  11.68 %  2006               5.00          117.09           6.3317
 99008  11.68 %  2006               5.00          117.08           6.3345 99008  11.68 %  2006               5.00          117.10           6.3288
 99008  11.68 %  2006               5.00          117.10           6.3288
 99008  11.68 %  2006              15.00          117.10           6.3288
 98005  11.75 %  2006              15.00          117.25           6.3692
 98005  11.75 %  2006              15.00          117.34           6.3439
 00013  11.00 %  2006               5.00          115.85           6.3746
 00013  11.00 %  2006               5.00          115.85           6.3746
 00013  11.00 %  2006               5.00          115.90           6.3613
 98007  12.00 %  2008               5.00          124.05           6.8249
 98007  12.00 %  2008              10.00          124.05           6.8249
 00016  11.40 %  2008              10.00          122.99           6.6974
 00016  11.40 %  2008               5.00          122.98           6.6992
 00016  11.40 %  2008               5.00          122.98           6.6992
 00016  11.40 %  2008               5.00          123.03           6.6903
 00016  11.40 %  2008               5.00          123.03           6.6903
 00016  11.40 %  2008               5.00          123.03           6.6903
 00016  11.40 %  2008               5.00          122.99           6.6974
 00016  11.40 %  2008              20.00          122.99           6.6974
 00016  11.40 %  2008               5.00          123.03           6.6903
 00016  11.40 %  2008               5.00          122.99           6.6974
 00016  11.40 %  2008               5.00          122.985          6.6983
 00016  11.40 %  2008              10.00          122.99           6.6974
 00016  11.40 %  2008               5.00          122.99           6.6974
 00016  11.40 %  2008               5.00          123.01           6.6939
 00016  11.40 %  2008               5.00          123.01           6.6939
 00016  11.40 %  2008               5.00          122.985          6.6983
 00016  11.40 %  2008               5.00          123.03           6.6903
 00016  11.40 %  2008               5.00          123.02           6.6921
 00016  11.40 %  2008              10.00          123.03           6.6903
 00016  11.40 %  2008              25.00          122.99           6.6974
 00016  11.40 %  2008              25.00          123.03           6.6903
 98023  12.25 %  2008               0.50          125.50           7.0000
 98023  12.25 %  2008               0.50          125.50           7.0000
 02005   6.65 %  2009              25.00           98.70           6.8961
 99006  11.99 %  2009               5.00          126.53           6.9240
 99006  11.99 %  2009               5.00          126.54           6.9224
 99006  11.99 %  2009               5.00          126.54           6.9224
 99006  11.99 %  2009               5.00          126.54           6.9224
 99006  11.99 %  2009               5.00          126.55           6.9207
 99006  11.99 %  2009               5.00          126.57           6.9174
 99006  11.99 %  2009               5.00          126.58           6.9158
 99006  11.99 %  2009               5.00          126.59           6.9142
 99006  11.99 %  2009               5.00          126.58           6.9158
 99004  12.29 %  2010              15.00          129.10           7.1695
 99004  12.29 %  2010               5.00          129.10           7.1695
 99004  12.29 %  2010               5.00          129.15           7.1620
 99004  12.29 %  2010               5.00          129.15           7.1620
 99004  12.29 %  2010               5.00          129.18           7.1576
 99004  12.29 %  2010              10.00          129.19           7.1561
 02010   7.55 %  2010               5.00          103.51           6.9524
 02010   7.55 %  2010               5.00          103.51           6.9524
 02010   7.55 %  2010               5.00          103.50           6.9540
 02010   7.55 %  2010               5.00          103.50           6.9540
 02010   7.55 %  2010               5.00          103.53           6.9491
 02010   7.55 %  2010               5.00          103.51           6.9524
 02010   7.55 %  2010               5.00          103.51           6.9524
 02010   7.55 %  2010               5.00          103.51           6.9524 02010   7.55 %  2010               5.00          103.51           6.9524
 02010   7.55 %  2010               5.00          103.56           6.9441
 02010   7.55 %  2010               5.00          103.54           6.9474
 02010   7.55 %  2010               5.00          103.56           6.9441
 02010   7.55 %  2010               5.00          103.60           6.9375
 02010   7.55 %  2010               5.00          103.60           6.9375
 98015  12.25 %  2010               5.00          130.10           7.1697
 98015  12.25 %  2010               5.00          130.10           7.1697
 98015  12.25 %  2010              10.00          130.10           7.1697
 98015  12.25 %  2010              10.00          130.09           7.1711
 98015  12.25 %  2010               5.00          130.07           7.1739
 98015  12.25 %  2010              10.00          130.10           7.1697
 98015  12.25 %  2010               5.00          130.13           7.1654
 00014  11.30 %  2010              15.00          125.22           7.0865
 00014  11.30 %  2010              10.00          125.32           7.0721
 00014  11.30 %  2010              15.00          125.33           7.0706
 00014  11.30 %  2010               5.00          125.22           7.0865
 00014  11.30 %  2010               5.00          125.30           7.0749
 00014  11.30 %  2010               5.00          125.30           7.0749
 82013   8.75 %  2010              10.00          109.75           7.1689
 82013   8.75 %  2010               0.25          108.85           7.3068
 99005  12.32 %  2011               5.00          131.34           7.2798
 99005  12.32 %  2011               5.00          131.34           7.2798
 99005  12.32 %  2011               5.00          131.35           7.2785
 99005  12.32 %  2011               5.00          131.33           7.2812
 00010  10.95 %  2011               5.00          123.45           7.2814
 00010  10.95 %  2011               5.00          123.44           7.2827
 00010  10.95 %  2011               5.00          123.42           7.2854
 00010  10.95 %  2011              10.00          123.42           7.2854
 00010  10.95 %  2011               5.00          123.45           7.2814
 00010  10.95 %  2011               5.00          123.45           7.2814
 00010  10.95 %  2011               5.00          123.42           7.2854
 00010  10.95 %  2011               5.00          123.44           7.2827
 01007   9.39 %  2011               5.00          114.31           7.1766
 01007   9.39 %  2011              10.00          114.32           7.1752
 01007   9.39 %  2011              10.00          114.35           7.1709
 01007   9.39 %  2011               5.00          114.35           7.1709
 01007   9.39 %  2011               5.00          114.42           7.1610
 01007   9.39 %  2011              10.00          114.42           7.1610
 01007   9.39 %  2011               5.00          114.38           7.1667
 01007   9.39 %  2011               5.00          114.37           7.1681
 01007   9.39 %  2011               5.00          114.38           7.1667
 01007   9.39 %  2011               5.00          114.33           7.1737
 01007   9.39 %  2011               5.00          114.38           7.1667
 01007   9.39 %  2011               5.00          114.40           7.1638
 01007   9.39 %  2011               5.00          114.39           7.1653
 01007   9.39 %  2011               5.00          114.35           7.1709
 01007   9.39 %  2011               5.00          114.33           7.1737
 01007   9.39 %  2011               5.00          114.33           7.1737
 01007   9.39 %  2011               5.00          114.34           7.1723
 01007   9.39 %  2011               5.00          114.41           7.1624
 01007   9.39 %  2011               5.00          114.40           7.1638
 01007   9.39 %  2011               5.00          114.40           7.1638
 01007   9.39 %  2011               5.00          114.41           7.1624
 01007   9.39 %  2011              10.00          114.42           7.1610
 01007   9.39 %  2011               5.00          114.33           7.1737
 01007   9.39 %  2011               5.00          114.38           7.1667 01007   9.39 %  2011               5.00          114.31           7.1766
 01007   9.39 %  2011               1.00          114.14           7.2007
 01007   9.39 %  2011               5.00          114.30           7.1780
 01007   9.39 %  2011               5.00          114.41           7.1624
 01007   9.39 %  2011               5.00          114.305          7.1773
 01007   9.39 %  2011               5.00          114.31           7.1766
 01007   9.39 %  2011               5.00          114.40           7.1638
 01007   9.39 %  2011               5.00          114.28           7.1808
 01007   9.39 %  2011               5.00          114.40           7.1638
 01007   9.39 %  2011               5.00          114.35           7.1709
 01007   9.39 %  2011               5.00          114.35           7.1709
 01007   9.39 %  2011               5.00          114.31           7.1766
 01007   9.39 %  2011               5.00          114.31           7.1766
 01007   9.39 %  2011               5.00          114.31           7.1766
 01007   9.39 %  2011               5.00          114.32           7.1752
 01007   9.39 %  2011               5.00          114.30           7.1780
 01007   9.39 %  2011               5.00          114.32           7.1752
 01007   9.39 %  2011               5.00          114.35           7.1709
 01007   9.39 %  2011               5.00          114.35           7.1709
 01007   9.39 %  2011               5.00          114.30           7.1780
 01007   9.39 %  2011              10.00          114.38           7.1667
 01007   9.39 %  2011               5.00          114.31           7.1766
 01007   9.39 %  2011              10.00          114.42           7.1610
 01007   9.39 %  2011               5.00          114.35           7.1709
 01007   9.39 %  2011               5.00          114.30           7.1780
 01007   9.39 %  2011              10.00          114.36           7.1695
 01007   9.39 %  2011               5.00          114.32           7.1752
 01007   9.39 %  2011               5.00          114.335          7.1730
 01007   9.39 %  2011               5.00          114.35           7.1709
 01007   9.39 %  2011               5.00          114.37           7.1681
 01007   9.39 %  2011               5.00          114.35           7.1709
 01007   9.39 %  2011               5.00          114.37           7.1681
 01007   9.39 %  2011               5.00          114.28           7.1808
 01007   9.39 %  2011               5.00          114.33           7.1737
 01007   9.39 %  2011               5.00          114.36           7.1695
 01007   9.39 %  2011               5.00          114.34           7.1723
 01007   9.39 %  2011               5.00          114.36           7.1695
 01007   9.39 %  2011               5.00          114.35           7.1709
 01007   9.39 %  2011               5.00          114.37           7.1681
 01007   9.39 %  2011               5.00          114.42           7.1610
 01007   9.39 %  2011               5.00          114.36           7.1695
 01007   9.39 %  2011              25.00          114.39           7.1653
 91020  12.00 %  2011               0.40          130.00           7.4245
 00017  11.50 %  2011              10.00          128.540          7.2151
 00017  11.50 %  2011               5.00          128.550          7.2138
 00017  11.50 %  2011               5.00          128.535          7.2157
 00017  11.50 %  2011               5.00          128.580          7.2100
 00017  11.50 %  2011               5.00          128.60           7.2074
 00017  11.50 %  2011               5.00          128.60           7.2074
 00017  11.50 %  2011               5.00          128.56           7.2125
 00017  11.50 %  2011              10.00          128.63           7.2036
 00017  11.50 %  2011               5.00          128.65           7.2011
 00017  11.50 %  2011               5.00          128.60           7.2074
 00017  11.50 %  2011               5.00          128.57           7.2113
 00017  11.50 %  2011               5.00          128.580          7.2100
 00017  11.50 %  2011               5.00          128.60           7.2074
 00017  11.50 %  2011               5.00          128.65           7.2011 00017  11.50 %  2011               5.00          128.610          7.2062
 00017  11.50 %  2011              10.00          128.57           7.2113
 00017  11.50 %  2011               5.00          128.520          7.2176
 00017  11.50 %  2011              10.00          128.63           7.2036
 00017  11.50 %  2011               5.00          128.56           7.2125
 00017  11.50 %  2011               5.00          128.550          7.2138
 00017  11.50 %  2011               5.00          128.56           7.2125
 00017  11.50 %  2011               1.00          128.56           7.2125
 00017  11.50 %  2011               5.00          128.540          7.2151
 00017  11.50 %  2011               5.00          128.60           7.2074
 00017  11.50 %  2011               5.00          128.60           7.2074
 00017  11.50 %  2011               5.00          128.60           7.2074
 00017  11.50 %  2011               5.00          128.60           7.2074
 00017  11.50 %  2011               5.00          128.60           7.2074
 00017  11.50 %  2011              10.00          128.540          7.2151
 00017  11.50 %  2011               5.00          128.60           7.2074
 00017  11.50 %  2011               5.00          128.610          7.2062
 00017  11.50 %  2011               5.00          128.610          7.2062
 00017  11.50 %  2011               5.00          128.610          7.2062
 00017  11.50 %  2011               5.00          128.580          7.2100
 02009   7.40 %  2012               0.01          101.57           7.1703
 02009   7.40 %  2012              40.00          101.52           7.1774
 02009   7.40 %  2012               5.00          101.53           7.1760
 02009   7.40 %  2012              10.00          101.54           7.1746
 02009   7.40 %  2012               5.00          101.54           7.1746
 02009   7.40 %  2012               5.00          101.52           7.1774
 02009   7.40 %  2012               5.00          101.52           7.1774
 02009   7.40 %  2012               5.00          101.51           7.1789
 02009   7.40 %  2012               5.00          101.54           7.1746
 02009   7.40 %  2012               0.50          101.64           7.1602
 02009   7.40 %  2012               5.00          101.55           7.1731
 02009   7.40 %  2012               5.00          101.55           7.1731
 02009   7.40 %  2012               5.00          101.55           7.1731
 02009   7.40 %  2012               5.00          101.58           7.1688
 02009   7.40 %  2012               5.00          101.52           7.1774
 02009   7.40 %  2012               5.00          101.52           7.1774
 02009   7.40 %  2012               5.00          101.51           7.1789
 02009   7.40 %  2012               5.00          101.51           7.1789
 02009   7.40 %  2012               5.00          101.58           7.1688
 02009   7.40 %  2012               5.00          101.53           7.1760
 02009   7.40 %  2012               5.00          101.58           7.1688
 02009   7.40 %  2012               5.00          101.50           7.1803
 02009   7.40 %  2012               5.00          101.50           7.1803
 02009   7.40 %  2012              10.00          101.525          7.1767
 02009   7.40 %  2012               5.00          101.48           7.1832
 02009   7.40 %  2012               5.00          101.50           7.1803
 02009   7.40 %  2012               5.00          101.50           7.1803
 02009   7.40 %  2012               5.00          101.50           7.1803
 02009   7.40 %  2012               5.00          101.495          7.1810
 02009   7.40 %  2012               5.00          101.515          7.1782
 02009   7.40 %  2012               5.00          101.54           7.1746
 02009   7.40 %  2012               5.00          101.55           7.1731
 02009   7.40 %  2012               5.00          101.55           7.1731
 02009   7.40 %  2012               5.00          101.57           7.1703
 02009   7.40 %  2012               5.00          101.51           7.1789
 02009   7.40 %  2012               5.00          101.52           7.1774
 02009   7.40 %  2012               5.00          101.515          7.1782 02009   7.40 %  2012               5.00          101.50           7.1803
 02009   7.40 %  2012               0.11          101.50           7.1803
 02009   7.40 %  2012               5.00          101.505          7.1796
 02009   7.40 %  2012               5.00          101.55           7.1731
 02009   7.40 %  2012               5.00          101.52           7.1774
 02009   7.40 %  2012              10.00          101.56           7.1717
 02009   7.40 %  2012               5.00          101.555          7.1724
 02009   7.40 %  2012               5.00          101.57           7.1703
 02009   7.40 %  2012               5.00          101.49           7.1818
 02009   7.40 %  2012               0.23          101.65           7.1588
 02013   6.72 %  2012              25.00          100.54           6.6435
 02013   6.72 %  2012              25.00          100.54           6.6435
 02013   6.72 %  2012               5.00          100.55           6.6421
 00012  11.03 %  2012               5.00          126.33           7.2545
 02013   6.72 %  2012              15.00          100.56           6.6407
 00012  11.03 %  2012               5.00          126.34           7.2533
 02013   6.72 %  2012               5.00          100.56           6.6407
 00012  11.03 %  2012               5.00          126.31           7.2570
 00012  11.03 %  2012               5.00          126.34           7.2533
 00012  11.03 %  2012               5.00          126.30           7.2582
 00012  11.03 %  2012               5.00          126.34           7.2533
 00012  11.03 %  2012               5.00          126.30           7.2582
 00012  11.03 %  2012               5.00          126.30           7.2582
 02013   6.72 %  2012              10.00          100.55           6.6421
 00012  11.03 %  2012               5.00          126.26           7.2631
 00012  11.03 %  2012               5.00          126.31           7.2570
 00012  11.03 %  2012               5.00          126.34           7.2533
 00012  11.03 %  2012               5.00          126.32           7.2558
 02013   6.72 %  2012               5.00          100.55           6.6421
 02013   6.72 %  2012              10.00          100.56           6.6407
 00012  11.03 %  2012               5.00          126.29           7.2595
 02013   6.72 %  2012               5.00          100.60           6.6352
 00012  11.03 %  2012               5.00          126.34           7.2533
 02013   6.72 %  2012              10.00          100.57           6.6393
 02013   6.72 %  2012              10.00          100.55           6.6421
 00012  11.03 %  2012               5.00          126.35           7.2521
 00012  11.03 %  2012               5.00          126.35           7.2521
 00012  11.03 %  2012               5.00          126.28           7.2607
 00012  11.03 %  2012               5.00          126.34           7.2533
 02013   6.72 %  2012               5.00          100.61           6.6338
 00012  11.03 %  2012               5.00          126.36           7.2509
 00012  11.03 %  2012               5.00          126.35           7.2521
 00012  11.03 %  2012               5.00          126.365          7.2503
 00012  11.03 %  2012               5.00          126.42           7.2435
 02013   6.72 %  2012              25.00          100.62           6.6324
 01009   9.40 %  2012               5.00          115.23           7.2398
 01009   9.40 %  2012               5.00          115.23           7.2398
 01009   9.40 %  2012               5.00          115.25           7.2372
 01009   9.40 %  2012               5.00          115.25           7.2372
 01009   9.40 %  2012               5.00          115.20           7.2437
 01009   9.40 %  2012              10.00          115.20           7.2437
 01009   9.40 %  2012              10.00          115.20           7.2437
 01009   9.40 %  2012               5.00          115.20           7.2437
 01009   9.40 %  2012               5.00          115.22           7.2411
 82005   9.00 %  2013               0.20          110.10           7.6052
 82005   9.00 %  2013               0.30          112.30           7.3246
 01005   9.81 %  2013               5.00          118.72           7.2705 01005   9.81 %  2013               5.00          118.74           7.2681
 01005   9.81 %  2013               5.00          118.74           7.2681
 01005   9.81 %  2013               5.00          118.76           7.2657
 01005   9.81 %  2013               5.00          118.75           7.2669
 01005   9.81 %  2013               5.00          118.79           7.2620
 01005   9.81 %  2013               5.00          118.79           7.2620
 01005   9.81 %  2013              10.00          118.72           7.2705
 01005   9.81 %  2013               5.00          118.73           7.2693
 01005   9.81 %  2013               5.00          118.71           7.2717
 01005   9.81 %  2013              10.00          118.745          7.2675
 01005   9.81 %  2013               5.00          118.73           7.2693
 01005   9.81 %  2013               5.00          118.75           7.2669
 01005   9.81 %  2013               5.00          118.76           7.2657
 01005   9.81 %  2013               5.00          118.75           7.2669
 01005   9.81 %  2013              10.00          118.77           7.2645
 01005   9.81 %  2013               5.00          118.77           7.2645
 01005   9.81 %  2013               5.00          118.77           7.2645
 01005   9.81 %  2013               5.00          118.75           7.2669
 01005   9.81 %  2013               5.00          118.76           7.2657
 01005   9.81 %  2013               5.00          118.76           7.2657
 02008   7.37 %  2014              10.00          100.56           7.2960
 02008   7.37 %  2014               1.00          100.68           7.2806
 02008   7.37 %  2014               5.00          100.61           7.2896
 02008   7.37 %  2014               5.00          100.60           7.2909
 02008   7.37 %  2014               5.00          100.60           7.2909
 99020  11.83 %  2014               0.25          132.70           7.6584
 00015  11.43 %  2015               5.00          131.40           7.5811
 00015  11.43 %  2015               5.00          131.30           7.5912
 00015  11.43 %  2015               5.00          131.30           7.5912
 00015  11.43 %  2015               5.00          131.30           7.5912
 00015  11.43 %  2015               5.00          131.40           7.5811
 00015  11.43 %  2015               5.00          131.39           7.5821
 01011   9.85 %  2015               5.00          120.24           7.4120
 01011   9.85 %  2015               5.00          120.23           7.4130
 01011   9.85 %  2015               5.00          120.24           7.4120
 01011   9.85 %  2015               5.00          120.23           7.4130
 01011   9.85 %  2015              30.00          120.23           7.4130
 01011   9.85 %  2015              30.00          120.24           7.4120
 01011   9.85 %  2015               5.00          120.28           7.4078
 01011   9.85 %  2015               5.00          120.30           7.4056
 01011   9.85 %  2015               5.00          120.295          7.4062
 01011   9.85 %  2015               5.00          120.30           7.4056
 01011   9.85 %  2015               5.00          120.30           7.4056
 01011   9.85 %  2015               5.00          120.23           7.4130
 01011   9.85 %  2015               5.00          120.20           7.4162
 01011   9.85 %  2015               5.00          120.20           7.4162
 01011   9.85 %  2015               5.00          120.235          7.4125
 01011   9.85 %  2015               5.00          120.305          7.4051
 01011   9.85 %  2015               5.00          120.255          7.4104
 01011   9.85 %  2015               5.00          120.30           7.4056
 01011   9.85 %  2015               5.00          120.32           7.4035
 01011   9.85 %  2015               5.00          120.22           7.4141
 01011   9.85 %  2015               5.00          120.30           7.4056
 01011   9.85 %  2015               5.00          120.30           7.4056
 01011   9.85 %  2015              10.00          120.10           7.4268
 01011   9.85 %  2015               5.00          120.15           7.4215
 01011   9.85 %  2015               5.00          120.23           7.4130 01011   9.85 %  2015               5.00          120.21           7.4152
 01011   9.85 %  2015               5.00          120.25           7.4109
 01011   9.85 %  2015               5.00          120.25           7.4109
 01011   9.85 %  2015               5.00          120.28           7.4078
 01011   9.85 %  2015               5.00          120.28           7.4078
 01011   9.85 %  2015               5.00          120.27           7.4088
 01011   9.85 %  2015               5.00          120.26           7.4099
 01011   9.85 %  2015               5.00          120.17           7.4194
 01011   9.85 %  2015               5.00          120.30           7.4056
 01011   9.85 %  2015               5.00          120.27           7.4088
 01011   9.85 %  2015               5.00          120.25           7.4109
 01011   9.85 %  2015               5.00          120.28           7.4078
 01011   9.85 %  2015               5.00          120.13           7.4236
 01011   9.85 %  2015               5.00          120.28           7.4078
 01011   9.85 %  2015               5.00          120.28           7.4078
 01011   9.85 %  2015               5.00          120.28           7.4078
 01011   9.85 %  2015              10.00          120.19           7.4173
 01011   9.85 %  2015               5.00          120.20           7.4162
 01011   9.85 %  2015               5.00          120.24           7.4120
 01011   9.85 %  2015               5.00          120.28           7.4078
 01011   9.85 %  2015               5.00          120.27           7.4088
 01011   9.85 %  2015               5.00          120.20           7.4162
 01011   9.85 %  2015               5.00          120.205          7.4157
 01011   9.85 %  2015               5.00          120.28           7.4078
 01011   9.85 %  2015               5.00          120.28           7.4078
 01011   9.85 %  2015              10.00          120.28           7.4078
 01011   9.85 %  2015               5.00          120.30           7.4056
 01011   9.85 %  2015               5.00          120.35           7.4003
 01011   9.85 %  2015               5.00          120.25           7.4109
 01011   9.85 %  2015               1.50          120.10           7.4268
 01011   9.85 %  2015               5.00          120.31           7.4046
 01011   9.85 %  2015               0.12          120.30           7.4056
 01011   9.85 %  2015               5.00          120.28           7.4078
 01003  10.71 %  2016               5.00          126.855          7.5264
 01003  10.71 %  2016               5.00          126.86           7.5259
 01003  10.71 %  2016               5.00          126.84           7.5279
 01003  10.71 %  2016               5.00          126.80           7.5319
 01003  10.71 %  2016               5.00          126.80           7.5319
 01003  10.71 %  2016              15.00          126.85           7.5269
 01003  10.71 %  2016               5.00          126.82           7.5299
 01003  10.71 %  2016               5.00          126.75           7.5369
 01003  10.71 %  2016               5.00          126.80           7.5319
 01003  10.71 %  2016              10.00          126.78           7.5339
 01003  10.71 %  2016              15.00          126.78           7.5339
 01003  10.71 %  2016              10.00          126.80           7.5319
 01003  10.71 %  2016               5.00          126.80           7.5319
 01003  10.71 %  2016               5.00          126.80           7.5319
 01003  10.71 %  2016               5.00          126.85           7.5269
 01003  10.71 %  2016               5.00          126.88           7.5239
 01003  10.71 %  2016               5.00          126.88           7.5239
 01003  10.71 %  2016               5.00          126.90           7.5219
 02001   8.07 %  2017               5.00          105.14           7.4794
 02001   8.07 %  2017              15.00          105.10           7.4838
 02001   8.07 %  2017               5.00          105.14           7.4794
 02001   8.07 %  2017               5.00          105.08           7.4860
 02001   8.07 %  2017               5.00          105.17           7.4761
 02001   8.07 %  2017               5.00          105.14           7.4794 02001   8.07 %  2017               5.00          105.12           7.4816
 02001   8.07 %  2017               5.00          105.07           7.4872
 02001   8.07 %  2017               5.00          105.05           7.4894
 02001   8.07 %  2017               5.00          105.055          7.4888
 02001   8.07 %  2017               5.00          105.05           7.4894
 02001   8.07 %  2017               5.00          105.055          7.4888
 02001   8.07 %  2017               5.00          105.055          7.4888
 02001   8.07 %  2017               5.00          105.10           7.4838
 02001   8.07 %  2017               5.00          105.10           7.4838
 02001   8.07 %  2017               5.00          105.11           7.4827
 02001   8.07 %  2017               5.00          105.10           7.4838
 02001   8.07 %  2017               5.00          105.05           7.4894
 02001   8.07 %  2017               5.00          105.05           7.4894
 02001   8.07 %  2017               5.00          104.95           7.5005
 02001   8.07 %  2017               5.00          105.05           7.4894
 02001   8.07 %  2017               5.00          105.14           7.4794
 02001   8.07 %  2017               5.00          105.13           7.4805
 02001   8.07 %  2017               5.00          105.14           7.4794
 02001   8.07 %  2017               5.00          105.14           7.4794
 02001   8.07 %  2017               5.00          105.14           7.4794
 02001   8.07 %  2017               5.00          105.13           7.4805
 02001   8.07 %  2017               5.00          105.15           7.4783
 02001   8.07 %  2017               5.00          105.06           7.4883
 02001   8.07 %  2017              10.00          105.13           7.4805
 02001   8.07 %  2017               5.00          105.15           7.4783
 02001   8.07 %  2017               5.00          105.12           7.4816
 02001   8.07 %  2017               5.00          105.12           7.4816
 02001   8.07 %  2017              10.00          105.20           7.4728
 02001   8.07 %  2017               5.00          105.23           7.4694
 02001   8.07 %  2017              10.00          105.28           7.4639
 02001   8.07 %  2017               5.00          105.12           7.4816
 02001   8.07 %  2017               0.70          104.95           7.5005
 02007   7.49 %  2017               5.00          100.56           7.4250
 02007   7.49 %  2017               3.00          100.70           7.4093
 02007   7.49 %  2017               1.50          100.74           7.4048
 02007   7.49 %  2017               0.50          100.60           7.4205
 02007   7.49 %  2017               5.00          100.50           7.4318
 02007   7.49 %  2017               5.00          100.59           7.4217
 02007   7.49 %  2017               5.00          100.50           7.4318
 02007   7.49 %  2017               5.00          100.59           7.4217
 02007   7.49 %  2017               5.00          100.58           7.4228
 02007   7.49 %  2017               1.00          100.57           7.4239
 02007   7.49 %  2017               5.00          100.60           7.4205
 02007   7.49 %  2017               5.00          100.60           7.4205
 02007   7.49 %  2017               5.00          100.60           7.4205
 02007   7.49 %  2017               5.00          100.60           7.4205
 02007   7.49 %  2017               5.00          100.60           7.4205
 02007   7.49 %  2017               5.00          100.61           7.4194
 02007   7.49 %  2017               5.00          100.62           7.4183
 02007   7.49 %  2017               5.00          100.62           7.4183
 02007   7.49 %  2017               5.00          100.63           7.4171
 02007   7.49 %  2017              20.00          100.00           7.4884
 01004  10.45 %  2018               1.50          124.58           7.7183
 00008  10.70 %  2020               1.20          128.00           7.7592
 01006  10.25 %  2021               5.00          124.50           7.7493
 01006  10.25 %  2021               5.00          124.55           7.7450
 01006  10.25 %  2021               5.00          124.50           7.7493 01006  10.25 %  2021               5.00          124.33           7.7640
 02011   8.35 %  2022               5.00          105.96           7.7533
 02011   8.35 %  2022               0.25          106.05           7.7447
 02011   8.35 %  2022               5.00          106.20           7.7304
 02011   8.35 %  2022               5.00          106.25           7.7257
 01010  10.18 %  2026              15.00          124.20           7.9137
 01010  10.18 %  2026              10.00          124.20           7.9137
 01010  10.18 %  2026              15.00          124.21           7.9129
 01010  10.18 %  2026               1.00          122.80           8.0248
 01010  10.18 %  2026               5.00          124.20           7.9137
 01010  10.18 %  2026               0.25          124.05           7.9255
 01010  10.18 %  2026              10.00          124.20           7.9137
 01010  10.18 %  2026              30.00          124.10           7.9216
 01010  10.18 %  2026              15.00          124.15           7.9176
 01010  10.18 %  2026               5.00          124.10           7.9216
 01010  10.18 %  2026               5.00          124.10           7.9216
 01010  10.18 %  2026               5.00          124.14           7.9184
 01010  10.18 %  2026               5.00          124.10           7.9216
 01010  10.18 %  2026               0.10          124.40           7.8980
 01010  10.18 %  2026              15.00          124.27           7.9082
 01010  10.18 %  2026               5.00          124.15           7.9176
 01010  10.18 %  2026               1.00          123.05           8.0048
 01010  10.18 %  2026               5.00          124.35           7.9019
 01010  10.18 %  2026               5.00          124.40           7.8980
 01010  10.18 %  2026               5.00          124.40           7.8980
 01010  10.18 %  2026              10.00          124.40           7.8980
 01010  10.18 %  2026               5.00          124.33           7.9035
 01010  10.18 %  2026               5.00          124.40           7.8980
 01010  10.18 %  2026               5.00          124.40           7.8980
 01010  10.18 %  2026               5.00          124.35           7.9019
 01010  10.18 %  2026               5.00          124.40           7.8980
 01010  10.18 %  2026              10.00          124.32           7.9043
 01010  10.18 %  2026               5.00          124.40           7.8980
 01010  10.18 %  2026               5.00          124.45           7.8941
 01010  10.18 %  2026              10.00          124.45           7.8941
 01010  10.18 %  2026               5.00          124.40           7.8980
 01010  10.18 %  2026               5.00          124.48           7.8917
     Total                       3264.023
B. State Government Securities
          Contract Date : August 22, 2002
 00211 11% RAJASTHAN SDL 2010       0.082         118.39          7.7455
 01278 9.45% TAMILNADU S.D.L
       2011                         2.39          109.40          7.9783
 01266 9.45% GUJARAT S.D.L 2011     1.8342        109.40          7.9783
          Contract Date : August 23, 2002
 94214 12.50% MAHARASHTRA SDL
       2004                         0.06          107.71          7.4920
 97262 12.30% TAMILNADU LOAN
       2007                         0.01          116.00          8.3862
 98248 12.50% UTTAR PRADESH
       SDL,2008                     2.78          121.80          7.9383
 99216 12.25% MAHARASHTRA SDL
       2009                         5.00          121.61          7.9972
 00204 11.30% BIHAR SDL 2010        1.10          118.56          7.9392
 00245 12.00% ASSAM SDL 2010        5.00          123.90          7.9377
 00262 12.00% UTTAR PRADESH SDL       2010                         3.652         123.90          7.9377
 00260 12.00% RAJASTHAN SDL 2010    0.60          124.17          7.8979
 00260 12.00% RAJASTHAN SDL 2010    0.09          125.50          7.7037
 00260 12.00% RAJASTHAN SDL 2010    1.20          121.63          8.2765
 01254 9.53% ANDHRA PRADESH
       GOVT. STOCK 2011             0.85          109.20          8.0690
 91244 12.00% UTTAR PRADESH S.D.
       2011                         1.5113        125.97          7.9386
 01266 9.45% GUJARAT S.D.L 2011     0.02          111.28          7.7042
 02243 8.00% MAHARASHTRA SDL
       2012                         1.00          100.86          7.8691
 02285 7.83% MAHARASTRA G.S.2012    0.11          100.45          7.7615
 02285 7.83% MAHARASTRA G.S.2012    0.01          100.20          7.7982
 02286 7.80% ANDHRA PRADESH SDL
       2012 (SECOND SERIES)         0.25          100.00          7.7998
 02300 7.80% MAHARASTRA SDL 2012
       (SECOND SERIES)              0.1604        100.00          7.7998
 02297 7.80% KARNATAKA SDL 2012
       (SECOND SERIES)              0.25          100.00          7.7998
 02298 7.80% KERALA SDL 2012
       (SECOND SERIES)              0.25          100.00          7.7998
 02300 7.80% MAHARASTRA SDL 2012
       (SECOND SERIES)              0.1604        100.00          7.7998
 02298 7.80% KERALA SDL 2012
       (SECOND SERIES)              0.25          100.00          7.7998
 02297 7.80% KARNATAKA SDL 2012
       (SECOND SERIES)              0.25          100.00          7.7998
 02286 7.80% ANDHRA PRADESH SDL
       2012 (SECOND SERIES)         0.175         100.00          7.7998
     Total                         29.0453
C. Treasury Bills
   (i) 14 Day Bills (Maturity-wise)
       (DD/MM/YYYY)
                                           NIL
   (ii) 91 Day Bills (Maturity-wise)
       (DD/MM/YYYY)
          Contract Date : August 22, 2002
        15/11/2002                 30.00           98.6761         5.7455
          Contract Date : August 23, 2002
        06/09/2002                  2.00           99.7780         5.7848
        13/09/2002                  0.11           99.6674         5.7843
        27/09/2002                  0.50           99.4469         5.7842
        18/10/2002                  2.34           99.1104         5.8343
        01/11/2002                 10.38           98.8905         5.8341
        22/11/2002                  5.00           98.5700         5.8030
        22/11/2002                  6.465          98.5722         5.7939
        22/11/2002                  5.00           98.5770         5.7742
        22/11/2002                  5.00           98.5697         5.8042
        22/11/2002                  7.00           98.5700         5.8030
     Total                         73.795
   (iii) 182 Day Bills (Maturity-wise)
       (DD/MM/YYYY)
                                           NIL
   (iv) 364 Day Bills (Maturity-wise)
       (DD/MM/YYYY)
          Contract Date : August 23, 2002        06/09/2002                  5.0725         99.7780         5.7848
        06/09/2002                  4.0725         99.7780         5.7848
        20/09/2002                  5.00           99.5761         5.5342
        07/02/2003                  3.00           97.3562         5.8838
        30/05/2003                 85.00           95.6278         5.9437
        25/07/2003                  5.00           94.7741         5.9736
        08/08/2003                  5.00           94.5939         5.9437
        08/08/2003                  5.00           94.5853         5.9537
        08/08/2003                 30.00           94.5939         5.9437
        22/08/2003                  5.00           94.3809         5.9536
        22/08/2003                 32.50           94.3700         5.9659
        22/08/2003                  8.80           94.3898         5.9437
        22/08/2003                 30.00           94.3720         5.9636
        22/08/2003                 26.00           94.3700         5.9659
     Total                        249.445
II.  REPO Transactions *
    (Other than with RBI)
---------------------------------------------------------------------------
 Loan  Nomenclature                Amount      Price *   Repo Rate   Repo
 Code                            (Face Value) Per Rs.100   (%pa)    Period
                                 (in Rs.Crore) Nominal              (Days)
           (1)                      (2)          (3)        (4)      (5)
---------------------------------------------------------------------------
A. Government of India Dated Securities
 97011  11.15 %  2002              25.00      100.10        5.85       1
 98020  11.78 %  2003              40.00      105.58        5.50       1
 98020  11.78 %  2003              25.00      105.58        5.50       1
 94003  12.50 %  2004              40.00      109.42        5.85       3
 94003  12.50 %  2004              50.00      109.42        5.85       3
 94003  12.50 %  2004              20.00      109.42        5.70       1
 94003  12.50 %  2004              44.50      109.50        5.25       3
 00011  10.20 %  2005              40.00      110.02        5.75       3
 97010  11.19 %  2005              25.00      113.17        5.70       1
 00016  11.40 %  2008              15.00      123.00        5.55       3
 00016  11.40 %  2008              40.00      122.95        5.75       3
 00016  11.40 %  2008              30.00      122.95        5.75       3
 00016  11.40 %  2008              20.00      122.95        5.85       3
 02010   7.55 %  2010              25.00      103.55        5.55       3
 02010   7.55 %  2010             130.00      103.50        5.75       3
 02010   7.55 %  2010              27.00      103.50        5.75       3
 00014  11.30 %  2010              50.00      125.15        5.70       3
 01007   9.39 %  2011              30.00      114.31        5.75       3
 00017  11.50 %  2011              30.00      128.55        5.50       3
 02006   6.85 %  2012              12.00       98.00        5.50       3
 02006   6.85 %  2012              40.00       98.00        5.60       3
 02006   6.85 %  2012              30.00       98.00        5.50       3
 02006   6.85 %  2012               6.00       98.00        5.40       3
 02006   6.85 %  2012              10.00       98.00        5.00       1
 02006   6.85 %  2012              10.00       98.00        5.40       3
 02006   6.85 %  2012               5.00       98.00        5.40       3
 02006   6.85 %  2012              10.00       98.00        5.40       3
 02009   7.40 %  2012              20.00      101.50        5.75       3
 02009   7.40 %  2012              10.00      101.50        5.85       3
 02009   7.40 %  2012              30.00      101.50        5.75       3 02009   7.40 %  2012              30.00      101.50        5.75       3
 02013   6.72 %  2012              24.95      100.56        5.00       3
 02013   6.72 %  2012               4.95      100.56        5.00       1
 02001   8.07 %  2017              21.00      105.30        5.65       1
 02012   6.84 %  2017              50.00      100.00        5.60       1
 02012   6.84 %  2017             100.00      100.00        5.60       3
 02012   6.84 %  2017              50.00      100.00        5.50       3
 02012   6.84 %  2017              50.00      100.00        5.50       1
 02012   6.84 %  2017              25.00      100.00        5.50       3
 02012   6.84 %  2017              50.00      100.00        5.45       3
 02012   6.84 %  2017              50.00      100.00        5.50       1
 02012   6.84 %  2017              21.00      100.00        5.25       1
 01006  10.25 %  2021              25.00      124.00        5.50       3
 01006  10.25 %  2021              24.00      124.00        5.50       3
 01006  10.25 %  2021              50.00      124.00        5.50       3
 01006  10.25 %  2021              16.00      124.25        5.35       3
 01010  10.18 %  2026              39.00      124.00        5.50       3
 01010  10.18 %  2026              30.00      124.00        5.60       1
 01010  10.18 %  2026              27.00      124.00        5.40       3
     Total                       1577.40
B. State Government Securities
                                           NIL
C. Treasury Bills
   (i) 14 Day Bills (Maturity-wise)
      (DD/MM/YYYY)
                                           NIL
   (ii) 91 Day Bills (Maturity-wise)
      (DD/MM/YYYY)
                                           NIL
   (iii) 182 Day Bills (Maturity-wise)
      (DD/MM/YYYY)
                                           NIL
   (iv) 364 Day Bills (Maturity-wise)
       (DD/MM/YYYY)
        13/12/2002                 50.00       98.2070      5.50       3
     Total                         50.00
---------------------------------------------------------------------------
  * Relate to the first leg of Repos
  # YTM(indicative) will depend upon assumed rate of inflation
Date :  23 August 2002