in Government Dated Securities and Treasury Bills
Mumbai on 11 December 2002
00016  11.40 %  2008               5.00          125.48           6.0598 
00016  11.40 %  2008               5.00          125.50           6.0561 
00016  11.40 %  2008               5.00          125.53           6.0507 
00016  11.40 %  2008               5.00          125.53           6.0507 
98009  11.90 %  2007               5.00          123.23           5.9028 
98009  11.90 %  2007               5.00          123.23           5.9028 
00013  11.00 %  2006               5.00          116.65           5.8395 
00013  11.00 %  2006               5.00          116.74           5.8142 
00013  11.00 %  2006               5.00          116.74           5.8142 
78002   6.75 %  2006               0.0415        102.45           5.9474 
99008  11.68 %  2006               5.00          117.62           5.7818 
97010  11.19 %  2005              15.00          113.40           5.7003 
97010  11.19 %  2005               5.00          113.44           5.6853 
00011  10.20 %  2005               4.00          110.45           5.7868 
00011  10.20 %  2005               5.00          110.47           5.7789 
00011  10.20 %  2005               5.00          110.45           5.7868 
00011  10.20 %  2005               5.00          110.50           5.7670 
00011  10.20 %  2005               5.00          110.47           5.7789 
95006  14.00 %  2005               0.33          119.60           5.4771 
94003  12.50 %  2004              10.00          108.375          5.6268 
94003  12.50 %  2004              10.00          108.38           5.6230 
94003  12.50 %  2004              10.00          108.38           5.6230 
98020  11.78 %  2003               1.00          103.80           5.9241 
98004  11.10 %  2003               0.02          101.88           5.0930 
Date : December 11, 2002          Contract 
01010  10.18 %  2026               2.40          134.05           7.1722 
01010  10.18 %  2026               0.40          134.05           7.1722 
01010  10.18 %  2026               2.197         134.00           7.1757 
01010  10.18 %  2026               2.0139        134.00           7.1757 
02011   8.35 %  2022              50.00          114.35           6.9880 
02011   8.35 %  2022              50.00          114.35           6.9880 
02011   8.35 %  2022               0.25          114.39           6.9845 
02011   8.35 %  2022               0.30          114.39           6.9845 
02014   7.46 %  2017               0.25          106.98           6.7049 
02007   7.49 %  2017               0.10          107.22           6.6977 
02001   8.07 %  2017               1.00          112.05           6.7320 
02009   7.40 %  2012               4.00          106.97           6.4002 
02009   7.40 %  2012               2.00          106.97           6.4002 
02006   6.85 %  2012               0.10          103.15           6.3943 
01007   9.39 %  2011               1.00          119.10           6.4504 
Date : December 10, 2002          Contract 
A. Government of India Dated Securities
I.  Outright Transactions
---------------------------------------------------------------------------
Rs.Crore)    nominal in                                  (
)     Per Rs.100   Indicative Code                            (Face Value
YTM % Loan  Nomenclature              Amount           Price *         
---------------------------------------------------------------------------
at RBI, 
Subsidiary General Ledger Account Transactions01007   9.39 %  2011               5.00          119.09           6.4512 
01007   9.39 %  2011               5.00          119.07           6.4539 
01007   9.39 %  2011               5.00          119.06           6.4553 
01007   9.39 %  2011               5.00          119.05           6.4567 
01007   9.39 %  2011               5.00          119.05           6.4567 
01007   9.39 %  2011               5.00          119.15           6.4429 
01007   9.39 %  2011               5.00          119.10           6.4498 
00010  10.95 %  2011              25.00          128.335          6.5391 
00010  10.95 %  2011              10.00          128.35           6.5371 
00010  10.95 %  2011               5.00          128.31           6.5424 
81005   8.00 %  2011               0.50          108.00           6.7331 
99005  12.32 %  2011              10.00          135.70           6.5788 
00014  11.30 %  2010              10.00          129.81           6.3139 
00014  11.30 %  2010               5.00          129.790          6.3168 
00014  11.30 %  2010               5.00          129.78           6.3182 
00014  11.30 %  2010               5.00          129.78           6.3182 
00014  11.30 %  2010              25.00          129.81           6.3139 
98015  12.25 %  2010               5.00          133.75           6.5215 
98015  12.25 %  2010              10.00          133.75           6.5215 
02010   7.55 %  2010               5.00          107.87           6.2097 
02010   7.55 %  2010               5.00          107.85           6.2129 
02010   7.55 %  2010               5.00          107.85           6.2129 
02010   7.55 %  2010               5.00          107.83           6.2162 
02010   7.55 %  2010               5.00          107.83           6.2162 
02010   7.55 %  2010               5.00          107.78           6.2243 
02010   7.55 %  2010               5.00          107.75           6.2292 
02010   7.55 %  2010               5.00          107.75           6.2292 
02010   7.55 %  2010               5.00          107.75           6.2292 
02010   7.55 %  2010               5.00          107.75           6.2292 
02010   7.55 %  2010               5.00          107.78           6.2243 
02010   7.55 %  2010               5.00          107.80           6.2210 
99004  12.29 %  2010              10.00          133.65           6.3478 
99004  12.29 %  2010               5.00          133.64           6.3493 
99004  12.29 %  2010               5.00          133.62           6.3522 
99006  11.99 %  2009               5.00          129.75           6.2223 
99006  11.99 %  2009               5.00          129.75           6.2223 
99006  11.99 %  2009               5.00          129.75           6.2223 
99006  11.99 %  2009               5.00          130.25           6.1404 
99006  11.99 %  2009               5.00          130.25           6.1404 
99006  11.99 %  2009               5.00          129.85           6.2059 
99006  11.99 %  2009               5.00          129.75           6.2223 
99006  11.99 %  2009               5.00          129.800          6.2141 
99006  11.99 %  2009               5.00          129.85           6.2059 
02004   6.96 %  2009              15.00          102.58           6.4527 
02004   6.96 %  2009              10.00          102.50           6.4681 
00016  11.40 %  2008               0.31          125.93           5.9783 
00016  11.40 %  2008               5.00          125.45           6.0652 
00016  11.40 %  2008              10.00          125.50           6.0561 
00016  11.40 %  2008               5.00          125.49           6.0580 
00016  11.40 %  2008               5.00          125.50           6.0561 
00016  11.40 %  2008               5.00          125.47           6.0616 
00016  11.40 %  2008              10.00          125.50           6.0561 
00016  11.40 %  2008               5.00          125.50           6.0561 
00016  11.40 %  2008              10.00          125.48           6.0598 
00016  11.40 %  2008               5.00          125.47           6.0616 
00016  11.40 %  2008               5.00          125.48           6.0598 
00016  11.40 %  2008               5.00          125.45           6.0652 00017  11.50 %  2011               5.00          133.81           6.4654 
00017  11.50 %  2011              10.00          133.805          6.4661 
00017  11.50 %  2011               5.00          133.81           6.4654 
00017  11.50 %  2011               5.00          133.80           6.4667 
00017  11.50 %  2011               5.00          133.81           6.4654 
00017  11.50 %  2011               5.00          133.79           6.4679 
00017  11.50 %  2011              10.00          133.81           6.4654 
00017  11.50 %  2011               5.00          133.82           6.4642 
00017  11.50 %  2011              10.00          133.82           6.4642 
00017  11.50 %  2011               5.00          133.85           6.4605 
00017  11.50 %  2011              10.00          133.835          6.4624 
00017  11.50 %  2011               5.00          133.81           6.4654 
00017  11.50 %  2011              10.00          133.84           6.4618 
00017  11.50 %  2011               5.00          133.85           6.4605 
00017  11.50 %  2011               5.00          133.85           6.4605 
00017  11.50 %  2011               5.00          133.83           6.4630 
00017  11.50 %  2011               5.00          133.72           6.4765 
00017  11.50 %  2011               5.00          133.78           6.4691 
00017  11.50 %  2011              20.00          133.75           6.4728 
00017  11.50 %  2011               5.00          133.73           6.4753 
00017  11.50 %  2011               5.00          133.80           6.4667 
00017  11.50 %  2011              10.00          133.75           6.4728 
00017  11.50 %  2011               5.00          133.75           6.4728 
00017  11.50 %  2011               0.50          133.45           6.5098 
00017  11.50 %  2011               5.00          133.78           6.4691 
00017  11.50 %  2011               5.00          133.82           6.4642 
00017  11.50 %  2011               5.00          133.80           6.4667 
00017  11.50 %  2011              10.00          133.85           6.4605 
00017  11.50 %  2011              10.00          133.85           6.4605 
01007   9.39 %  2011              25.00          119.05           6.4567 
01007   9.39 %  2011              10.00          119.055          6.4560 
01007   9.39 %  2011               5.00          119.10           6.4498 
01007   9.39 %  2011               5.00          119.07           6.4539 
01007   9.39 %  2011               5.00          119.06           6.4553 
01007   9.39 %  2011               5.00          119.10           6.4498 
01007   9.39 %  2011               5.00          119.08           6.4526 
01007   9.39 %  2011               5.00          119.07           6.4539 
01007   9.39 %  2011               5.00          119.08           6.4526 
01007   9.39 %  2011               5.00          119.07           6.4539 
01007   9.39 %  2011               5.00          119.07           6.4539 
01007   9.39 %  2011               5.00          119.06           6.4553 
01007   9.39 %  2011               5.00          119.10           6.4498 
01007   9.39 %  2011               5.00          119.03           6.4595 
01007   9.39 %  2011               5.00          119.10           6.4498 
01007   9.39 %  2011               5.00          119.05           6.4567 
01007   9.39 %  2011               5.00          119.12           6.4471 
01007   9.39 %  2011              10.00          119.07           6.4539 
01007   9.39 %  2011               5.00          119.12           6.4471 
01007   9.39 %  2011               5.00          119.12           6.4471 
01007   9.39 %  2011               5.00          119.10           6.4498 
01007   9.39 %  2011               5.00          119.07           6.4539 
01007   9.39 %  2011               5.00          119.07           6.4539 
01007   9.39 %  2011               5.00          119.07           6.4539 
01007   9.39 %  2011               5.00          119.12           6.4471 
01007   9.39 %  2011               5.00          119.10           6.4498 
01007   9.39 %  2011               5.00          119.10           6.4498 
01007   9.39 %  2011               5.00          119.10           6.4498 00012  11.03 %  2012               5.00          131.93           6.5049 
00012  11.03 %  2012               5.00          131.88           6.5108 
00012  11.03 %  2012               5.00          131.90           6.5084 
00012  11.03 %  2012              10.00          131.895          6.5090 
02009   7.40 %  2012               0.75          107.00           6.3958 
02009   7.40 %  2012               5.00          107.04           6.3904 
02009   7.40 %  2012               3.00          107.00           6.3958 
02009   7.40 %  2012               5.00          106.88           6.4123 
02009   7.40 %  2012               5.00          106.95           6.4027 
02009   7.40 %  2012               5.00          106.95           6.4027 
02009   7.40 %  2012               0.15          106.95           6.4027 
02009   7.40 %  2012               0.50          107.03           6.3917 
02009   7.40 %  2012               0.50          107.04           6.3904 
02009   7.40 %  2012               5.00          106.93           6.4055 
02009   7.40 %  2012               5.00          106.94           6.4041 
02009   7.40 %  2012               0.50          106.98           6.3986 
02009   7.40 %  2012               5.00          106.95           6.4027 
02009   7.40 %  2012               5.00          106.87           6.4137 
02009   7.40 %  2012               5.00          106.94           6.4041 
02009   7.40 %  2012               5.00          106.95           6.4027 
02009   7.40 %  2012              20.00          106.95           6.4027 
02009   7.40 %  2012               0.50          107.00           6.3958 
02009   7.40 %  2012               5.00          106.99           6.3972 
02009   7.40 %  2012               5.00          107.01           6.3945 
02009   7.40 %  2012               0.07          106.93           6.4055 
02009   7.40 %  2012               1.00          106.50           6.4647 
02009   7.40 %  2012               5.00          106.93           6.4055 
02009   7.40 %  2012               1.00          106.97           6.4000 
02009   7.40 %  2012               5.00          106.93           6.4055 
02009   7.40 %  2012               5.00          106.98           6.3986 
02009   7.40 %  2012               5.00          106.95           6.4027 
02009   7.40 %  2012               5.00          106.99           6.3972 
02009   7.40 %  2012              10.00          106.98           6.3986 
02009   7.40 %  2012               5.00          106.99           6.3972 
02009   7.40 %  2012               5.00          106.87           6.4137 
02009   7.40 %  2012               5.00          106.90           6.4096 
02009   7.40 %  2012               5.00          106.88           6.4123 
02009   7.40 %  2012               5.00          106.90           6.4096 
02009   7.40 %  2012               5.00          106.97           6.4000 
02009   7.40 %  2012               5.00          106.90           6.4096 
02009   7.40 %  2012               5.00          106.87           6.4137 
02009   7.40 %  2012               5.00          106.885          6.4116 
02009   7.40 %  2012               5.00          106.88           6.4123 
02009   7.40 %  2012               5.00          106.88           6.4123 
02009   7.40 %  2012               5.00          106.90           6.4096 
02009   7.40 %  2012               5.00          106.98           6.3986 
02006   6.85 %  2012               2.00          103.12           6.3985 
02006   6.85 %  2012              10.00          103.08           6.4041 
02006   6.85 %  2012               1.00          103.08           6.4041 
02006   6.85 %  2012               1.00          103.08           6.4041 
02006   6.85 %  2012               0.50          103.10           6.4013 
02006   6.85 %  2012               1.00          103.99           6.2761 
02006   6.85 %  2012               0.50          103.50           6.3449 
02006   6.85 %  2012               7.00          103.28           6.3759 
02006   6.85 %  2012               0.15          103.40           6.3590 
00017  11.50 %  2011               5.00          133.78           6.4691 
00017  11.50 %  2011               5.00          133.85           6.4605  01005   9.81 %  2013               5.00          124.95           6.4888
 01005   9.81 %  2013              10.00          124.90           6.4946
 01005   9.81 %  2013              10.00          124.89           6.4957
 01005   9.81 %  2013               5.00          124.93           6.4911
 01005   9.81 %  2013               5.00          124.88           6.4969
 01005   9.81 %  2013               5.00          124.88           6.4969
 01005   9.81 %  2013               5.00          124.95           6.4888
 01005   9.81 %  2013              10.00          124.91           6.4934
 01005   9.81 %  2013               5.00          124.90           6.4946
 01005   9.81 %  2013               5.00          124.94           6.4900
 01005   9.81 %  2013               5.00          124.90           6.4946
 01005   9.81 %  2013               5.00          124.88           6.4969
 01005   9.81 %  2013               5.00          124.90           6.4946
 01005   9.81 %  2013               5.00          124.93           6.4911
 01005   9.81 %  2013               5.00          124.96           6.4877
 01005   9.81 %  2013               5.00          124.89           6.4957
 01005   9.81 %  2013               5.00          124.94           6.4900
 01005   9.81 %  2013               5.00          124.95           6.4888
 01005   9.81 %  2013               5.00          124.83           6.5026
 01005   9.81 %  2013               5.00          124.94           6.4900
 01005   9.81 %  2013               5.00          124.92           6.4923
01005   9.81 %  2013               5.00          124.87           6.4980 
01005   9.81 %  2013               5.00          124.83           6.5026 
01005   9.81 %  2013               5.00          124.90           6.4946 
01005   9.81 %  2013               5.00          124.84           6.5015 
01005   9.81 %  2013               5.00          124.90           6.4946 
01005   9.81 %  2013              10.00          124.82           6.5038 
01005   9.81 %  2013               5.00          124.87           6.4980 
01005   9.81 %  2013               5.00          124.83           6.5026 
01005   9.81 %  2013               5.00          125.22           6.4578 
01005   9.81 %  2013               5.00          124.80           6.5061 
01005   9.81 %  2013               5.00          124.80           6.5061 
01005   9.81 %  2013               5.00          124.82           6.5038 
01005   9.81 %  2013               5.00          125.16           6.4647 
01005   9.81 %  2013               5.00          125.15           6.4659 
01005   9.81 %  2013               5.00          125.21           6.4590 
82005   9.00 %  2013              20.00          117.85           6.6074 
01009   9.40 %  2012               5.00          120.60           6.5104 
01009   9.40 %  2012               0.50          120.20           6.5601 
01009   9.40 %  2012               5.00          120.60           6.5104 
00012  11.03 %  2012               5.00          131.92           6.5060 
00012  11.03 %  2012               5.00          131.93           6.5049 
00012  11.03 %  2012               5.00          131.93           6.5049 
00012  11.03 %  2012               5.00          131.95           6.5025 
00012  11.03 %  2012               5.00          131.97           6.5001 
00012  11.03 %  2012               5.00          131.95           6.5025 
00012  11.03 %  2012               5.00          131.96           6.5013 
00012  11.03 %  2012               5.00          131.96           6.5013 
00012  11.03 %  2012               5.00          131.95           6.5025 
00012  11.03 %  2012               5.00          131.95           6.5025 
00012  11.03 %  2012               5.00          131.93           6.5049 
00012  11.03 %  2012               5.00          131.95           6.5025 
00012  11.03 %  2012               5.00          131.90           6.5084 
00012  11.03 %  2012               5.00          131.90           6.5084 
00012  11.03 %  2012               5.00          131.89           6.5096 
00012  11.03 %  2012               5.00          131.94           6.5037 
00012  11.03 %  2012               5.00          131.90           6.5084 01003  10.71 %  2016               5.00          134.10           6.7851 
01011   9.85 %  2015               5.00          127.07           6.6767 
01011   9.85 %  2015               5.00          127.02           6.6816 
01011   9.85 %  2015               5.00          127.06           6.6777 
01011   9.85 %  2015               5.00          127.04           6.6796 
01011   9.85 %  2015              10.00          127.02           6.6816 
01011   9.85 %  2015              10.00          127.01           6.6826 
01011   9.85 %  2015              15.00          127.03           6.6806 
01011   9.85 %  2015               0.12          127.55           6.6290 
01011   9.85 %  2015               5.00          127.01           6.6826 
01011   9.85 %  2015               5.00          127.02           6.6816 
01011   9.85 %  2015               1.00          126.98           6.6856 
01011   9.85 %  2015               5.00          127.05           6.6787 
 01011   9.85 %  2015               5.00          127.055          6.6782
01011   9.85 %  2015               5.00          127.05           6.6787 
01011   9.85 %  2015               5.00          127.08           6.6757 
01011   9.85 %  2015               5.00          127.08           6.6757 
01011   9.85 %  2015               5.00          127.05           6.6787 
 01011   9.85 %  2015               5.00          127.05           6.6787
 01011   9.85 %  2015               5.00          127.05           6.6787
 01011   9.85 %  2015               5.00          127.05           6.6787
 01011   9.85 %  2015               5.00          127.055          6.6782
 01011   9.85 %  2015               5.00          127.09           6.6747
 01011   9.85 %  2015               5.00          127.02           6.6816
 01011   9.85 %  2015               5.00          127.07           6.6767
 01011   9.85 %  2015               5.00          127.03           6.6806
 01011   9.85 %  2015               5.00          127.02           6.6816
 01011   9.85 %  2015               5.00          127.03           6.6806
 01011   9.85 %  2015               5.00          127.00           6.6836
 01011   9.85 %  2015               5.00          126.98           6.6856
 01011   9.85 %  2015               5.00          127.02           6.6816
 01011   9.85 %  2015               5.00          127.01           6.6826
 00015  11.43 %  2015               5.00          137.645          6.9157
 00015  11.43 %  2015              10.00          137.73           6.9075
 00015  11.43 %  2015               5.00          137.80           6.9008
00015  11.43 %  2015              10.00          137.77           6.9037 
00015  11.43 %  2015              10.00          137.76           6.9046 
00015  11.43 %  2015               5.00          137.78           6.9027 
 00015  11.43 %  2015               5.00          137.78           6.9027
 00015  11.43 %  2015              15.00          137.75           6.9056
 99020  11.83 %  2014               5.00          139.35           6.9253
 99020  11.83 %  2014               5.00          139.35           6.9253
 02008   7.37 %  2014               5.00          106.65           6.5296
 02017   7.27 %  2013               5.05          106.30           6.4456
 02017   7.27 %  2013               5.00          106.17           6.4619
 02017   7.27 %  2013               5.00          106.18           6.4606
 02017   7.27 %  2013               5.00          106.17           6.4619
 02017   7.27 %  2013               1.00          106.35           6.4393
 02017   7.27 %  2013               1.00          105.82           6.5060
 02017   7.27 %  2013               5.00          106.17           6.4619
 02017   7.27 %  2013               1.00          105.75           6.5148
 02017   7.27 %  2013               5.00          106.12           6.4682
 02017   7.27 %  2013               5.00          106.12           6.4682
 02017   7.27 %  2013               5.00          106.15           6.4644
 01005   9.81 %  2013               0.80          125.05           6.4773
 01005   9.81 %  2013               5.00          125.00           6.4831
 01005   9.81 %  2013               5.00          124.95           6.4888 02001   8.07 %  2017               5.00          112.06           6.7308
02001   8.07 %  2017               5.00          112.05           6.7318 
02001   8.07 %  2017               5.00          112.10           6.7267 
02001   8.07 %  2017               5.00          112.05           6.7318 
02001   8.07 %  2017               5.00          112.12           6.7246 
02001   8.07 %  2017               5.00          112.11           6.7257 
02001   8.07 %  2017               5.00          112.11           6.7257 
02001   8.07 %  2017               5.00          112.12           6.7246 
02001   8.07 %  2017               5.00          112.12           6.7246 
 02001   8.07 %  2017               5.00          112.10           6.7267
02001   8.07 %  2017               5.00          112.10           6.7267 
 02001   8.07 %  2017               5.00          112.03           6.7339
 02001   8.07 %  2017               5.00          112.09           6.7277
 02001   8.07 %  2017               5.00          112.11           6.7257
02001   8.07 %  2017               5.00          112.12           6.7246 
 02001   8.07 %  2017               5.00          112.11           6.7257
 02001   8.07 %  2017               5.00          112.08           6.7287
 02001   8.07 %  2017               5.00          112.08           6.7287
 02001   8.07 %  2017               5.00          112.07           6.7298
 02001   8.07 %  2017               5.00          112.12           6.7246
 02001   8.07 %  2017               5.00          112.03           6.7339
 02001   8.07 %  2017               5.00          112.00           6.7370
02001   8.07 %  2017               5.00          112.10           6.7267 
02001   8.07 %  2017               5.00          112.10           6.7267 
02001   8.07 %  2017               5.00          112.05           6.7318 
02001   8.07 %  2017               5.00          112.07           6.7298 
02001   8.07 %  2017               5.00          112.05           6.7318 
 02001   8.07 %  2017               5.00          112.03           6.7339
 02001   8.07 %  2017               5.00          112.04           6.7329
 02001   8.07 %  2017               5.00          112.10           6.7267
 02001   8.07 %  2017               5.00          112.07           6.7298
 02001   8.07 %  2017               5.00          112.06           6.7308
 02001   8.07 %  2017               5.00          112.05           6.7318
 02001   8.07 %  2017               5.00          112.05           6.7318
 02001   8.07 %  2017               5.00          112.06           6.7308
 02001   8.07 %  2017               5.00          112.09           6.7277
 02001   8.07 %  2017               5.00          112.15           6.7216
 02001   8.07 %  2017               5.00          112.10           6.7267
 02001   8.07 %  2017               5.00          112.10           6.7267
 02001   8.07 %  2017               5.00          112.10           6.7267
 02001   8.07 %  2017               5.00          112.12           6.7246
 02001   8.07 %  2017               5.00          112.115          6.7252
 02001   8.07 %  2017               5.00          100.00           8.0685
 01003  10.71 %  2016               5.00          134.16           6.7795
 01003  10.71 %  2016               5.00          134.11           6.7842
 01003  10.71 %  2016               5.00          134.16           6.7795
 01003  10.71 %  2016               5.00          134.10           6.7851
 01003  10.71 %  2016               5.00          134.15           6.7804
01003  10.71 %  2016               5.00          134.16           6.7795 
 01003  10.71 %  2016               5.00          134.16           6.7795
 01003  10.71 %  2016               5.00          134.10           6.7851
 01003  10.71 %  2016               5.00          134.17           6.7786
01003  10.71 %  2016               5.00          134.16           6.7795 
01003  10.71 %  2016               5.00          134.14           6.7814 
01003  10.71 %  2016               5.00          134.05           6.7898 
01003  10.71 %  2016              10.00          134.05           6.7898 
01003  10.71 %  2016               5.00          134.05           6.7898 02014   7.46 %  2017               0.25          107.02           6.7007 
02014   7.46 %  2017               1.00          107.08           6.6945 
02014   7.46 %  2017               1.50          107.05           6.6976 
02014   7.46 %  2017               5.00          107.00           6.7028 
02014   7.46 %  2017               0.10          107.02           6.7007 
02014   7.46 %  2017               0.25          107.08           6.6945 
02014   7.46 %  2017               5.00          106.99           6.7038 
 02014   7.46 %  2017               5.00          107.02           6.7007
02014   7.46 %  2017               5.00          107.03           6.6997 
02014   7.46 %  2017               5.00          107.01           6.7017 
02014   7.46 %  2017               5.00          106.97           6.7059 
02014   7.46 %  2017               0.50          107.07           6.6956 
02014   7.46 %  2017               5.00          107.03           6.6997 
02014   7.46 %  2017               5.00          107.03           6.6997 
02014   7.46 %  2017               5.00          107.02           6.7007 
02014   7.46 %  2017               1.00          107.01           6.7017 
02014   7.46 %  2017               0.25          106.99           6.7038 
02014   7.46 %  2017               1.25          106.50           6.7545 
02014   7.46 %  2017               0.50          107.22           6.6801 
02014   7.46 %  2017               5.00          107.00           6.7028 
02014   7.46 %  2017               5.00          107.02           6.7007 
02014   7.46 %  2017               5.00          107.00           6.7028 
02014   7.46 %  2017               5.00          106.97           6.7059 
02014   7.46 %  2017               5.00          107.00           6.7028 
02014   7.46 %  2017               5.00          107.03           6.6997 
02014   7.46 %  2017               5.00          107.02           6.7007 
02014   7.46 %  2017               5.00          106.80           6.7234 
02014   7.46 %  2017               1.00          107.05           6.6976 
 02014   7.46 %  2017              10.00          106.95           6.7079
02007   7.49 %  2017               5.00          107.095          6.7107 
02007   7.49 %  2017               5.00          107.10           6.7102 
02007   7.49 %  2017               5.00          107.10           6.7102 
02007   7.49 %  2017               5.00          107.10           6.7102 
 02007   7.49 %  2017              10.00          107.06           6.7144
02001   8.07 %  2017               5.00          112.10           6.7267 
 02001   8.07 %  2017               1.00          112.16           6.7205
 02001   8.07 %  2017               1.00          112.02           6.7349
02001   8.07 %  2017               5.00          112.08           6.7287 
 02001   8.07 %  2017               5.00          112.09           6.7277
02001   8.07 %  2017               5.00          112.08           6.7287 
02001   8.07 %  2017               5.00          112.08           6.7287 
 02001   8.07 %  2017               0.10          112.17           6.7195
02001   8.07 %  2017               5.00          112.085          6.7282 
02001   8.07 %  2017               5.00          112.08           6.7287 
02001   8.07 %  2017               5.00          112.07           6.7298 
02001   8.07 %  2017               5.00          112.12           6.7246 
02001   8.07 %  2017               5.00          112.10           6.7267 
02001   8.07 %  2017               5.00          112.05           6.7318 
02001   8.07 %  2017               5.00          112.04           6.7329 
02001   8.07 %  2017               5.00          112.07           6.7298 
02001   8.07 %  2017               5.00          112.11           6.7257 
02001   8.07 %  2017               5.00          112.07           6.7298 
 02001   8.07 %  2017               5.00          112.08           6.7287
02001   8.07 %  2017               5.00          112.07           6.7298 
02001   8.07 %  2017               5.00          112.07           6.7298 
 02001   8.07 %  2017               5.00          112.08           6.7287
02001   8.07 %  2017               5.00          112.05           6.7318 01010  10.18 %  2026               5.00          134.10           7.1686 
01010  10.18 %  2026               5.00          134.05           7.1721 
01010  10.18 %  2026               5.00          134.06           7.1714 
01010  10.18 %  2026               5.00          134.00           7.1756 
01010  10.18 %  2026               5.00          133.99           7.1763 
01010  10.18 %  2026               5.00          134.00           7.1756 
02011   8.35 %  2022               5.00          114.55           6.9707 
02011   8.35 %  2022               5.00          114.40           6.9836 
02011   8.35 %  2022               5.00          114.45           6.9793 
02011   8.35 %  2022               5.00          114.50           6.9750 
02011   8.35 %  2022               5.00          114.45           6.9793 
02011   8.35 %  2022               5.00          114.40           6.9836 
02011   8.35 %  2022               1.00          115.39           6.8991 
02011   8.35 %  2022               1.00          114.50           6.9750 
02011   8.35 %  2022              10.00          114.45           6.9793 
02011   8.35 %  2022               5.00          114.39           6.9844 
02011   8.35 %  2022               5.00          114.46           6.9784 
02011   8.35 %  2022               5.00          114.50           6.9750 
02011   8.35 %  2022               0.20          114.60           6.9664 
02011   8.35 %  2022               5.00          114.39           6.9844 
02011   8.35 %  2022               5.00          114.32           6.9904 
02011   8.35 %  2022               5.00          114.50           6.9750 
02011   8.35 %  2022               5.00          114.35           6.9879 
02011   8.35 %  2022               5.00          114.32           6.9904 
02011   8.35 %  2022               4.00          114.55           6.9707 
02011   8.35 %  2022               5.00          114.38           6.9853 
01006  10.25 %  2021               5.00          133.06           7.0264 
01006  10.25 %  2021               5.00          133.60           6.9839 
01006  10.25 %  2021               5.00          133.05           7.0271 
01006  10.25 %  2021               0.50          132.60           7.0627 
01006  10.25 %  2021               5.00          133.60           6.9839 
01006  10.25 %  2021               5.00          133.08           7.0248 
01006  10.25 %  2021               5.00          133.01           7.0303 
01006  10.25 %  2021               5.00          133.08           7.0248 
01006  10.25 %  2021               5.00          133.08           7.0248 
01006  10.25 %  2021               5.00          133.08           7.0248 
01006  10.25 %  2021              10.00          133.00           7.0311 
01006  10.25 %  2021               5.00          133.08           7.0248 
01006  10.25 %  2021               5.00          133.07           7.0256 
01006  10.25 %  2021               5.00          133.07           7.0256 
01006  10.25 %  2021              18.00          133.065          7.0260 
01006  10.25 %  2021               5.00          132.97           7.0335 
01008  10.03 %  2019              24.00          129.35           7.0137 
01008  10.03 %  2019              24.00          129.35           7.0137 
01008  10.03 %  2019               0.217         129.950          6.9627 
01008  10.03 %  2019               0.063         129.950          6.9627 
01008  10.03 %  2019               0.50          129.550          6.9967 
01004  10.45 %  2018               5.00          133.00           6.9275 
02014   7.46 %  2017               5.00          106.92           6.7110 
02014   7.46 %  2017               1.00          107.07           6.6956 
02014   7.46 %  2017               5.00          107.08           6.6945 
02014   7.46 %  2017               0.45          107.10           6.6925 
02014   7.46 %  2017               5.00          107.00           6.7028 
02014   7.46 %  2017               5.00          106.98           6.7048 
02014   7.46 %  2017               0.50          107.00           6.7028 
02014   7.46 %  2017               0.50          107.14           6.6883 
02014   7.46 %  2017               1.50          107.07           6.6956 KARNATAKA GOVT. 02228 7.80% 
2011     0.25          116.42          6.9301 S.D.L GUJARAT  01266 9.45% 
2011     0.37          115.92          6.9998 S.D.L GUJARAT  01266 9.45% 
2010    1.00          131.17          6.7803 SDL RAJASTHAN  00260 12.00% 
2010        0.25          120.75          6.8812 SDL BIHAR  00216 10.52% 
2010    0.60          121.40          6.7806 SDL TAMILNADU  00234 10.52% 
2010       0.50          121.40          6.7806 SDL  00231 10.52% PUNJAB 
2010      0.50          121.40          6.7806 SDL GUJARAT  00218 10.52% 
2010      0.50          121.40          6.7806 SDL HARYANA  00219 10.52% 
2009                         1.00          127.53          6.7030       
SDL MAHARASTRA  99241 11.85% 
,2009              0.50          113.89          6.7699       GOVT.STOCK
GUJARAT 01253 9.40 % 
2009                         0.71          123.35          7.0338       
KARNATAKA S.D. 89221 11.50% 
2008                         0.25          121.93          6.8008       
MAHARASHTRA S.D. 88213 11.50% 
2008      6.00          123.67          6.8005 SDL GUJARAT  98205 12.15% 
2007        1.97          124.16          6.8003 TAMILNADU  92223 13.00% 
2007    1.5695        124.53          6.8005 SDL TAMILNADU  97222 13.75% 
Date : December 11, 2002          Contract 
B. State Government Securities
Total                       2812.021     
02015   7.95 %  2032               5.00          109.55           7.1677 
02015   7.95 %  2032               5.00          109.55           7.1677 
02015   7.95 %  2032               5.00          109.54           7.1685 
02015   7.95 %  2032               0.35          109.73           7.1541 
02015   7.95 %  2032               0.39          109.73           7.1541 
02015   7.95 %  2032               0.40          109.73           7.1541 
02015   7.95 %  2032               1.81          109.73           7.1541 
02015   7.95 %  2032               5.00          109.55           7.1677 
02015   7.95 %  2032               5.00          109.49           7.1723 
02015   7.95 %  2032               5.00          109.51           7.1708 
02015   7.95 %  2032               5.00          109.53           7.1693 
02015   7.95 %  2032               5.00          109.50           7.1715 
02015   7.95 %  2032               0.10          109.60           7.1640 
02015   7.95 %  2032               0.50          109.50           7.1715 
02015   7.95 %  2032               0.50          109.85           7.1450 
02015   7.95 %  2032               0.10          109.00           7.2096 
02015   7.95 %  2032               0.16          110.05           7.1299 
02015   7.95 %  2032               5.00          109.30           7.1867 
 02015   7.95 %  2032               5.00          109.37           7.1814
 02015   7.95 %  2032               5.00          109.25           7.1906
02015   7.95 %  2032               5.00          109.23           7.1921 
02015   7.95 %  2032               5.00          109.22           7.1928 
02015   7.95 %  2032               5.00          109.22           7.1928 
02015   7.95 %  2032               5.00          109.18           7.1959 
 01010  10.18 %  2026               2.9286        134.04           7.1728
 01010  10.18 %  2026              25.00          133.94           7.1798
 01010  10.18 %  2026              23.00          134.015          7.1745
01010  10.18 %  2026               5.00          133.96           7.1784 
01010  10.18 %  2026               0.10          134.05           7.1721 
01010  10.18 %  2026               5.00          134.10           7.1686 
01010  10.18 %  2026               0.25          133.86           7.1854 
01010  10.18 %  2026               5.00          134.04           7.1728 
01010  10.18 %  2026               5.00          134.10           7.1686            (1)                      (2)          (3)        (4)      (5)
Rs.Crore) Nominal              (Days) in                                  (
)    Period Code                            (Face Value) Per Rs.100   (%pa
Repo Repo Rate   Loan  Nomenclature                Amount      Price *    
---------------------------------------------------------------------------
    (Other than with RBI)
REPO Transactions * II.  
Total                         61.2175     
2003                  2.00           95.2000         5.4299        14/11/
2003                  9.635          95.3209         5.5148        31/10/
2003                 10.00           95.3451         5.4849        31/10/
2003                 10.00           95.5295         5.4949        17/10/
2003                  0.9675         95.5140         5.5148        17/10/
2003                  2.625          95.7079         5.5148        03/10/
2003                  0.59           96.1795         5.3952        05/09/
2003                  5.00           96.3266         5.4650        22/08/
2003                  5.00           96.5220         5.4650        08/08/
2003                  5.00           96.7183         5.4649        25/07/
2003                  0.40           97.0466         5.5947        27/06/
2003                  3.00           99.5663         5.2851        10/01/
2002                  5.00          100.0000         0.0000        13/12/
Date : December 11, 2002          Contract 
2003                  2.00           95.6148         5.3679        17/10/
Date : December 10, 2002          Contract 
YYYY)       (DD/MM/
   (iv) 364 Day Bills (Maturity-wise)
                                           NIL
YYYY)       (DD/MM/
   (iii) 182 Day Bills (Maturity-wise)
Total                         57.33     
2003                  5.00           98.7620         5.3056        07/03/
2003                 15.00           98.7620         5.3056        07/03/
2003                  5.00           98.7666         5.2856        07/03/
2003                 20.00           98.7666         5.2856        07/03/
2003                  8.00           98.7620         5.3056        07/03/
2003                  0.55           99.0283         5.4949        14/02/
2003                  0.28           99.0283         5.4949        14/02/
Date : December 11, 2002          Contract 
2003                  3.50           99.6734         4.9697        03/01/
Date : December 10, 2002          Contract 
YYYY)       (DD/MM/
   (ii) 91 Day Bills (Maturity-wise)
                                           NIL
YYYY)       (DD/MM/
i) 14 Day Bills (Maturity-wise)   (
C. Treasury Bills
Total                         39.4695     
2012    5.00          101.45          6.7268 G.S MAHARASTRA  02318 6.93% 
2012       6.00          100.00          7.3284 G.S GUJARAT  02314 7.33% 
2012   10.00          100.08          7.2863 G.S NADU TAMIL  02315 7.30% 
2012        1.00          108.00          6.8178 SDL GUJRAT  02235 8.00% 
2012                   0.50          107.00          6.7642       STOCK 
KARNATAKA GOVT. 02228 7.80% 
2012                   1.00          105.80          6.9350       STOCK 2003                 10.00       96.5404      5.25       5        08/08/
2003                 71.00       98.1922      5.30       1        18/04/
2003                 15.00       98.1753      5.25       1        18/04/
2003                 25.00       98.1753      5.25       1        18/04/
2003                 25.00       98.1753      5.25       1        18/04/
2003                 25.00       98.1753      5.25       1        18/04/
YYYY)       (DD/MM/
   (iv) 364 Day Bills (Maturity-wise)
                                           NIL
YYYY)      (DD/MM/
   (iii) 182 Day Bills (Maturity-wise)
Total                         70.00     
2003                 30.00       98.9082      5.25       2        28/02/
2003                 40.00       99.0040      5.25       2        21/02/
YYYY)      (DD/MM/
   (ii) 91 Day Bills (Maturity-wise)
                                           NIL
YYYY)      (DD/MM/
i) 14 Day Bills (Maturity-wise)   (
C. Treasury Bills
                                           NIL
B. State Government Securities
Total                       1208.17     
02015   7.95 %  2032              30.00      109.50        5.25       1 
02011   8.35 %  2022               5.00      114.50        5.25       5 
02011   8.35 %  2022               5.00      114.50        5.25       5 
02011   8.35 %  2022               5.00      114.50        5.25       5 
02011   8.35 %  2022               5.00      114.50        5.25       5 
02011   8.35 %  2022              31.00      114.45        5.15       1 
02011   8.35 %  2022              30.00      114.50        5.25       1 
02011   8.35 %  2022              25.00      114.40        5.25       1 
01006  10.25 %  2021               5.00      120.00        6.50       1 
01008  10.03 %  2019              30.00      129.50        5.20       1 
01008  10.03 %  2019              50.00      129.70        5.25       1 
01008  10.03 %  2019              30.00      129.50        5.25       1 
01008  10.03 %  2019             113.00      129.50        5.50       1 
02007   7.49 %  2017              20.55      107.10        5.25       1 
02001   8.07 %  2017              22.12      112.05        5.25       1 
02001   8.07 %  2017              52.00      112.10        5.25       2 
02001   8.07 %  2017              25.00      103.70        6.00       7 
85007  11.50 %  2015              15.00      138.00        5.30       5 
99020  11.83 %  2014              40.00      139.50        5.25       1 
02008   7.37 %  2014              69.50      106.75        5.25       2 
01007   9.39 %  2011               5.00      107.00        6.50       1 
98007  12.00 %  2008               5.00      113.00        6.50       1 
98007  12.00 %  2008              50.00      126.30        5.15       1 
01012   5.72 %  2006             150.00      100.00        5.00       1 
01012   5.72 %  2006             150.00      100.00        5.00       1 
94003  12.50 %  2004              45.00      108.38        5.25       3 
94003  12.50 %  2004              15.00      108.38        5.15       1 
94003  12.50 %  2004              25.00      108.40        5.25       1 
94003  12.50 %  2004              27.00      108.45        5.25       1 
97008  11.83 %  2003              25.00      103.62        5.25       2 
98004  11.10 %  2003              28.00      101.72        5.25       2 
98004  11.10 %  2003              75.00      101.74        5.25       2 
A. Government of India Dated Securities
---------------------------------------------------------------------------Date :  11 December 2002
(indicative) will depend upon assumed rate of inflation YTM  # 
Repos  * Relate to the first leg of 
----------------------------------------------------------------------------
Total                        221.00     
2003                 25.00       96.5404      5.25       5        08/08/
2003                 25.00       96.5404      5.25       5        08/08/