Reserve Bank of India - Foreign Exchange Data from 08/07/2002 to 12/07/2002
All Figures are in USD Millions
MERCHANT INTER  BANK
FCY/INR FCY/FCY FCY/INR FCY/FCY
Position Spot Forwd Forwd Spot Forwd Forwd Spot Swap Forwd Spot Swap Forwd
Date Cancel Cancel
Purchases
08/07/2002 431 97 9 24 11 14 588 1,512 65 371 119 7
09/07/2002 355 120 53 10 31 28 685 1,421 47 487 141 1
10/07/2002 339 147 34 34 28 14 671 1,271 54 488 71 4
11/07/2002 373 138 24 8 20 13 657 1,471 31 385 126 1
12/07/2002 313 186 14 2 33 17 540 1,194 30 427 143 3
Sales
08/07/2002 358 165 33 3 20 29 925 1,538 46 358 106 7
09/07/2002 294 187 47 10 45 9 682 1,408 62 471 138 1
10/07/2002 283 178 62 17 32 19 722 1,351 78 502 79 3
11/07/2002 349 72 33 13 20 11 704 1,518 35 412 134 1
12/07/2002 302 97 52 3 32 15 630 1,223 41 410 134 3