Subsidiary General Ledger Account Transactions
in Government Dated Securities and Treasury Bills
at RBI, Mumbai on 07 March 2002
---------------------------------------------------------------------------
 Loan  Nomenclature              Amount           Price *        YTM %
 Code                            (Face Value)     Per Rs.100   Indicative
                                 (in Rs.Crore)    nominal
---------------------------------------------------------------------------
I.  Outright Transactions
A.Government of India Dated Securities
          Contract Date : March 05, 2002
 01007   9.39 %  2011               5.00          113.85           7.3124
 00012  11.03 %  2012               5.00          126.20           7.3694
 01011   9.85 %  2015               5.00          120.25           7.4550
          Contract Date : March 06, 2002
 87006  11.00 %  2002               5.00          100.81           6.3063
 87006  11.00 %  2002              15.00          100.81           6.3063
 98004  11.10 %  2003              15.00          105.04           6.2177
 98004  11.10 %  2003              25.00          105.04           6.2177
 98004  11.10 %  2003              25.00          105.03           6.2270
 97007  12.59 %  2004               5.00          112.81           6.4546
 97007  12.59 %  2004              10.00          112.81           6.4546
 97007  12.59 %  2004              10.00          112.81           6.4546
 99008  11.68 %  2006              20.00          117.70           6.6651
 96009  13.85 %  2006(INSTA         0.50          127.55           6.4108
 00013  11.00 %  2006               5.00          116.20           6.6811
 98009  11.90 %  2007              10.00          121.90           6.8410
 98009  11.90 %  2007              10.00          121.90           6.8410
 00016  11.40 %  2008              10.00          122.40           7.0385
 79002   7.00 %  2009               1.00          100.50           6.9083
 99004  12.29 %  2010               0.078         128.00           7.5205
 99004  12.29 %  2010               0.072         127.15           7.6440
 80003   7.50 %  2010               0.38          102.60           7.0736
 80003   7.50 %  2010               1.00          102.27           7.1266
 80003   7.50 %  2010               1.00          102.65           7.0656
 80003   7.50 %  2010               1.00          102.50           7.0896
 80003   7.50 %  2010               1.00          102.50           7.0896
 98015  12.25 %  2010               5.00          129.700          7.4021
 00014  11.30 %  2010               5.00          123.95           7.4139
 99005  12.32 %  2011              10.00          130.75           7.5154
 99005  12.32 %  2011               5.00          130.90           7.4959
 00010  10.95 %  2011              75.00          122.70           7.4956
 00010  10.95 %  2011              30.00          122.70           7.4956
 01007   9.39 %  2011              25.00          112.75           7.4644
 01007   9.39 %  2011               5.00          114.00           7.2914
 01007   9.39 %  2011               0.50          114.30           7.2502
 00017  11.50 %  2011               5.00          127.60           7.4536
 00017  11.50 %  2011               5.00          128.00           7.4040
 00017  11.50 %  2011              10.00          127.70           7.4412
 00017  11.50 %  2011               5.00          127.62           7.4512
 00017  11.50 %  2011               5.00          127.60           7.4536 00017  11.50 %  2011               5.00          127.90           7.4164
 00017  11.50 %  2011               5.00          127.71           7.4400
 00017  11.50 %  2011               5.00          127.75           7.4350
 00017  11.50 %  2011               5.00          128.050          7.3978
 00017  11.50 %  2011               5.00          128.03           7.4003
 00017  11.50 %  2011               5.00          127.71           7.4400
 00017  11.50 %  2011               5.00          127.80           7.4288
 00017  11.50 %  2011               5.00          127.55           7.4599
 00017  11.50 %  2011               5.00          127.80           7.4288
 00017  11.50 %  2011               5.00          128.00           7.4040
 00017  11.50 %  2011               5.00          127.83           7.4251
 00017  11.50 %  2011               5.00          127.65           7.4474
 00017  11.50 %  2011               5.00          127.80           7.4288
 00017  11.50 %  2011               5.00          127.80           7.4288
 00017  11.50 %  2011               5.00          127.60           7.4536
 00017  11.50 %  2011               5.00          127.95           7.4102
 00017  11.50 %  2011               5.00          128.00           7.4040
 00017  11.50 %  2011               5.00          127.90           7.4164
 00017  11.50 %  2011               5.00          127.54           7.4611
 00017  11.50 %  2011               5.00          127.88           7.4189
 00017  11.50 %  2011               5.00          127.64           7.4487
 00012  11.03 %  2012               5.00          125.40           7.4647
 00012  11.03 %  2012               5.00          125.70           7.4286
 00012  11.03 %  2012              10.00          125.70           7.4286
 00012  11.03 %  2012               5.00          125.25           7.4828
 00012  11.03 %  2012               5.00          125.16           7.4936
 00012  11.03 %  2012               5.00          125.71           7.4274
 00012  11.03 %  2012               5.00          125.75           7.4226
 00012  11.03 %  2012               5.00          125.65           7.4346
 00012  11.03 %  2012               5.00          125.68           7.4310
 00012  11.03 %  2012               5.00          125.30           7.4768
 00012  11.03 %  2012               5.00          125.70           7.4286
 00012  11.03 %  2012               5.00          125.70           7.4286
 00012  11.03 %  2012               5.00          125.70           7.4286
 00012  11.03 %  2012              10.00          125.70           7.4286
 00012  11.03 %  2012              10.00          125.70           7.4286
 00012  11.03 %  2012               5.00          125.65           7.4346
 00012  11.03 %  2012              10.00          125.32           7.4743
 82005   9.00 %  2013               0.50          112.50           7.3425
 01005   9.81 %  2013               5.00          117.60           7.4651
 01005   9.81 %  2013               5.00          117.20           7.5129
 01005   9.81 %  2013              25.00          117.15           7.5189
 01005   9.81 %  2013               5.00          117.18           7.5153
 01005   9.81 %  2013               5.00          117.66           7.4580
 01005   9.81 %  2013               5.00          117.70           7.4532
 01005   9.81 %  2013               5.00          117.50           7.4771
 01005   9.81 %  2013               5.00          117.40           7.4890
 01005   9.81 %  2013              10.00          117.20           7.5129
 01005   9.81 %  2013               5.00          117.69           7.4544
 01005   9.81 %  2013               5.00          117.20           7.5129
 01005   9.81 %  2013               5.00          117.50           7.4771
 01005   9.81 %  2013               5.00          117.60           7.4651
 01005   9.81 %  2013              10.00          117.60           7.4651
 01005   9.81 %  2013               5.00          117.60           7.4651
 01005   9.81 %  2013               5.00          117.60           7.4651
 01005   9.81 %  2013               5.00          117.23           7.5093
 01005   9.81 %  2013               5.00          117.20           7.5129 83004  10.00 %  2014               5.00          120.20           7.4519
 00015  11.43 %  2015               5.00          129.25           7.8614
 00015  11.43 %  2015               0.20          130.00           7.7855
 01011   9.85 %  2015               5.00          119.20           7.5645
 01011   9.85 %  2015               5.00          119.20           7.5645
 01011   9.85 %  2015               5.00          119.25           7.5593
 01011   9.85 %  2015               5.00          119.20           7.5645
 01011   9.85 %  2015               5.00          119.60           7.5225
 01011   9.85 %  2015               5.00          119.60           7.5225
 01011   9.85 %  2015               5.00          119.20           7.5645
 01011   9.85 %  2015              15.00          119.65           7.5173
 01011   9.85 %  2015              10.00          119.62           7.5204
 01011   9.85 %  2015               5.00          119.40           7.5435
 01011   9.85 %  2015              20.00          119.40           7.5435
 01011   9.85 %  2015               5.00          119.40           7.5435
 01011   9.85 %  2015              10.00          119.20           7.5645
 01011   9.85 %  2015               5.00          119.30           7.5540
 01011   9.85 %  2015               2.50          119.35           7.5488
 01011   9.85 %  2015              10.00          119.30           7.5540
 01011   9.85 %  2015               5.00          119.30           7.5540
 01011   9.85 %  2015               5.00          119.25           7.5593
 01011   9.85 %  2015               5.00          119.68           7.5142
 01011   9.85 %  2015               5.00          119.10           7.5750
 01011   9.85 %  2015               5.00          119.87           7.4943
 01011   9.85 %  2015               5.00          119.15           7.5698
 01011   9.85 %  2015               5.00          119.60           7.5225
 01011   9.85 %  2015               5.00          119.60           7.5225
 01011   9.85 %  2015               5.00          119.65           7.5173
 01011   9.85 %  2015               5.00          119.65           7.5173
 01011   9.85 %  2015              10.00          119.65           7.5173
 01011   9.85 %  2015               5.00          119.65           7.5173
 01011   9.85 %  2015               5.00          119.65           7.5173
 01011   9.85 %  2015               5.00          119.25           7.5593
 01011   9.85 %  2015               5.00          119.65           7.5173
 01011   9.85 %  2015              25.00          119.72           7.5100
 01011   9.85 %  2015               5.00          119.62           7.5204
 01011   9.85 %  2015              25.00          119.10           7.5750
 01011   9.85 %  2015               5.00          119.22           7.5624
 01011   9.85 %  2015              10.00          120.94           7.3833
 01011   9.85 %  2015               5.00          119.25           7.5593
 01011   9.85 %  2015               5.00          119.10           7.5750
 01003  10.71 %  2016               5.00          126.10           7.6523
 01003  10.71 %  2016              10.00          125.40           7.7221
 02001   8.07 %  2017               5.00          105.95           7.4014
 02001   8.07 %  2017               5.00          106.11           7.3842
 02001   8.07 %  2017               5.00          105.95           7.4014
 02001   8.07 %  2017               0.50          106.20           7.3746
 02001   8.07 %  2017               2.00          106.17           7.3778
 02001   8.07 %  2017               0.20          106.20           7.3746
 02001   8.07 %  2017               1.00          106.08           7.3875
 02001   8.07 %  2017               5.00          105.85           7.4122
 02001   8.07 %  2017               5.00          105.95           7.4014
 02001   8.07 %  2017               0.50          106.08           7.3875
 02001   8.07 %  2017               1.00          106.20           7.3746
 02001   8.07 %  2017               0.50          106.09           7.3864
 02001   8.07 %  2017              10.00          106.00           7.3961
 02001   8.07 %  2017               1.00          106.30           7.3639 02001   8.07 %  2017               0.50          106.25           7.3692
 02001   8.07 %  2017               1.00          106.14           7.3810
 01006  10.25 %  2021               1.00          120.35           8.1363
          Contract Date : March 07, 2002
 97004  12.69 %  2002              10.00          101.07           6.3147
 97004  12.69 %  2002              25.00          101.07           6.3147
 87006  11.00 %  2002              10.00          100.80           6.2921
 97011  11.15 %  2002               0.25          102.48           5.8655
 98004  11.10 %  2003               0.50          105.25           6.0108
 98004  11.10 %  2003              10.00          105.01           6.2343
 98004  11.10 %  2003              25.00          105.01           6.2343
 98004  11.10 %  2003               5.00          105.01           6.2343
 94003  12.50 %  2004               5.00          111.53           6.3902
 94003  12.50 %  2004              10.00          111.53           6.3902
 94003  12.50 %  2004              10.00          111.53           6.3902
 94003  12.50 %  2004               5.00          111.62           6.3459
 94003  12.50 %  2004               5.00          111.50           6.4050
 94003  12.50 %  2004               5.00          111.52           6.3951
 94003  12.50 %  2004              25.00          111.50           6.4050
 94003  12.50 %  2004               5.00          111.61           6.3508
 97007  12.59 %  2004              15.00          112.70           6.4968
 97010  11.19 %  2005               5.00          114.10           6.5322
 97010  11.19 %  2005              10.00          114.05           6.5474
 97010  11.19 %  2005               5.00          114.01           6.5595
 97010  11.19 %  2005               5.00          114.10           6.5322
 99008  11.68 %  2006              10.00          117.75           6.6497
 99008  11.68 %  2006              15.00          117.71           6.6599
 99008  11.68 %  2006              10.00          117.65           6.6752
 00013  11.00 %  2006               5.00          116.15           6.6910
 00013  11.00 %  2006              10.00          116.12           6.6983
 92003  12.50 %  2007               0.065         125.25           6.5454
 98009  11.90 %  2007              10.00          121.90           6.8390
 00016  11.40 %  2008              10.00          122.55           7.0114
 00016  11.40 %  2008               5.00          122.40           7.0371
 00016  11.40 %  2008              10.00          122.10           7.0885
 00016  11.40 %  2008               5.00          122.10           7.0885
 00016  11.40 %  2008               5.00          122.24           7.0645
 00016  11.40 %  2008              10.00          122.06           7.0954
 00016  11.40 %  2008               5.00          122.30           7.0542
 00016  11.40 %  2008              10.00          122.18           7.0748
 00016  11.40 %  2008              10.00          122.10           7.0885
 00016  11.40 %  2008              10.00          122.10           7.0885
 00016  11.40 %  2008               5.00          122.10           7.0885
 00016  11.40 %  2008               5.00          122.10           7.0885
 00016  11.40 %  2008               5.00          122.15           7.0800
 00016  11.40 %  2008               5.00          122.06           7.0954
 00016  11.40 %  2008               5.00          122.02           7.1023
 00016  11.40 %  2008               5.00          122.25           7.0628
 00016  11.40 %  2008              10.00          122.15           7.0800
 00016  11.40 %  2008               5.00          122.30           7.0542
 00016  11.40 %  2008               5.00          122.02           7.1023
 79002   7.00 %  2009               5.00          100.25           6.9527
 98015  12.25 %  2010              10.00          127.90           7.6507
 98015  12.25 %  2010              10.00          129.390          7.4437
 00014  11.30 %  2010              10.00          124.00           7.4060
 00010  10.95 %  2011               5.48          122.87           7.4724
 01007   9.39 %  2011              10.00          113.00           7.4292 01007   9.39 %  2011              10.00          113.00           7.4292
 01007   9.39 %  2011               5.00          112.45           7.5059
 01007   9.39 %  2011               5.00          112.50           7.4989
 01007   9.39 %  2011               5.00          112.75           7.4640
 01007   9.39 %  2011               5.00          112.75           7.4640
 01007   9.39 %  2011               0.04          114.50           7.2224
 01007   9.39 %  2011               5.00          112.48           7.5017
 01007   9.39 %  2011               5.00          112.50           7.4989
 01007   9.39 %  2011               5.00          112.60           7.4849
 01007   9.39 %  2011               5.00          112.60           7.4849
 01007   9.39 %  2011               5.00          112.60           7.4849
 01007   9.39 %  2011               0.50          112.68           7.4737
 01007   9.39 %  2011               5.00          112.65           7.4779
 01007   9.39 %  2011               5.00          112.50           7.4989
 01007   9.39 %  2011               5.00          112.50           7.4989
 91012  11.50 %  2011              10.00          124.75           7.7453
 91012  11.50 %  2011              10.00          125.65           7.6282
 00017  11.50 %  2011               5.00          127.80           7.4281
 00017  11.50 %  2011               5.00          128.00           7.4033
 00017  11.50 %  2011               5.00          127.90           7.4157
 00017  11.50 %  2011               5.00          128.00           7.4033
 00017  11.50 %  2011               5.00          127.95           7.4095
 00017  11.50 %  2011              10.00          127.90           7.4157
 00017  11.50 %  2011              10.00          127.90           7.4157
 00017  11.50 %  2011              10.00          128.00           7.4033
 00017  11.50 %  2011               5.00          127.76           7.4331
 00017  11.50 %  2011               5.00          127.76           7.4331
 00017  11.50 %  2011               5.00          127.80           7.4281
 00017  11.50 %  2011               5.00          128.00           7.4033
 00017  11.50 %  2011               5.00          128.040          7.3984
 00017  11.50 %  2011               5.00          127.65           7.4468
 00017  11.50 %  2011               5.00          127.60           7.4530
 00017  11.50 %  2011               5.00          127.60           7.4530
 00017  11.50 %  2011               5.00          127.81           7.4269
 00017  11.50 %  2011               5.00          127.75           7.4343
 00017  11.50 %  2011               5.00          127.70           7.4405
 00017  11.50 %  2011               5.00          128.050          7.3971
 00017  11.50 %  2011               5.00          127.95           7.4095
 00017  11.50 %  2011               5.00          127.60           7.4530
 00017  11.50 %  2011               5.00          127.60           7.4530
 00017  11.50 %  2011               5.00          127.60           7.4530
 00017  11.50 %  2011               5.00          128.050          7.3971
 00017  11.50 %  2011               5.00          127.70           7.4405
 00017  11.50 %  2011               5.00          127.65           7.4468
 00017  11.50 %  2011               5.00          127.60           7.4530
 00017  11.50 %  2011               5.00          127.65           7.4468
 00017  11.50 %  2011               5.00          128.00           7.4033
 00017  11.50 %  2011               5.00          127.80           7.4281
 00017  11.50 %  2011               5.00          127.60           7.4530
 00017  11.50 %  2011               5.00          127.60           7.4530
 00017  11.50 %  2011               5.00          127.60           7.4530
 00017  11.50 %  2011               5.00          127.65           7.4468
 00017  11.50 %  2011               5.00          127.65           7.4468
 00017  11.50 %  2011               5.00          127.60           7.4530
 00017  11.50 %  2011               5.00          127.90           7.4157
 00017  11.50 %  2011               5.00          127.63           7.4492
 00017  11.50 %  2011               5.00          127.27           7.4941 00017  11.50 %  2011               5.00          127.30           7.4904
 00017  11.50 %  2011               5.00          127.40           7.4779
 00017  11.50 %  2011               5.00          127.40           7.4779
 00017  11.50 %  2011               5.00          127.26           7.4953
 00017  11.50 %  2011               5.00          127.45           7.4716
 00017  11.50 %  2011               5.00          127.40           7.4779
 00017  11.50 %  2011               5.00          127.40           7.4779
 00017  11.50 %  2011               5.00          127.30           7.4904
 00017  11.50 %  2011               5.00          127.30           7.4904
 00017  11.50 %  2011               5.00          127.35           7.4841
 00017  11.50 %  2011               5.00          127.40           7.4779
 00017  11.50 %  2011               5.00          127.40           7.4779
 00017  11.50 %  2011               5.00          127.35           7.4841
 00017  11.50 %  2011               5.00          127.35           7.4841
 00017  11.50 %  2011               5.00          127.35           7.4841
 00017  11.50 %  2011               5.00          127.40           7.4779
 00017  11.50 %  2011               5.00          127.35           7.4841
 00017  11.50 %  2011               5.00          127.40           7.4779
 00017  11.50 %  2011               5.00          127.50           7.4654
 00017  11.50 %  2011               5.00          127.45           7.4716
 00017  11.50 %  2011               5.00          127.60           7.4530
 00017  11.50 %  2011               5.00          127.55           7.4592
 00017  11.50 %  2011               5.00          127.60           7.4530
 00017  11.50 %  2011               5.00          127.65           7.4468
 00017  11.50 %  2011               5.00          127.30           7.4904
 00017  11.50 %  2011               5.00          127.42           7.4754
 00017  11.50 %  2011               5.00          127.45           7.4716
 00017  11.50 %  2011               5.00          127.40           7.4779
 00017  11.50 %  2011               5.00          127.25           7.4966
 00017  11.50 %  2011               5.00          127.50           7.4654
 00017  11.50 %  2011               5.00          127.30           7.4904
 00017  11.50 %  2011               5.00          127.30           7.4904
 00017  11.50 %  2011               5.00          127.25           7.4966
 00017  11.50 %  2011               5.00          127.35           7.4841
 00017  11.50 %  2011               5.00          128.40           7.3539
 00017  11.50 %  2011               5.00          127.45           7.4716
 00017  11.50 %  2011               5.00          127.41           7.4766
 00017  11.50 %  2011               5.00          127.35           7.4841
 00017  11.50 %  2011               5.00          127.20           7.5028
 00017  11.50 %  2011               5.00          127.20           7.5028
 00017  11.50 %  2011               5.00          127.61           7.4517
 00017  11.50 %  2011               5.00          127.30           7.4904
 00017  11.50 %  2011              10.00          127.31           7.4891
 00017  11.50 %  2011               5.00          127.40           7.4779
 00017  11.50 %  2011               5.00          127.40           7.4779
 00017  11.50 %  2011               5.00          127.40           7.4779
 00017  11.50 %  2011               5.00          127.35           7.4841
 00017  11.50 %  2011               5.00          127.30           7.4904
 00017  11.50 %  2011               5.00          127.55           7.4592
 00017  11.50 %  2011               5.00          127.50           7.4654
 00017  11.50 %  2011               5.00          127.41           7.4766
 00017  11.50 %  2011               5.00          127.35           7.4841
 00017  11.50 %  2011               5.00          127.50           7.4654
 00017  11.50 %  2011               5.00          127.44           7.4729
 00017  11.50 %  2011               5.00          127.35           7.4841
 00017  11.50 %  2011               5.00          127.40           7.4779
 00017  11.50 %  2011               5.00          127.25           7.4966 00017  11.50 %  2011               5.00          127.50           7.4654
 00017  11.50 %  2011               5.00          127.40           7.4779
 00017  11.50 %  2011               5.00          127.45           7.4716
 00017  11.50 %  2011               5.00          127.30           7.4904
 00017  11.50 %  2011               5.00          127.45           7.4716
 00017  11.50 %  2011               5.00          127.37           7.4816
 00017  11.50 %  2011               5.00          127.40           7.4779
 00017  11.50 %  2011               5.00          127.40           7.4779
 00017  11.50 %  2011               5.00          127.45           7.4716
 00012  11.03 %  2012               5.00          125.60           7.4401
 00012  11.03 %  2012               5.00          125.65           7.4341
 00012  11.03 %  2012               5.00          125.70           7.4281
 00012  11.03 %  2012               5.00          125.35           7.4702
 00012  11.03 %  2012               5.00          125.20           7.4882
 00012  11.03 %  2012              10.00          125.15           7.4943
 00012  11.03 %  2012               5.00          125.00           7.5124
 00012  11.03 %  2012               5.00          125.00           7.5124
 00012  11.03 %  2012               5.00          125.15           7.4943
 00012  11.03 %  2012               5.00          125.00           7.5124
 00012  11.03 %  2012               5.00          125.40           7.4641
 00012  11.03 %  2012               5.00          125.10           7.5003
 00012  11.03 %  2012              10.00          125.40           7.4641
 00012  11.03 %  2012               5.00          125.25           7.4822
 01005   9.81 %  2013               5.00          117.57           7.4684
 01005   9.81 %  2013              10.00          117.60           7.4648
 01005   9.81 %  2013               5.00          117.62           7.4624
 01005   9.81 %  2013               5.00          117.62           7.4624
 01005   9.81 %  2013               5.00          117.55           7.4708
 01005   9.81 %  2013               5.00          117.15           7.5186
 01005   9.81 %  2013              10.00          117.10           7.5246
 01005   9.81 %  2013               5.00          117.00           7.5366
 01005   9.81 %  2013               5.00          117.25           7.5066
 01005   9.81 %  2013               5.00          117.00           7.5366
 01005   9.81 %  2013               5.00          117.15           7.5186
 01005   9.81 %  2013               5.00          117.15           7.5186
 01005   9.81 %  2013               5.00          117.05           7.5306
 01005   9.81 %  2013               5.00          117.05           7.5306
 01005   9.81 %  2013               5.00          117.00           7.5366
 01005   9.81 %  2013               5.00          117.15           7.5186
 01005   9.81 %  2013               5.00          117.20           7.5126
 01005   9.81 %  2013               5.00          117.00           7.5366
 01005   9.81 %  2013               5.00          117.30           7.5006
 01005   9.81 %  2013              10.00          117.15           7.5186
 01005   9.81 %  2013               5.00          117.00           7.5366
 01005   9.81 %  2013               5.00          117.60           7.4648
 01005   9.81 %  2013               5.00          117.50           7.4767
 01005   9.81 %  2013               5.00          117.20           7.5126
 01005   9.81 %  2013               5.00          117.05           7.5306
 99020  11.83 %  2014               0.50          131.45           7.8632
 99020  11.83 %  2014              10.00          130.85           7.9257
 99020  11.83 %  2014               5.00          131.00           7.9100
 99020  11.83 %  2014               5.00          130.550          7.9571
 99020  11.83 %  2014              15.00          131.00           7.9100
 99020  11.83 %  2014               5.00          130.700          7.9414
 01001  10.47 %  2015               5.00          122.60           7.6807
 01001  10.47 %  2015               5.00          122.22           7.7214
 01001  10.47 %  2015               5.00          122.00           7.7451 01001  10.47 %  2015               5.00          122.00           7.7451
 01001  10.47 %  2015               5.00          122.05           7.7397
 01001  10.47 %  2015               5.00          122.07           7.7376
 01001  10.47 %  2015               5.00          122.05           7.7397
 01001  10.47 %  2015               5.00          122.07           7.7376
 01001  10.47 %  2015               5.00          122.07           7.7376
 01001  10.47 %  2015               5.00          122.40           7.7021
 00015  11.43 %  2015               5.00          129.300          7.8559
 01011   9.85 %  2015               5.00          119.77           7.5045
 01011   9.85 %  2015               5.00          119.60           7.5223
 01011   9.85 %  2015               5.00          119.52           7.5307
 01011   9.85 %  2015               5.00          119.53           7.5297
 01011   9.85 %  2015               5.00          119.15           7.5696
 01011   9.85 %  2015               5.00          119.25           7.5590
 01011   9.85 %  2015               5.00          119.20           7.5643
 01011   9.85 %  2015               5.00          119.25           7.5590
 01011   9.85 %  2015               5.00          119.25           7.5590
 01011   9.85 %  2015               5.00          118.90           7.5959
 01011   9.85 %  2015               5.00          119.25           7.5590
 01011   9.85 %  2015               5.00          119.24           7.5601
 01011   9.85 %  2015               5.00          119.00           7.5854
 01011   9.85 %  2015               5.00          119.50           7.5328
 01011   9.85 %  2015               5.00          119.00           7.5854
 01011   9.85 %  2015               5.00          119.05           7.5801
 01011   9.85 %  2015               5.00          118.90           7.5959
 01011   9.85 %  2015               5.00          119.02           7.5833
 01011   9.85 %  2015               5.00          119.05           7.5801
 01011   9.85 %  2015               5.00          119.20           7.5643
 01011   9.85 %  2015               5.00          119.20           7.5643
 01011   9.85 %  2015               5.00          119.10           7.5748
 01011   9.85 %  2015               5.00          119.15           7.5696
 01011   9.85 %  2015               5.00          119.00           7.5854
 01011   9.85 %  2015               5.00          119.30           7.5538
 01011   9.85 %  2015               5.00          119.00           7.5854
 01011   9.85 %  2015               5.00          119.15           7.5696
 01011   9.85 %  2015               5.00          119.00           7.5854
 01003  10.71 %  2016               5.00          125.84           7.6779
 01003  10.71 %  2016              15.00          125.45           7.7168
 01003  10.71 %  2016               5.00          125.50           7.7118
 01003  10.71 %  2016               5.00          125.40           7.7218
 01003  10.71 %  2016               5.00          125.60           7.7018
 01003  10.71 %  2016               5.00          125.35           7.7268
 01003  10.71 %  2016               5.00          125.60           7.7018
 01003  10.71 %  2016               5.00          125.50           7.7118
 01003  10.71 %  2016               5.00          125.50           7.7118
 01003  10.71 %  2016              10.00          125.26           7.7358
 01003  10.71 %  2016               5.00          125.40           7.7218
 01003  10.71 %  2016               5.00          125.48           7.7138
 01003  10.71 %  2016               5.00          125.54           7.7078
 01003  10.71 %  2016               5.00          125.58           7.7038
 02001   8.07 %  2017               2.00          106.30           7.3638
 02001   8.07 %  2017               0.75          106.00           7.3960
 02001   8.07 %  2017               5.00          106.00           7.3960
 02001   8.07 %  2017               5.00          105.90           7.4067
 02001   8.07 %  2017               5.00          105.85           7.4121
 02001   8.07 %  2017               6.501         105.70           7.4283
 02001   8.07 %  2017               5.00          105.95           7.4014 02001   8.07 %  2017               1.00          106.05           7.3906
 02001   8.07 %  2017               0.10          107.25           7.2626
 02001   8.07 %  2017               0.50          107.13           7.2753
 02001   8.07 %  2017               1.00          106.72           7.3189
 02001   8.07 %  2017               2.70          108.15           7.1679
 02001   8.07 %  2017               0.075         107.00           7.2891
 02001   8.07 %  2017               0.50          105.82           7.4154
 02001   8.07 %  2017               0.25          105.82           7.4154
 02001   8.07 %  2017               0.50          106.10           7.3852
 02001   8.07 %  2017               5.00          105.85           7.4121
 02001   8.07 %  2017               5.00          105.90           7.4067
 02001   8.07 %  2017               5.00          105.80           7.4175
 02001   8.07 %  2017               0.50          106.10           7.3852
 02001   8.07 %  2017               5.00          106.00           7.3960
 02001   8.07 %  2017               2.00          106.00           7.3960
 02001   8.07 %  2017               1.00          106.08           7.3874
 02001   8.07 %  2017               1.00          106.40           7.3531
 02001   8.07 %  2017               2.00          106.50           7.3424
 02001   8.07 %  2017               0.50          106.00           7.3960
 02001   8.07 %  2017               0.50          107.30           7.2573
 02001   8.07 %  2017              10.00          106.00           7.3960
 02001   8.07 %  2017               5.00          106.00           7.3960
 01004  10.45 %  2018               0.50          122.98           7.9038
 01004  10.45 %  2018               1.00          123.37           7.8667
 01006  10.25 %  2021              20.00          122.35           7.9584
 01006  10.25 %  2021               5.00          122.50           7.9452
 01006  10.25 %  2021               5.00          122.50           7.9452
 01006  10.25 %  2021               5.00          122.50           7.9452
 01006  10.25 %  2021               5.00          122.50           7.9452
 01006  10.25 %  2021               5.00          122.10           7.9804
     Total                       2796.141
B. State Government Securities
          Contract Date : March 06, 2002
 98223 12.15% UTTAR PRADESH SDL
       2008                         5.00          115.05          8.9029
 98223 12.15% UTTAR PRADESH SDL
       2008                         5.00          115.05          8.9029
 01233 10.35% H.P. SDL 2011         0.50          112.10          8.4259
 01225 10.35%ANDHRA PRADESH
       SDL,2011                     0.50          112.10          8.4259
 02228 7.80% KARNATAKA S.D.L
       2012                         0.10          101.25          7.6183
 02228 7.80% KARNATAKA S.D.L
       2012                         4.00          101.00          7.6543
 02228 7.80% KARNATAKA S.D.L
       2012                         0.25          101.25          7.6183
 02228 7.80% KARNATAKA S.D.L
       2012                         0.75          101.25          7.6183
 02228 7.80% KARNATAKA S.D.L
       2012                         1.00          101.15          7.6327
 02228 7.80% KARNATAKA S.D.L
       2012                         1.00          101.25          7.6183
          Contract Date : March 07, 2002
 01253 9.40 % GUJARAT
       GOVT.STOCK,2009             13.00          110.35          7.5499
 01253 9.40 % GUJARAT       GOVT.STOCK,2009              5.00          108.00          7.9493
 01253 9.40 % GUJARAT
       GOVT.STOCK,2009              0.1585        107.72          7.9976
 00205 11.30% UP SDL 2010           5.00          113.90          8.8123
 00216 10.52% BIHAR SDL 2010        1.00          112.60          8.3510
 00243 12.00% ANDHRA PRADESH SDL
       2010                         0.011         124.10          8.0463
 01218 10.50% JAMMU & KASHMIR
       2011                        10.00          112.10          8.5495
 01261 9.45% ANDHRA PRADESH
       S.D.L 2011                   0.13          110.65          7.8471
 02205 8.30% CHATTISGARH SDL
       2012                         5.00          103.25          7.8201
 02212 8.30% KARNATAKA SDL 2012     1.00          104.60          7.6274
 02228 7.80% KARNATAKA S.D.L
       2012                         0.50          101.25          7.6183
 02228 7.80% KARNATAKA S.D.L
       2012                         1.00          101.25          7.6183
 02228 7.80% KARNATAKA S.D.L
       2012                         1.00          101.25          7.6183
 02228 7.80% KARNATAKA S.D.L
       2012                         0.50          101.25          7.6183
     Total                         61.3995
C. Treasury Bills
   (i) 14 Day Bills (Maturity-wise)
       (DD/MM/YYYY)
                                           NIL
   (ii) 91 Day Bills (Maturity-wise)
       (DD/MM/YYYY)
          Contract Date : March 07, 2002
        15/03/2002                  1.50           99.8763         5.6353
        15/03/2002                 10.00           99.8763         5.6353
        22/03/2002                  6.50           99.7520         6.0331
        05/04/2002                 25.00           99.5100         6.1806
        17/05/2002                 20.00           98.8400         6.0168
        24/05/2002                 20.00           98.7200         6.0508
        31/05/2002                 15.00           98.6107         6.0333
        31/05/2002                  5.00           98.6107         6.0333
     Total                        103.00
   (iii) 182 Day Bills (Maturity-wise)
       (DD/MM/YYYY)
                                           NIL
   (iv) 364 Day Bills (Maturity-wise)
       (DD/MM/YYYY)
          Contract Date : March 04, 2002
        07/02/2003                  5.00           94.4618         6.2768
          Contract Date : March 06, 2002
        17/05/2002                  0.30           98.8273         5.9990
        07/02/2003                 25.00           94.5856         6.1647
          Contract Date : March 07, 2002
        21/03/2002                  1.00           99.7704         5.9833
        06/09/2002                  0.01           97.0796         5.9836
     Total                         31.31
II.  REPO Transactions *
    (Other than with RBI)---------------------------------------------------------------------------
 Loan  Nomenclature                Amount      Price *   Repo Rate   Repo
 Code                            (Face Value) Per Rs.100   (%pa)    Period
                                 (in Rs.Crore) Nominal              (Days)
           (1)                      (2)          (3)        (4)      (5)
---------------------------------------------------------------------------
A. Government of India Dated Securities
 97004  12.69 %  2002              28.00      101.10        6.00       1
 97008  11.83 %  2003              10.00      106.80        7.50      64
 98020  11.78 %  2003              10.00      107.35        6.10       1
 98020  11.78 %  2003              10.00      107.35        6.10       1
 98020  11.78 %  2003              10.00      107.35        6.10       1
 98020  11.78 %  2003              10.00      107.35        6.10       1
 98020  11.78 %  2003              10.00      107.35        6.10       1
 98020  11.78 %  2003              10.00      107.35        6.10       1
 98020  11.78 %  2003              10.00      107.35        6.10       1
 98020  11.78 %  2003              10.00      107.35        6.10       1
 98020  11.78 %  2003              10.00      107.35        6.10       1
 98020  11.78 %  2003              10.00      107.35        6.10       1
 94003  12.50 %  2004              47.00      111.50        6.10       1
 94003  12.50 %  2004              85.00      111.50        5.95       1
 94003  12.50 %  2004               8.00      111.50        6.00       1
 94003  12.50 %  2004              40.00      111.50        6.00       1
 94003  12.50 %  2004              13.00      111.50        6.05       1
 97007  12.59 %  2004             200.00      112.70        6.00       1
 00011  10.20 %  2005               6.00      110.70        6.00       1
 00011  10.20 %  2005              10.00      110.70        6.00       1
 00011  10.20 %  2005              10.00      110.70        6.00       1
 00011  10.20 %  2005              10.00      110.70        6.00       1
 00011  10.20 %  2005               7.00      110.70        6.00       1
 00011  10.20 %  2005              10.00      110.70        6.00       1
 98005  11.75 %  2006             150.00      118.00        6.00       1
 86007  11.50 %  2006             125.00      117.25        6.00       1
 99006  11.99 %  2009              25.00      126.00        6.05      14
 99006  11.99 %  2009              25.00      126.00        6.05      14
 99006  11.99 %  2009              50.00      126.75        6.00       1
 99006  11.99 %  2009              50.00      126.75        6.00       1
 99006  11.99 %  2009              50.00      126.75        6.00       1
 99006  11.99 %  2009              50.00      126.75        6.00       1
 99005  12.32 %  2011              25.00      129.50        6.10      14
 99005  12.32 %  2011              25.00      129.50        6.10      14
 99005  12.32 %  2011              20.00      129.50        6.00       6
 99005  12.32 %  2011               5.00      129.50        6.00       6
 99005  12.32 %  2011               5.00      129.50        6.00       6
 99005  12.32 %  2011               5.00      129.50        6.00       6
 99005  12.32 %  2011               5.00      129.50        6.00       6
 99005  12.32 %  2011               5.00      129.50        6.00       6
 00010  10.95 %  2011              10.00      120.00        6.75       4
 01007   9.39 %  2011              14.00      112.50        7.50      64
 00017  11.50 %  2011              10.00      127.20        6.30       1
 00017  11.50 %  2011              10.00      127.20        6.30       1
 00017  11.50 %  2011              10.00      127.20        6.30       1
 00017  11.50 %  2011              10.00      125.25        7.50       1
 00012  11.03 %  2012               5.00      123.00        7.50       1
 01005   9.81 %  2013              15.00      116.90        7.50      64
 99020  11.83 %  2014              20.00      130.75        6.00      14 01011   9.85 %  2015               5.00      117.00        7.50       1
 01003  10.71 %  2016              10.00      126.10        6.25       1
 01003  10.71 %  2016              10.00      126.10        6.25       1
 02001   8.07 %  2017              25.00      106.00        6.00       6
 02001   8.07 %  2017              24.00      105.50        7.50      64
 01006  10.25 %  2021              19.50      123.00        6.39       1
     Total                       1401.50
B. State Government Securities
                                           NIL
C. Treasury Bills
   (i) 14 Day Bills (Maturity-wise)
      (DD/MM/YYYY)
                                           NIL
   (ii) 91 Day Bills (Maturity-wise)
      (DD/MM/YYYY)
                                           NIL
   (iii) 182 Day Bills (Maturity-wise)
      (DD/MM/YYYY)
                                           NIL
   (iv) 364 Day Bills (Maturity-wise)
       (DD/MM/YYYY)
        01/11/2002                 25.00       96.1437      6.05       2
        01/11/2002                 25.00       96.1437      6.05       2
        10/01/2003                 16.00       95.1661      6.05       9
        08/04/2002                 20.00       99.4767      6.15       1
        18/04/2002                 15.00       99.3143      6.15       1
        18/10/2002                 20.00       96.4333      6.15       1
        30/11/2002                 15.00       95.7804      6.35       1
        13/12/2002                 10.00       95.5848      6.35       1
        24/01/2003                 35.00       94.9581      6.15       1
     Total                        181.00
-----------------------------------------------------------------------------
---
  * Relate to the first leg of Repos
  # YTM(indicative) will depend upon assumed rate of inflation
Date :  07 March 2002