Subsidiary General Ledger Account Transactions
in Government Dated Securities and Treasury Bills
at RBI, Mumbai on 07 September 2002
---------------------------------------------------------------------------
 Loan  Nomenclature              Amount           Price *        YTM %
 Code                            (Face Value)     Per Rs.100   Indicative
                                 (in Rs.Crore)    nominal
---------------------------------------------------------------------------
I.  Outright Transactions
A.Government of India Dated Securities
          Contract Date : September 06, 2002
 02005   6.65 %  2009              25.00           99.70           6.7057
 99006  11.99 %  2009              25.00          127.45           6.7549
 02009   7.40 %  2012              25.00          101.54           7.1742
 02013   6.72 %  2012              25.00          101.46           6.5156
 02001   8.07 %  2017               5.00          105.30           7.4606
 02014   7.46 %  2017               0.25          100.40           7.4150
 02014   7.46 %  2017               1.00          100.66           7.3861
 02015   7.95 %  2032              25.00          100.20           7.9321
          Contract Date : September 07, 2002
 98004  11.10 %  2003               0.64          103.00           5.7766
 94003  12.50 %  2004              15.00          109.51           5.9584
 94003  12.50 %  2004               5.00          109.54           5.9391
 98011  11.75 %  2004              40.00          109.57           5.9987
 95006  14.00 %  2005               5.00          119.70           6.1063
 97002  13.05 %  2007               5.00          125.50           6.5631
 97002  13.05 %  2007              10.00          125.50           6.5631
 97002  13.05 %  2007              25.00          125.48           6.5675
 97002  13.05 %  2007              25.00          125.50           6.5631
 98009  11.90 %  2007              20.00          122.35           6.3455
 98009  11.90 %  2007               5.00          122.30           6.3565
 98009  11.90 %  2007               5.00          122.30           6.3565
 00016  11.40 %  2008              10.00          123.63           6.5607
 00016  11.40 %  2008               5.00          123.62           6.5625
 00016  11.40 %  2008               5.00          123.61           6.5643
 00016  11.40 %  2008              10.00          123.60           6.5661
 00016  11.40 %  2008              10.00          123.58           6.5697
 00016  11.40 %  2008               5.00          123.60           6.5661
 00016  11.40 %  2008               5.00          123.61           6.5643
 00016  11.40 %  2008               5.00          123.61           6.5643
 00016  11.40 %  2008               5.00          123.55           6.5751
 00016  11.40 %  2008              10.00          123.55           6.5751
 00016  11.40 %  2008               5.00          123.55           6.5751
 00016  11.40 %  2008               5.00          123.52           6.5805
 00016  11.40 %  2008               5.00          123.54           6.5769
 00016  11.40 %  2008               5.00          123.52           6.5805
 00016  11.40 %  2008               5.00          123.54           6.5769
 00016  11.40 %  2008               5.00          123.52           6.5805
 00016  11.40 %  2008               5.00          123.55           6.5751
 00016  11.40 %  2008               5.00          123.53           6.5787
 02005   6.65 %  2009              10.00           99.80           6.6867 02005   6.65 %  2009              10.00           99.75           6.6962
 02005   6.65 %  2009               2.00           99.55           6.7344
 99006  11.99 %  2009               5.00          127.45           6.7535
 99006  11.99 %  2009               5.00          127.46           6.7518
 99006  11.99 %  2009               5.00          127.46           6.7518
 99006  11.99 %  2009              10.00          127.465          6.7510
 99006  11.99 %  2009              10.00          127.465          6.7510
 99006  11.99 %  2009               5.00          127.45           6.7535
 99006  11.99 %  2009               5.00          127.48           6.7486
 99006  11.99 %  2009               5.00          127.37           6.7665
 99006  11.99 %  2009               5.00          127.37           6.7665
 99006  11.99 %  2009               5.00          127.35           6.7698
 99006  11.99 %  2009              10.00          127.35           6.7698
 99006  11.99 %  2009               5.00          127.37           6.7665
 99006  11.99 %  2009               5.00          127.40           6.7616
 99006  11.99 %  2009               5.00          127.38           6.7649
 99006  11.99 %  2009               5.00          127.37           6.7665
 99006  11.99 %  2009               5.00          127.39           6.7633
 02010   7.55 %  2010               5.00          104.06           6.8590
 02010   7.55 %  2010              10.00          104.00           6.8690
 02010   7.55 %  2010              10.00          104.02           6.8656
 02010   7.55 %  2010              25.00          103.95           6.8772
 02010   7.55 %  2010              10.00          104.03           6.8640
 02010   7.55 %  2010               5.00          104.03           6.8640
 02010   7.55 %  2010               5.00          104.02           6.8656
 02010   7.55 %  2010               5.00          104.04           6.8623
 02010   7.55 %  2010               5.00          104.06           6.8590
 02010   7.55 %  2010               5.00          104.055          6.8599
 02010   7.55 %  2010              10.00          104.06           6.8590
 02010   7.55 %  2010               5.00          104.04           6.8623
 02010   7.55 %  2010               5.00          103.96           6.8756
 02010   7.55 %  2010              10.00          103.96           6.8756
 02010   7.55 %  2010               5.00          104.03           6.8640
 02010   7.55 %  2010              10.00          104.05           6.8607
 02010   7.55 %  2010              10.00          104.05           6.8607
 02010   7.55 %  2010              10.00          104.05           6.8607
 02010   7.55 %  2010               5.00          104.00           6.8690
 02010   7.55 %  2010               5.00          104.05           6.8607
 02010   7.55 %  2010               5.00          104.00           6.8690
 02010   7.55 %  2010               5.00          104.00           6.8690
 02010   7.55 %  2010               5.00          104.05           6.8607
 02010   7.55 %  2010               5.00          104.03           6.8640
 02010   7.55 %  2010               5.00          104.03           6.8640
 02010   7.55 %  2010               5.00          104.02           6.8656
 02010   7.55 %  2010               5.00          104.04           6.8623
 02010   7.55 %  2010               5.00          103.97           6.8739
 02010   7.55 %  2010               5.00          103.90           6.8855
 02010   7.55 %  2010               5.00          103.95           6.8772
 02010   7.55 %  2010               5.00          104.05           6.8607
 02010   7.55 %  2010               5.00          103.91           6.8839
 02010   7.55 %  2010               5.00          103.91           6.8839
 02010   7.55 %  2010               5.00          104.00           6.8690
 02010   7.55 %  2010               5.00          103.93           6.8805
 02010   7.55 %  2010               5.00          103.91           6.8839
 02010   7.55 %  2010               5.00          103.92           6.8822
 02010   7.55 %  2010              10.00          103.94           6.8789
 02010   7.55 %  2010               5.00          103.94           6.8789 02010   7.55 %  2010              10.00          104.01           6.8673
 02010   7.55 %  2010               5.00          104.00           6.8690
 00014  11.30 %  2010              10.00          126.17           6.9355
 00014  11.30 %  2010               5.00          126.05           6.9527
 00014  11.30 %  2010              15.00          126.06           6.9512
 00014  11.30 %  2010               5.00          126.10           6.9455
 00014  11.30 %  2010               5.00          125.90           6.9742
 00010  10.95 %  2011              25.00          123.90           7.2099
 01007   9.39 %  2011               5.00          114.61           7.1273
 01007   9.39 %  2011               5.00          114.50           7.1428
 01007   9.39 %  2011               5.00          114.50           7.1428
 01007   9.39 %  2011               5.00          114.53           7.1386
 01007   9.39 %  2011               5.00          114.52           7.1400
 01007   9.39 %  2011              10.00          114.60           7.1287
 01007   9.39 %  2011               5.00          114.62           7.1258
 01007   9.39 %  2011               5.00          114.55           7.1358
 01007   9.39 %  2011               5.00          114.55           7.1358
 01007   9.39 %  2011               5.00          114.53           7.1386
 01007   9.39 %  2011               5.00          114.63           7.1244
 01007   9.39 %  2011               5.00          114.55           7.1358
 01007   9.39 %  2011               5.00          114.45           7.1499
 01007   9.39 %  2011               5.00          114.42           7.1542
 01007   9.39 %  2011               5.00          114.43           7.1528
 01007   9.39 %  2011               5.00          114.43           7.1528
 01007   9.39 %  2011               5.00          114.45           7.1499
 01007   9.39 %  2011               5.00          114.45           7.1499
 01007   9.39 %  2011               5.00          114.44           7.1514
 01007   9.39 %  2011               5.00          114.44           7.1514
 01007   9.39 %  2011               5.00          114.45           7.1499
 01007   9.39 %  2011               5.00          114.45           7.1499
 01007   9.39 %  2011               5.00          114.45           7.1499
 01007   9.39 %  2011               5.00          114.50           7.1428
 01007   9.39 %  2011               5.00          114.43           7.1528
 01007   9.39 %  2011               5.00          114.46           7.1485
 01007   9.39 %  2011               5.00          114.41           7.1556
 01007   9.39 %  2011               5.00          114.49           7.1443
 01007   9.39 %  2011               5.00          114.42           7.1542
 01007   9.39 %  2011               5.00          114.43           7.1528
 01007   9.39 %  2011               5.00          114.40           7.1570
 01007   9.39 %  2011               5.00          114.59           7.1301
 01007   9.39 %  2011               5.00          114.45           7.1499
 01007   9.39 %  2011               5.00          114.40           7.1570
 01007   9.39 %  2011               5.00          114.50           7.1428
 01007   9.39 %  2011               5.00          114.58           7.1315
 00017  11.50 %  2011               5.00          129.010          7.1446
 00017  11.50 %  2011               5.00          128.88           7.1611
 00017  11.50 %  2011              10.00          128.920          7.1560
 00017  11.50 %  2011              25.00          128.860          7.1636
 00017  11.50 %  2011               5.00          129.020          7.1433
 00017  11.50 %  2011               5.00          128.950          7.1522
 00017  11.50 %  2011               5.00          128.950          7.1522
 00017  11.50 %  2011              10.00          128.960          7.1509
 00017  11.50 %  2011               5.00          128.90           7.1585
 00017  11.50 %  2011               5.00          128.97           7.1497
 00017  11.50 %  2011               5.00          128.91           7.1573
 00017  11.50 %  2011               5.00          128.950          7.1522
 00017  11.50 %  2011               5.00          128.87           7.1624 00017  11.50 %  2011               5.00          128.860          7.1636
 00017  11.50 %  2011               5.00          128.90           7.1585
 00017  11.50 %  2011               5.00          128.90           7.1585
 00017  11.50 %  2011               5.00          128.85           7.1649
 00017  11.50 %  2011               5.00          128.920          7.1560
 00017  11.50 %  2011              10.00          128.90           7.1585
 00017  11.50 %  2011               5.00          128.800          7.1712
 00017  11.50 %  2011               5.00          128.91           7.1573
 00017  11.50 %  2011               5.00          128.91           7.1573
 00017  11.50 %  2011               5.00          128.91           7.1573
 00017  11.50 %  2011               5.00          128.87           7.1624
 00017  11.50 %  2011               5.00          128.860          7.1636
 00017  11.50 %  2011               5.00          128.920          7.1560
 00017  11.50 %  2011               5.00          128.920          7.1560
 00017  11.50 %  2011               5.00          128.91           7.1573
 00017  11.50 %  2011               5.00          128.860          7.1636
 00017  11.50 %  2011               5.00          128.85           7.1649
 00017  11.50 %  2011               5.00          128.800          7.1712
 00017  11.50 %  2011               5.00          128.90           7.1585
 00017  11.50 %  2011               5.00          128.890          7.1598
 00017  11.50 %  2011               5.00          128.85           7.1649
 00017  11.50 %  2011               5.00          128.84           7.1662
 00017  11.50 %  2011               5.00          128.85           7.1649
 00017  11.50 %  2011               5.00          128.85           7.1649
 00017  11.50 %  2011               5.00          128.85           7.1649
 00017  11.50 %  2011               5.00          128.920          7.1560
 00017  11.50 %  2011              10.00          128.91           7.1573
 00017  11.50 %  2011               5.00          128.87           7.1624
 00017  11.50 %  2011               5.00          128.85           7.1649
 00017  11.50 %  2011               5.00          128.860          7.1636
 00017  11.50 %  2011              10.00          128.90           7.1585
 00017  11.50 %  2011              10.00          128.88           7.1611
 00017  11.50 %  2011               5.00          128.87           7.1624
 00017  11.50 %  2011              15.00          128.90           7.1585
 00017  11.50 %  2011               5.00          128.87           7.1624
 00017  11.50 %  2011               5.00          128.860          7.1636
 00017  11.50 %  2011               5.00          128.85           7.1649
 00017  11.50 %  2011               5.00          128.90           7.1585
 00017  11.50 %  2011               5.00          128.890          7.1598
 02006   6.85 %  2012               1.00           98.40           7.0818
 02009   7.40 %  2012               5.00          101.66           7.1569
 02009   7.40 %  2012               5.00          101.67           7.1555
 02009   7.40 %  2012              10.00          101.67           7.1555
 02009   7.40 %  2012               5.00          101.67           7.1555
 02009   7.40 %  2012               5.00          101.68           7.1540
 02009   7.40 %  2012               5.00          101.55           7.1727
 02009   7.40 %  2012               5.00          101.55           7.1727
 02009   7.40 %  2012              25.00          101.55           7.1727
 02009   7.40 %  2012               5.00          101.58           7.1684
 02009   7.40 %  2012              10.00          101.58           7.1684
 02009   7.40 %  2012              15.00          101.55           7.1727
 02009   7.40 %  2012               5.00          101.58           7.1684
 02009   7.40 %  2012               5.00          101.58           7.1684
 02009   7.40 %  2012               5.00          101.59           7.1670
 02009   7.40 %  2012               5.00          101.59           7.1670
 02009   7.40 %  2012               5.00          101.57           7.1699
 02009   7.40 %  2012               5.00          101.58           7.1684 02009   7.40 %  2012              10.00          101.58           7.1684
 02009   7.40 %  2012               5.00          101.57           7.1699
 02009   7.40 %  2012               5.00          101.56           7.1713
 02009   7.40 %  2012               5.00          101.54           7.1742
 02009   7.40 %  2012               5.00          101.54           7.1742
 02009   7.40 %  2012              10.00          101.535          7.1749
 02009   7.40 %  2012               5.00          101.53           7.1756
 02009   7.40 %  2012               5.00          101.55           7.1727
 02009   7.40 %  2012               5.00          101.56           7.1713
 02009   7.40 %  2012               5.00          101.54           7.1742
 02009   7.40 %  2012               5.00          101.56           7.1713
 02009   7.40 %  2012              15.00          101.55           7.1727
 02009   7.40 %  2012               5.00          101.68           7.1540
 02009   7.40 %  2012               5.00          101.68           7.1540
 02009   7.40 %  2012               5.00          101.50           7.1799
 02009   7.40 %  2012               5.00          101.51           7.1785
 02009   7.40 %  2012               5.00          101.54           7.1742
 02009   7.40 %  2012               5.00          101.58           7.1684
 02009   7.40 %  2012               5.00          101.65           7.1584
 02009   7.40 %  2012               5.00          101.58           7.1684
 02009   7.40 %  2012               5.00          101.58           7.1684
 02009   7.40 %  2012               5.00          101.58           7.1684
 02009   7.40 %  2012               5.00          101.50           7.1799
 02009   7.40 %  2012               5.00          101.50           7.1799
 02009   7.40 %  2012               5.00          101.58           7.1684
 02009   7.40 %  2012               5.00          101.53           7.1756
 02009   7.40 %  2012               5.00          101.49           7.1814
 02009   7.40 %  2012               5.00          101.51           7.1785
 02009   7.40 %  2012               5.00          101.47           7.1842
 02009   7.40 %  2012              25.00          101.47           7.1842
 02009   7.40 %  2012               5.00          101.58           7.1684
 02009   7.40 %  2012              10.00          101.46           7.1857
 02009   7.40 %  2012               5.00          101.47           7.1842
 02009   7.40 %  2012               5.00          101.46           7.1857
 02009   7.40 %  2012               5.00          101.45           7.1871
 02009   7.40 %  2012               5.00          101.48           7.1828
 02009   7.40 %  2012               5.00          101.58           7.1684
 02009   7.40 %  2012               5.00          101.49           7.1814
 02009   7.40 %  2012               5.00          101.47           7.1842
 02009   7.40 %  2012               2.00          101.60           7.1655
 02009   7.40 %  2012               5.00          101.58           7.1684
 02009   7.40 %  2012               5.00          101.58           7.1684
 02009   7.40 %  2012               5.00          101.47           7.1842
 02009   7.40 %  2012               5.00          101.49           7.1814
 02009   7.40 %  2012               5.00          101.50           7.1799
 02009   7.40 %  2012               5.00          101.58           7.1684
 02009   7.40 %  2012               5.00          101.48           7.1828
 02009   7.40 %  2012               5.00          101.51           7.1785
 02009   7.40 %  2012              10.00          101.49           7.1814
 02009   7.40 %  2012               5.00          101.50           7.1799
 02009   7.40 %  2012               5.00          101.47           7.1842
 02009   7.40 %  2012               5.00          101.54           7.1742
 02009   7.40 %  2012              15.00          101.55           7.1727
 02009   7.40 %  2012               5.00          101.57           7.1699
 02009   7.40 %  2012               5.00          101.54           7.1742
 02009   7.40 %  2012               5.00          101.45           7.1871
 02009   7.40 %  2012               5.00          101.54           7.1742 02009   7.40 %  2012               5.00          101.47           7.1842
 02009   7.40 %  2012               0.25          101.58           7.1684
 02013   6.72 %  2012              10.00          101.38           6.5266
 02013   6.72 %  2012               5.00          101.38           6.5266
 00012  11.03 %  2012               5.00          126.55           7.2183
 00012  11.03 %  2012               5.00          126.60           7.2121
 00012  11.03 %  2012               5.00          126.56           7.2171
 00012  11.03 %  2012               5.00          126.54           7.2195
 00012  11.03 %  2012               5.00          126.55           7.2183
 00012  11.03 %  2012               5.00          126.55           7.2183
 00012  11.03 %  2012               5.00          126.50           7.2244
 00012  11.03 %  2012               5.00          126.54           7.2195
 00012  11.03 %  2012               5.00          126.55           7.2183
 02013   6.72 %  2012              10.00          101.40           6.5238
 02013   6.72 %  2012               5.00          101.40           6.5238
 02013   6.72 %  2012              15.00          101.35           6.5307
 02013   6.72 %  2012               5.00          101.40           6.5238
 00012  11.03 %  2012               5.00          126.50           7.2244
 01005   9.81 %  2013               5.00          118.85           7.2493
 01005   9.81 %  2013              10.00          118.92           7.2409
 01005   9.81 %  2013              10.00          118.85           7.2493
 01005   9.81 %  2013              10.00          118.90           7.2433
 01005   9.81 %  2013               5.00          118.90           7.2433
 01005   9.81 %  2013               5.00          118.91           7.2421
 01005   9.81 %  2013               5.00          118.84           7.2505
 01005   9.81 %  2013               5.00          118.84           7.2505
 01005   9.81 %  2013               5.00          118.86           7.2481
 01005   9.81 %  2013               5.00          118.90           7.2433
 01005   9.81 %  2013               5.00          118.90           7.2433
 01005   9.81 %  2013               5.00          118.90           7.2433
 01005   9.81 %  2013               5.00          118.90           7.2433
 01005   9.81 %  2013               5.00          118.88           7.2457
 01005   9.81 %  2013               5.00          118.75           7.2614
 01005   9.81 %  2013               5.00          118.90           7.2433
 01005   9.81 %  2013               5.00          118.90           7.2433
 01005   9.81 %  2013               5.00          118.90           7.2433
 01005   9.81 %  2013               5.00          118.88           7.2457
 01005   9.81 %  2013               5.00          118.90           7.2433
 98021  12.40 %  2013               0.25          132.00           7.9652
 99020  11.83 %  2014              10.00          134.10           7.5063
 99020  11.83 %  2014               5.00          134.10           7.5063
 99020  11.83 %  2014               5.00          134.07           7.5094
 99020  11.83 %  2014              20.00          134.05           7.5115
 00009  10.79 %  2015               0.343         126.76           7.4856
 00009  10.79 %  2015               0.50          123.80           7.8003
 00009  10.79 %  2015               1.50          124.90           7.6822
 01011   9.85 %  2015              10.00          120.50           7.3810
 01011   9.85 %  2015              10.00          120.52           7.3789
 01011   9.85 %  2015               5.00          120.50           7.3810
 01011   9.85 %  2015               5.00          120.50           7.3810
 01011   9.85 %  2015               5.00          120.50           7.3810
 01011   9.85 %  2015               5.00          120.50           7.3810
 01011   9.85 %  2015               5.00          120.53           7.3778
 01011   9.85 %  2015               5.00          120.53           7.3778
 01011   9.85 %  2015              10.00          120.49           7.3821
 01011   9.85 %  2015               5.00          120.50           7.3810
 01011   9.85 %  2015               5.00          120.53           7.3778 01011   9.85 %  2015               5.00          120.52           7.3789
 01011   9.85 %  2015               5.00          120.43           7.3884
 01011   9.85 %  2015               5.00          120.40           7.3916
 01011   9.85 %  2015               5.00          120.51           7.3800
 01011   9.85 %  2015               5.00          120.40           7.3916
 01011   9.85 %  2015               5.00          120.40           7.3916
 01011   9.85 %  2015               5.00          120.40           7.3916
 01011   9.85 %  2015              10.00          120.47           7.3842
 01011   9.85 %  2015               5.00          120.45           7.3863
 01011   9.85 %  2015               5.00          120.51           7.3800
 01011   9.85 %  2015               0.02          120.98           7.3304
 01011   9.85 %  2015               5.00          120.45           7.3863
 01011   9.85 %  2015               5.00          120.45           7.3863
 01011   9.85 %  2015               5.00          120.44           7.3874
 01011   9.85 %  2015               2.00          120.28           7.4043
 01011   9.85 %  2015               5.00          120.47           7.3842
 01011   9.85 %  2015               5.00          120.50           7.3810
 01011   9.85 %  2015              10.00          120.53           7.3778
 01011   9.85 %  2015              10.00          120.55           7.3757
 01011   9.85 %  2015               5.00          120.53           7.3778
 01003  10.71 %  2016              20.00          127.55           7.4528
 01003  10.71 %  2016               5.00          127.50           7.4578
 01003  10.71 %  2016              10.00          127.50           7.4578
 01003  10.71 %  2016               5.00          127.25           7.4828
 01003  10.71 %  2016               5.00          127.25           7.4828
 01003  10.71 %  2016              10.00          127.23           7.4847
 01003  10.71 %  2016               5.00          127.20           7.4877
 01003  10.71 %  2016               5.00          127.25           7.4828
 99019  12.30 %  2016               0.25          140.50           7.5311
 02001   8.07 %  2017               2.25          105.35           7.4550
 02001   8.07 %  2017              10.00          105.34           7.4561
 02001   8.07 %  2017               5.00          105.36           7.4539
 02001   8.07 %  2017               5.00          105.38           7.4517
 02001   8.07 %  2017              10.00          105.35           7.4550
 02001   8.07 %  2017              10.00          105.35           7.4550
 02001   8.07 %  2017               5.00          105.14           7.4782
 02001   8.07 %  2017              10.00          105.08           7.4849
 02001   8.07 %  2017               5.00          105.12           7.4804
 02001   8.07 %  2017               5.00          105.15           7.4771
 02001   8.07 %  2017               5.00          105.39           7.4505
 02001   8.07 %  2017               0.05          105.47           7.4417
 02001   8.07 %  2017               5.00          105.15           7.4771
 02001   8.07 %  2017               5.00          105.25           7.4660
 02001   8.07 %  2017               5.00          105.20           7.4716
 02001   8.07 %  2017               5.00          105.13           7.4793
 02001   8.07 %  2017               5.00          105.14           7.4782
 02001   8.07 %  2017               5.00          105.12           7.4804
 02001   8.07 %  2017               5.00          105.12           7.4804
 02001   8.07 %  2017               5.00          105.12           7.4804
 02001   8.07 %  2017              25.00          105.12           7.4804
 02001   8.07 %  2017               5.00          105.16           7.4760
 02001   8.07 %  2017               5.00          105.15           7.4771
 02001   8.07 %  2017               5.00          105.16           7.4760
 02001   8.07 %  2017               5.00          105.17           7.4749
 02001   8.07 %  2017               5.00          105.18           7.4738
 02001   8.07 %  2017               5.00          105.18           7.4738
 02001   8.07 %  2017               5.00          105.18           7.4738 02007   7.49 %  2017               2.00          100.65           7.4151
 02007   7.49 %  2017               2.006         100.59           7.4218
 02007   7.49 %  2017              10.00          100.50           7.4320
 02007   7.49 %  2017               0.25          100.70           7.4094
 02007   7.49 %  2017               5.00          100.50           7.4320
 02007   7.49 %  2017              10.00          100.25           7.4603
 02014   7.46 %  2017               5.00          100.36           7.4194
 02014   7.46 %  2017               0.25          100.45           7.4094
 02014   7.46 %  2017               2.00          100.41           7.4139
 02014   7.46 %  2017               1.00          100.40           7.4150
 02014   7.46 %  2017               0.50          100.37           7.4183
 02014   7.46 %  2017               5.00          100.30           7.4261
 02014   7.46 %  2017               1.00          100.63           7.3894
 02014   7.46 %  2017               0.50          100.35           7.4205
 02014   7.46 %  2017               0.50          100.44           7.4105
 02014   7.46 %  2017               5.00          100.40           7.4150
 02014   7.46 %  2017               0.50          100.44           7.4105
 02014   7.46 %  2017               2.00          100.40           7.4150
 02014   7.46 %  2017               1.00          100.44           7.4105
 02014   7.46 %  2017              10.00          100.25           7.4317
 02014   7.46 %  2017               5.00          100.28           7.4283
 02014   7.46 %  2017               5.00          100.30           7.4261
 02014   7.46 %  2017               5.00          100.10           7.4484
 02014   7.46 %  2017               1.00          100.35           7.4205
 02014   7.46 %  2017               0.50          100.44           7.4105
 02014   7.46 %  2017               1.00          100.37           7.4183
 02014   7.46 %  2017               5.00          100.10           7.4484
 02014   7.46 %  2017               5.00          100.16           7.4417
 02014   7.46 %  2017               1.00          100.35           7.4205
 02014   7.46 %  2017               5.00          100.36           7.4194
 02014   7.46 %  2017               1.00          100.38           7.4172
 02014   7.46 %  2017               1.00          100.63           7.3894
 02014   7.46 %  2017               5.00          100.31           7.4250
 02014   7.46 %  2017               5.00          100.23           7.4339
 02014   7.46 %  2017               5.00          100.20           7.4373
 02014   7.46 %  2017               5.00          100.20           7.4373
 02014   7.46 %  2017               0.50          100.63           7.3894
 02014   7.46 %  2017               5.00          100.20           7.4373
 02014   7.46 %  2017               1.00          100.33           7.4228
 02014   7.46 %  2017               5.00          100.27           7.4295
 02014   7.46 %  2017               2.00          100.40           7.4150
 02014   7.46 %  2017               5.00          100.27           7.4295
 01004  10.45 %  2018               0.10          125.80           7.6007
 01008  10.03 %  2019               1.00          122.12           7.6725
 00008  10.70 %  2020               1.20          128.65           7.7004
 00018  11.60 %  2020               0.259         137.80           7.7097
 01006  10.25 %  2021               5.00          124.95           7.7085
 01006  10.25 %  2021              10.00          124.98           7.7060
 01006  10.25 %  2021               5.00          124.95           7.7085
 01006  10.25 %  2021              20.00          124.95           7.7085
 01006  10.25 %  2021               5.00          124.85           7.7171
 01006  10.25 %  2021              10.00          125.04           7.7008
 01006  10.25 %  2021               5.00          124.98           7.7060
 01006  10.25 %  2021               0.495         125.05           7.6999
 01006  10.25 %  2021               4.505         125.05           7.6999
 01006  10.25 %  2021              10.00          125.00           7.7042
 01006  10.25 %  2021              10.00          124.90           7.7128 01006  10.25 %  2021              25.00          124.88           7.7146
 02011   8.35 %  2022               5.00          106.95           7.6589
 02011   8.35 %  2022               5.00          106.90           7.6636
 02011   8.35 %  2022               5.00          106.90           7.6636
 02011   8.35 %  2022               1.342         107.00           7.6542
 02011   8.35 %  2022              30.357         106.88           7.6655
 02015   7.95 %  2032               8.00          100.25           7.9277
 02015   7.95 %  2032               5.00          100.30           7.9233
 02015   7.95 %  2032               1.50          100.58           7.8989
 02015   7.95 %  2032               1.00          100.54           7.9024
 02015   7.95 %  2032               0.50          100.40           7.9146
 02015   7.95 %  2032               3.00          100.83           7.8771
     Total                       2825.067
B. State Government Securities
          Contract Date : September 06, 2002
 97255 12.30%HARYANA STATE
       DEVELOPMENT LOAN 2007        0.0133        117.00          8.1449
 02261 7.80% GUJRAT SDL 2012       30.00          100.20          7.7680
          Contract Date : September 07, 2002
 97262 12.30% TAMILNADU LOAN
       2007                         5.00          120.55          7.3735
 01266 9.45% GUJARAT S.D.L 2011     2.00          109.80          7.9156
 02226 8.30% W.B. SDL 2012          5.00          103.52          7.7632
 02241 8.00% KERALA SDL 2012        0.25          101.00          7.8485
 02274 7.80% PUNJAB SDL 2012       13.016         100.25          7.7605
 02297 7.80% KARNATAKA SDL 2012
       (SECOND SERIES)              7.9635        100.25          7.7625
     Total                         63.2428
C. Treasury Bills
   (i) 14 Day Bills (Maturity-wise)
       (DD/MM/YYYY)
                                           NIL
   (ii) 91 Day Bills (Maturity-wise)
       (DD/MM/YYYY)
          Contract Date : September 07, 2002
        06/12/2002                 15.00           98.6212         5.6544
        06/12/2002                 20.00           98.6152         5.6794
     Total                         35.00
   (iii) 182 Day Bills (Maturity-wise)
       (DD/MM/YYYY)
                                           NIL
   (iv) 364 Day Bills (Maturity-wise)
       (DD/MM/YYYY)
          Contract Date : September 05, 2002
        05/09/2003                 50.00           94.5019         5.8020
          Contract Date : September 06, 2002
        11/07/2003                 36.00           95.2874         5.8449
          Contract Date : September 07, 2002
        30/05/2003                  4.50           95.9592         5.7841
        13/06/2003                  5.00           95.7128         5.8439
        22/08/2003                  3.25           94.6770         5.8639
     Total                         98.75
II.  REPO Transactions *
    (Other than with RBI)---------------------------------------------------------------------------
 Loan  Nomenclature                Amount      Price *   Repo Rate   Repo
 Code                            (Face Value) Per Rs.100   (%pa)    Period
                                 (in Rs.Crore) Nominal              (Days)
           (1)                      (2)          (3)        (4)      (5)
---------------------------------------------------------------------------
A. Government of India Dated Securities
 94003  12.50 %  2004              26.70      109.50        5.30       2
 01012   6.23 %  2006              20.00      100.00        5.50       2
 01012   6.23 %  2006              50.00      100.00        5.50       2
 97002  13.05 %  2007              50.00      125.55        5.60       4
 88008  11.50 %  2008             150.00      122.00        5.65       4
 99004  12.29 %  2010              30.00      130.20        5.60       5
 02010   7.55 %  2010              50.00      104.05        5.55       2
 98015  12.25 %  2010              20.00      130.75        5.60       5
 00017  11.50 %  2011              30.00      128.90        5.55       2
 02006   6.85 %  2012              30.00       98.75        5.60       4
 02006   6.85 %  2012              14.00       98.75        4.00       2
 02006   6.85 %  2012               4.85       98.75        4.00       2
 02009   7.40 %  2012              20.00      101.25        5.60       4
 02013   6.72 %  2012              40.00      101.40        5.50       2
 01003  10.71 %  2016              10.00      127.00        5.85      14
 02001   8.07 %  2017              15.00      105.00        5.85      14
 02012   6.84 %  2017              50.00      100.00        5.50       2
     Total                        610.55
B. State Government Securities
                                           NIL
C. Treasury Bills
   (i) 14 Day Bills (Maturity-wise)
      (DD/MM/YYYY)
                                           NIL
   (ii) 91 Day Bills (Maturity-wise)
      (DD/MM/YYYY)
                                           NIL
   (iii) 182 Day Bills (Maturity-wise)
      (DD/MM/YYYY)
                                           NIL
   (iv) 364 Day Bills (Maturity-wise)
       (DD/MM/YYYY)
        24/01/2003                 42.00       97.8572      4.00       2
     Total                         42.00
-----------------------------------------------------------------------------
----
  * Relate to the first leg of Repos
  # YTM(indicative) will depend upon assumed rate of inflation