Subsidiary General Ledger Account Transactions
in Government Dated Securities and Treasury Bills
at RBI, Mumbai on 22 March 2002
---------------------------------------------------------------------------
 Loan  Nomenclature              Amount           Price *        YTM %
 Code                            (Face Value)     Per Rs.100   Indicative
                                 (in Rs.Crore)    nominal
---------------------------------------------------------------------------
I.  Outright Transactions
A.Government of India Dated Securities
          Contract Date : March 20, 2002
 01006  10.25 %  2021               5.00          122.10           7.9789
          Contract Date : March 21, 2002
 97011  11.15 %  2002               1.20          102.19           6.0626
 97010  11.19 %  2005               5.00          114.15           6.4715
 95012  14.00 %  2005(INSTA         2.00          119.02           7.6561
 96015  13.85 %  2006               1.00          120.77           8.1646
 98007  12.00 %  2008               5.00          122.68           7.3273
 00016  11.40 %  2008               5.00          122.80           6.9490
 00016  11.40 %  2008               5.00          122.71           6.9644
 00016  11.40 %  2008              10.00          122.75           6.9575
 99006  11.99 %  2009               5.00          125.59           7.2806
 99006  11.99 %  2009              10.00          125.90           7.2314
 79002   7.00 %  2009               2.00          100.87           6.8422
 79002   7.00 %  2009               0.50          101.18           6.7872
 99004  12.29 %  2010               5.00          127.30           7.6060
 80003   7.50 %  2010               3.00          102.25           7.1288
 80003   7.50 %  2010               0.50          102.60           7.0723
 00014  11.30 %  2010               0.032         123.60           7.4506
 01007   9.39 %  2011               1.00          113.18           7.3986
 01007   9.39 %  2011               0.10          113.30           7.3819
 01007   9.39 %  2011              10.00          113.10           7.4097
 01007   9.39 %  2011               5.00          113.10           7.4097
 00017  11.50 %  2011               5.00          127.50           7.4562
 00017  11.50 %  2011               5.00          127.50           7.4562
 00017  11.50 %  2011               5.00          127.50           7.4562
 00017  11.50 %  2011               5.00          127.50           7.4562
 00017  11.50 %  2011               5.00          127.60           7.4437
 00017  11.50 %  2011               5.00          128.040          7.3890
 00017  11.50 %  2011               5.00          127.99           7.3952
 00017  11.50 %  2011               5.00          128.00           7.3939
 00017  11.50 %  2011               5.00          127.85           7.4126
 00017  11.50 %  2011               5.00          127.90           7.4064
 00017  11.50 %  2011               5.00          127.90           7.4064
 00017  11.50 %  2011               5.00          128.00           7.3939
 00017  11.50 %  2011               5.00          128.00           7.3939
 00017  11.50 %  2011               5.00          128.020          7.3914
 00017  11.50 %  2011               5.00          127.50           7.4562
 00017  11.50 %  2011               5.00          127.80           7.4188
 00017  11.50 %  2011               5.00          127.80           7.4188
1 00017  11.50 %  2011               5.00          127.20           7.4937
 00017  11.50 %  2011               5.00          127.86           7.4113
 00017  11.50 %  2011               5.00          127.95           7.4001
 00017  11.50 %  2011               5.00          127.95           7.4001
 00017  11.50 %  2011               5.00          127.95           7.4001
 00017  11.50 %  2011               5.00          127.95           7.4001
 00017  11.50 %  2011               5.00          127.93           7.4026
 00017  11.50 %  2011               5.00          127.95           7.4001
 00017  11.50 %  2011               5.00          127.95           7.4001
 00017  11.50 %  2011              15.00          127.80           7.4188
 00012  11.03 %  2012               5.00          125.62           7.4295
 00012  11.03 %  2012               5.00          125.42           7.4537
 00012  11.03 %  2012               5.00          125.55           7.4380
 00012  11.03 %  2012               5.00          125.36           7.4609
 00012  11.03 %  2012               5.00          125.27           7.4718
 00012  11.03 %  2012               5.00          125.42           7.4537
 00012  11.03 %  2012               5.00          125.55           7.4380
 00012  11.03 %  2012               5.00          125.44           7.4512
 00012  11.03 %  2012               5.00          125.35           7.4621
 01009   9.40 %  2012               5.00          114.00           7.4503
 01009   9.40 %  2012               5.00          114.10           7.4375
 01005   9.81 %  2013              25.00          117.20           7.5081
 01005   9.81 %  2013               5.00          117.21           7.5069
 01005   9.81 %  2013              10.00          117.24           7.5033
 01005   9.81 %  2013              10.00          117.20           7.5081
 01005   9.81 %  2013              10.00          117.15           7.5141
 01005   9.81 %  2013               5.00          117.24           7.5033
 01005   9.81 %  2013               5.00          117.20           7.5081
 01005   9.81 %  2013              10.00          117.145          7.5147
 01005   9.81 %  2013               5.00          117.21           7.5069
 01005   9.81 %  2013               5.00          117.20           7.5081
 01001  10.47 %  2015               5.00          122.10           7.7296
 01001  10.47 %  2015               5.00          122.10           7.7296
 01001  10.47 %  2015               5.00          122.10           7.7296
 00015  11.43 %  2015               0.025         130.00           7.7796
 01011   9.85 %  2015              20.00          119.15           7.5667
 01011   9.85 %  2015              10.00          119.15           7.5667
 01011   9.85 %  2015               5.00          119.15           7.5667
 01011   9.85 %  2015               5.00          119.15           7.5667
 01011   9.85 %  2015               5.00          119.00           7.5825
 01003  10.71 %  2016               5.00          125.10           7.7485
 01003  10.71 %  2016              10.00          125.20           7.7384
 02001   8.07 %  2017               6.00          106.00           7.3948
 02001   8.07 %  2017              10.00          105.80           7.4164
 02001   8.07 %  2017               1.00          105.95           7.4002
 02001   8.07 %  2017               5.00          105.82           7.4142
 02001   8.07 %  2017               0.50          105.98           7.3970
 02001   8.07 %  2017               5.00          105.80           7.4164
 02001   8.07 %  2017               5.00          105.80           7.4164
 00008  10.70 %  2020               0.15          124.75           8.0729
 00008  10.70 %  2020               0.20          125.50           8.0059
 01006  10.25 %  2021               5.00          121.85           8.0008
 01010  10.18 %  2026               1.00          122.30           8.0755
 01010  10.18 %  2026               2.00          122.25           8.0795
 01010  10.18 %  2026               1.00          122.05           8.0956
2          Contract Date : March 22, 2002
 97011  11.15 %  2002              10.00          102.11           6.2126
 97011  11.15 %  2002              10.00          102.10           6.2353
 97011  11.15 %  2002               0.019         102.50           5.3302
 94010  11.55 %  2002               0.60          103.60           5.7759
 98004  11.10 %  2003              15.00          104.95           6.1163
 98004  11.10 %  2003              25.00          104.93           6.1357
 98004  11.10 %  2003              20.00          104.93           6.1357
 97008  11.83 %  2003              25.00          107.01           6.1984
 97008  11.83 %  2003              20.00          107.01           6.1984
 98020  11.78 %  2003               5.00          107.25           6.2583
 98008  11.50 %  2004               0.50          109.00           6.8770
 94005  12.35 %  2004              10.00          111.77           6.4456
 97007  12.59 %  2004              10.00          112.68           6.4083
 00007   9.90 %  2005               5.00          109.51           6.4458
 00007   9.90 %  2005               5.00          109.56           6.4287
 00007   9.90 %  2005               5.00          109.55           6.4321
 00007   9.90 %  2005               5.00          109.51           6.4458
 00007   9.90 %  2005               5.00          109.52           6.4424
 00007   9.90 %  2005              10.00          109.55           6.4321
 95004  13.75 %  2005              10.00          119.24           6.7942
 95006  14.00 %  2005              10.00          120.30           6.8412
 95006  14.00 %  2005               5.00          120.55           6.7631
 95006  14.00 %  2005               2.00          119.75           7.0137
 00011  10.20 %  2005               5.00          111.02           6.4391
 00011  10.20 %  2005               0.10          110.90           6.4774
 99008  11.68 %  2006               5.00          118.02           6.5409
 99008  11.68 %  2006               5.00          118.00           6.5461
 99008  11.68 %  2006               5.00          118.03           6.5383
 99008  11.68 %  2006               5.00          118.05           6.5332
 00013  11.00 %  2006               5.00          116.44           6.5869
 00013  11.00 %  2006               5.00          116.45           6.5845
 00013  11.00 %  2006               5.00          116.50           6.5723
 98009  11.90 %  2007              10.00          122.20           6.7480
 84002   9.50 %  2008               0.05          111.75           7.0337
 98007  12.00 %  2008               5.00          122.88           7.2898
 98007  12.00 %  2008               5.00          122.92           7.2826
 98007  12.00 %  2008               5.00          122.92           7.2826
 98007  12.00 %  2008               5.00          122.76           7.3114
 00016  11.40 %  2008               5.00          122.65           6.9733
 00016  11.40 %  2008               5.00          122.60           6.9819
 00016  11.40 %  2008               5.00          122.65           6.9733
 00016  11.40 %  2008               5.00          122.78           6.9510
 00016  11.40 %  2008               5.00          122.75           6.9561
 00016  11.40 %  2008               5.00          122.75           6.9561
 00016  11.40 %  2008               5.00          122.79           6.9493
 00016  11.40 %  2008               5.00          122.77           6.9527
 00016  11.40 %  2008               5.00          122.75           6.9561
 00016  11.40 %  2008               5.00          122.85           6.9390
 00016  11.40 %  2008               5.00          122.75           6.9561
 00016  11.40 %  2008               5.00          122.76           6.9544
 00016  11.40 %  2008              10.00          122.80           6.9476
 00016  11.40 %  2008               5.00          122.75           6.9561
 00016  11.40 %  2008               5.00          122.68           6.9681
 00016  11.40 %  2008               5.00          122.69           6.9664
3 00016  11.40 %  2008               5.00          122.70           6.9647
 00016  11.40 %  2008               5.00          122.70           6.9647
 00016  11.40 %  2008              10.00          122.80           6.9476
 00016  11.40 %  2008               5.00          122.71           6.9630
 00016  11.40 %  2008               5.00          122.69           6.9664
 00016  11.40 %  2008               1.00          122.67           6.9698
 00016  11.40 %  2008               5.00          122.75           6.9561
 00016  11.40 %  2008               5.00          122.80           6.9476
 00016  11.40 %  2008               5.00          122.82           6.9441
 00016  11.40 %  2008               5.00          122.82           6.9441
 00016  11.40 %  2008               5.00          122.85           6.9390
 00016  11.40 %  2008               5.00          122.82           6.9441
 00016  11.40 %  2008              10.00          122.80           6.9476
 00016  11.40 %  2008               5.00          122.80           6.9476
 00016  11.40 %  2008               5.00          122.82           6.9441
 00016  11.40 %  2008              10.00          122.85           6.9390
 00016  11.40 %  2008               5.00          122.85           6.9390
 00016  11.40 %  2008               5.00          122.85           6.9390
 00016  11.40 %  2008               5.00          122.80           6.9476
 00016  11.40 %  2008               5.00          122.79           6.9493
 00016  11.40 %  2008               5.00          122.79           6.9493
 00016  11.40 %  2008               5.00          122.82           6.9441
 00016  11.40 %  2008               5.00          122.85           6.9390
 00016  11.40 %  2008               0.50          122.60           6.9819
 00016  11.40 %  2008               5.00          122.80           6.9476
 00016  11.40 %  2008               5.00          122.85           6.9390
 00016  11.40 %  2008               5.00          122.85           6.9390
 00016  11.40 %  2008               5.00          122.85           6.9390
 00016  11.40 %  2008               5.00          122.84           6.9407
 99006  11.99 %  2009               5.00          125.70           7.2620
 99006  11.99 %  2009               0.02          125.43           7.3049
 99006  11.99 %  2009               0.015         125.43           7.3049
 99006  11.99 %  2009               0.02          125.43           7.3049
 99006  11.99 %  2009               0.03          125.43           7.3049
 99006  11.99 %  2009               0.015         125.43           7.3049
 99006  11.99 %  2009               5.00          125.82           7.2429
 79002   7.00 %  2009               5.00          102.15           6.6165
 79002   7.00 %  2009               1.00          101.95           6.6515
 79002   7.00 %  2009               3.50          100.65           6.8813
 79002   7.00 %  2009               5.00          100.26           6.9509
 99004  12.29 %  2010               5.00          127.44           7.5844
 99004  12.29 %  2010               5.00          127.47           7.5800
 80003   7.50 %  2010               0.25          102.70           7.0561
 90010  11.50 %  2010               0.06          124.75           7.4198
 90010  11.50 %  2010               0.12          124.75           7.4198
 90010  11.50 %  2010               0.08          124.75           7.4198
 90010  11.50 %  2010               0.24          124.75           7.4198
 98015  12.25 %  2010               5.00          128.07           7.6124
 98015  12.25 %  2010               5.00          128.10           7.6082
 98015  12.25 %  2010               5.00          128.07           7.6124
 00014  11.30 %  2010               5.00          124.38           7.3396
 00014  11.30 %  2010               5.00          124.45           7.3298
 00014  11.30 %  2010               5.00          124.50           7.3227
 00014  11.30 %  2010               5.00          124.45           7.3298
 00014  11.30 %  2010               5.00          124.39           7.3382
4 00014  11.30 %  2010               5.00          124.50           7.3227
 99005  12.32 %  2011               0.04          130.75           7.5005
 99005  12.32 %  2011               0.04          130.75           7.5005
 81005   8.00 %  2011               5.00          104.60           7.2975
 00010  10.95 %  2011              25.00          122.00           7.5791
 00010  10.95 %  2011              25.00          122.005          7.5784
 01007   9.39 %  2011               5.00          113.05           7.4163
 01007   9.39 %  2011               5.00          113.00           7.4233
 01007   9.39 %  2011              10.00          113.00           7.4233
 01007   9.39 %  2011              15.00          113.10           7.4093
 01007   9.39 %  2011              10.00          113.10           7.4093
 01007   9.39 %  2011              20.00          113.06           7.4149
 01007   9.39 %  2011               5.00          113.05           7.4163
 01007   9.39 %  2011               5.00          113.08           7.4121
 01007   9.39 %  2011               5.00          113.09           7.4107
 01007   9.39 %  2011               5.00          113.05           7.4163
 01007   9.39 %  2011               5.00          113.03           7.4191
 91012  11.50 %  2011               5.00          125.30           7.6629
 00017  11.50 %  2011               5.00          127.40           7.4680
 00017  11.50 %  2011               5.00          127.60           7.4431
 00017  11.50 %  2011               5.00          127.64           7.4381
 00017  11.50 %  2011               0.014         127.50           7.4555
 00017  11.50 %  2011              10.00          127.79           7.4194
 00017  11.50 %  2011               5.00          127.63           7.4393
 00017  11.50 %  2011               0.25          128.00           7.3933
 00017  11.50 %  2011               5.00          127.90           7.4057
 00017  11.50 %  2011              10.00          127.85           7.4119
 00017  11.50 %  2011               5.00          127.80           7.4181
 00017  11.50 %  2011               5.00          128.00           7.3933
 00017  11.50 %  2011               5.00          127.93           7.4020
 00017  11.50 %  2011               5.00          128.00           7.3933
 00017  11.50 %  2011               5.00          128.050          7.3871
 00017  11.50 %  2011               5.00          127.95           7.3995
 00017  11.50 %  2011               5.00          127.90           7.4057
 00017  11.50 %  2011               5.00          127.90           7.4057
 00017  11.50 %  2011               5.00          127.70           7.4306
 00017  11.50 %  2011               5.00          127.75           7.4244
 00017  11.50 %  2011               5.00          127.77           7.4219
 00017  11.50 %  2011               5.00          127.65           7.4368
 00017  11.50 %  2011               5.00          127.78           7.4206
 00017  11.50 %  2011               5.00          127.65           7.4368
 00017  11.50 %  2011               5.00          127.33           7.4768
 00017  11.50 %  2011               5.00          127.54           7.4505
 00017  11.50 %  2011               5.00          127.30           7.4805
 00017  11.50 %  2011               5.00          127.92           7.4032
 00017  11.50 %  2011               5.00          127.76           7.4231
 00017  11.50 %  2011               5.00          127.90           7.4057
 00017  11.50 %  2011               5.00          127.88           7.4082
 00017  11.50 %  2011               5.00          127.93           7.4020
 00017  11.50 %  2011              10.00          127.71           7.4293
 00017  11.50 %  2011               5.00          127.87           7.4094
 00017  11.50 %  2011               5.00          127.80           7.4181
 00017  11.50 %  2011               5.00          127.85           7.4119
 00017  11.50 %  2011              10.00          127.70           7.4306
 00017  11.50 %  2011               5.00          127.70           7.4306
5 00017  11.50 %  2011               5.00          127.80           7.4181
 00017  11.50 %  2011               5.00          127.83           7.4144
 00017  11.50 %  2011               5.00          127.93           7.4020
 00017  11.50 %  2011               5.00          127.90           7.4057
 00017  11.50 %  2011               5.00          127.87           7.4094
 00017  11.50 %  2011               5.00          127.77           7.4219
 00017  11.50 %  2011               5.00          127.85           7.4119
 00017  11.50 %  2011               5.00          127.95           7.3995
 00017  11.50 %  2011               5.00          127.90           7.4057
 00017  11.50 %  2011               5.00          127.93           7.4020
 00017  11.50 %  2011               5.00          127.92           7.4032
 00017  11.50 %  2011               5.00          127.85           7.4119
 00017  11.50 %  2011               5.00          127.92           7.4032
 00017  11.50 %  2011               5.00          127.95           7.3995
 00017  11.50 %  2011               5.00          127.94           7.4007
 00017  11.50 %  2011               5.00          127.95           7.3995
 00017  11.50 %  2011               5.00          127.90           7.4057
 00017  11.50 %  2011              10.00          127.80           7.4181
 00017  11.50 %  2011               5.00          127.87           7.4094
 00017  11.50 %  2011               5.00          127.94           7.4007
 00017  11.50 %  2011              10.00          127.70           7.4306
 00017  11.50 %  2011               5.00          127.95           7.3995
 00017  11.50 %  2011               5.00          127.92           7.4032
 00017  11.50 %  2011               5.00          127.92           7.4032
 00017  11.50 %  2011               5.00          127.92           7.4032
 00017  11.50 %  2011               5.00          127.93           7.4020
 00017  11.50 %  2011              10.00          127.92           7.4032
 00017  11.50 %  2011               5.00          127.94           7.4007
 00017  11.50 %  2011               5.00          127.92           7.4032
 00017  11.50 %  2011              10.00          127.98           7.3957
 00017  11.50 %  2011               5.00          127.94           7.4007
 00017  11.50 %  2011               5.00          127.98           7.3957
 00017  11.50 %  2011               5.00          127.88           7.4082
 00017  11.50 %  2011              15.00          127.92           7.4032
 00017  11.50 %  2011               5.00          127.90           7.4057
 00017  11.50 %  2011              10.00          127.92           7.4032
 00017  11.50 %  2011               5.00          127.87           7.4094
 00017  11.50 %  2011               5.00          127.90           7.4057
 00017  11.50 %  2011               5.00          127.98           7.3957
 00017  11.50 %  2011               5.00          127.77           7.4219
 00017  11.50 %  2011              10.00          127.94           7.4007
 00017  11.50 %  2011               5.00          127.94           7.4007
 00017  11.50 %  2011               5.00          127.88           7.4082
 00017  11.50 %  2011               5.00          127.94           7.4007
 00017  11.50 %  2011               5.00          127.80           7.4181
 00017  11.50 %  2011               5.00          127.95           7.3995
 00017  11.50 %  2011               5.00          127.77           7.4219
 00017  11.50 %  2011               5.00          127.89           7.4069
 00017  11.50 %  2011               5.00          127.80           7.4181
 00017  11.50 %  2011               5.00          127.95           7.3995
 00017  11.50 %  2011               5.00          127.92           7.4032
 00017  11.50 %  2011               5.00          127.90           7.4057
 00017  11.50 %  2011               5.00          127.75           7.4244
 00017  11.50 %  2011               5.00          127.85           7.4119
 00017  11.50 %  2011               5.00          127.75           7.4244
6 00017  11.50 %  2011               5.00          127.93           7.4020
 00017  11.50 %  2011               5.00          127.80           7.4181
 00017  11.50 %  2011               5.00          127.94           7.4007
 00017  11.50 %  2011               5.00          127.83           7.4144
 00017  11.50 %  2011               5.00          127.94           7.4007
 00017  11.50 %  2011               5.00          127.90           7.4057
 00017  11.50 %  2011               5.00          127.92           7.4032
 00017  11.50 %  2011               5.00          127.80           7.4181
 00017  11.50 %  2011               5.00          127.95           7.3995
 00017  11.50 %  2011               5.00          127.95           7.3995
 00017  11.50 %  2011               5.00          127.95           7.3995
 00017  11.50 %  2011               5.00          128.040          7.3883
 00017  11.50 %  2011               5.00          128.07           7.3846
 00017  11.50 %  2011               5.00          127.80           7.4181
 00017  11.50 %  2011               5.00          127.85           7.4119
 00017  11.50 %  2011               5.00          127.92           7.4032
 00017  11.50 %  2011               5.00          127.92           7.4032
 00017  11.50 %  2011               5.00          127.80           7.4181
 00017  11.50 %  2011               5.00          127.80           7.4181
 00017  11.50 %  2011               5.00          127.91           7.4044
 00017  11.50 %  2011               5.00          127.95           7.3995
 00017  11.50 %  2011               5.00          127.94           7.4007
 00017  11.50 %  2011               5.00          127.96           7.3982
 00017  11.50 %  2011               5.00          127.93           7.4020
 00017  11.50 %  2011               5.00          127.93           7.4020
 00017  11.50 %  2011               5.00          127.76           7.4231
 00017  11.50 %  2011               5.00          127.96           7.3982
 00017  11.50 %  2011               5.00          127.80           7.4181
 00017  11.50 %  2011               5.00          127.91           7.4044
 00017  11.50 %  2011               5.00          127.87           7.4094
 00017  11.50 %  2011               5.00          127.91           7.4044
 00017  11.50 %  2011               5.00          127.91           7.4044
 00017  11.50 %  2011               5.00          127.94           7.4007
 00017  11.50 %  2011               5.00          128.00           7.3933
 00017  11.50 %  2011               5.00          127.93           7.4020
 00017  11.50 %  2011               5.00          127.92           7.4032
 00017  11.50 %  2011               5.00          128.00           7.3933
 00017  11.50 %  2011              10.00          127.93           7.4020
 00017  11.50 %  2011               5.00          128.00           7.3933
 00012  11.03 %  2012               5.00          125.65           7.4254
 00012  11.03 %  2012               5.00          125.55           7.4374
 00012  11.03 %  2012               5.00          125.50           7.4434
 00012  11.03 %  2012               5.00          125.55           7.4374
 00012  11.03 %  2012               5.00          125.50           7.4434
 00012  11.03 %  2012               5.00          125.65           7.4254
 00012  11.03 %  2012               5.00          125.57           7.4350
 00012  11.03 %  2012               5.00          125.65           7.4254
 00012  11.03 %  2012               5.00          125.34           7.4627
 00012  11.03 %  2012               5.00          125.40           7.4555
 00012  11.03 %  2012               5.00          125.50           7.4434
 00012  11.03 %  2012               5.00          125.45           7.4495
 00012  11.03 %  2012               5.00          125.40           7.4555
 00012  11.03 %  2012               5.00          125.52           7.4410
 00012  11.03 %  2012               5.00          125.45           7.4495
 00012  11.03 %  2012               5.00          125.50           7.4434
7 00012  11.03 %  2012               5.00          125.50           7.4434
 00012  11.03 %  2012               5.00          125.50           7.4434
 00012  11.03 %  2012               5.00          125.40           7.4555
 00012  11.03 %  2012               5.00          125.52           7.4410
 00012  11.03 %  2012              10.00          125.47           7.4470
 00012  11.03 %  2012               5.00          125.47           7.4470
 00012  11.03 %  2012               5.00          125.50           7.4434
 00012  11.03 %  2012               2.50          100.00          11.0244
 00012  11.03 %  2012               5.00          125.41           7.4543
 00012  11.03 %  2012              10.00          125.41           7.4543
 00012  11.03 %  2012               5.00          125.48           7.4458
 00012  11.03 %  2012               5.00          125.50           7.4434
 00012  11.03 %  2012               5.00          125.53           7.4398
 00012  11.03 %  2012               5.00          125.52           7.4410
 00012  11.03 %  2012               5.00          125.39           7.4567
 00012  11.03 %  2012               5.00          125.48           7.4458
 00012  11.03 %  2012               5.00          125.50           7.4434
 00012  11.03 %  2012               5.00          125.50           7.4434
 00012  11.03 %  2012               5.00          125.49           7.4446
 00012  11.03 %  2012               5.00          125.50           7.4434
 00012  11.03 %  2012               5.00          125.40           7.4555
 00012  11.03 %  2012               5.00          125.50           7.4434
 00012  11.03 %  2012               5.00          125.45           7.4495
 01009   9.40 %  2012               5.00          114.11           7.4359
 01009   9.40 %  2012               5.00          114.08           7.4397
 01009   9.40 %  2012               0.10          114.50           7.3863
 01009   9.40 %  2012              20.00          114.08           7.4397
 01009   9.40 %  2012               5.00          114.13           7.4333
 01009   9.40 %  2012               0.30          114.25           7.4181
 01009   9.40 %  2012               0.13          114.50           7.3863
 01009   9.40 %  2012              20.00          114.10           7.4372
 01005   9.81 %  2013               5.00          117.25           7.5018
 01005   9.81 %  2013               5.00          117.30           7.4958
 01005   9.81 %  2013               5.00          117.25           7.5018
 01005   9.81 %  2013               5.00          117.30           7.4958
 01005   9.81 %  2013               5.00          117.25           7.5018
 01005   9.81 %  2013               5.00          117.30           7.4958
 01005   9.81 %  2013               5.00          117.18           7.5102
 01005   9.81 %  2013               5.00          117.25           7.5018
 01005   9.81 %  2013               5.00          117.30           7.4958
 01005   9.81 %  2013               5.00          117.25           7.5018
 01005   9.81 %  2013              10.00          117.10           7.5198
 01005   9.81 %  2013               5.00          117.30           7.4958
 01005   9.81 %  2013               5.00          117.23           7.5042
 01005   9.81 %  2013               5.00          117.19           7.5090
 01005   9.81 %  2013               5.00          117.24           7.5030
 01005   9.81 %  2013               5.00          117.24           7.5030
 01005   9.81 %  2013               5.00          117.20           7.5078
 01005   9.81 %  2013               5.00          117.18           7.5102
 01005   9.81 %  2013               5.00          117.23           7.5042
 01005   9.81 %  2013               0.50          117.22           7.5054
 01005   9.81 %  2013               5.00          117.20           7.5078
 01005   9.81 %  2013              10.00          117.22           7.5054
 01005   9.81 %  2013               5.00          117.25           7.5018
 01005   9.81 %  2013               5.00          117.25           7.5018
8 01005   9.81 %  2013               5.00          117.23           7.5042
 01005   9.81 %  2013               5.00          117.22           7.5054
 01005   9.81 %  2013               5.00          117.25           7.5018
 01005   9.81 %  2013               5.00          117.25           7.5018
 01005   9.81 %  2013               5.00          117.23           7.5042
 01005   9.81 %  2013               5.00          117.22           7.5054
 01005   9.81 %  2013               5.00          117.25           7.5018
 01005   9.81 %  2013               5.00          117.20           7.5078
 01005   9.81 %  2013               5.00          117.24           7.5030
 01005   9.81 %  2013               5.00          117.23           7.5042
 01005   9.81 %  2013              25.00          117.195          7.5084
 01005   9.81 %  2013              25.00          117.20           7.5078
 99020  11.83 %  2014               5.00          130.550          7.9513
 99020  11.83 %  2014               5.00          130.550          7.9513
 99020  11.83 %  2014               0.10          131.00           7.9041
 99020  11.83 %  2014               5.00          130.520          7.9544
 99020  11.83 %  2014               5.00          130.53           7.9534
 99020  11.83 %  2014               5.00          130.53           7.9534
 85007  11.50 %  2015               1.60          128.90           7.9218
 85007  11.50 %  2015               1.00          128.60           7.9529
 00015  11.43 %  2015               1.00          129.25           7.8552
 01011   9.85 %  2015               5.00          119.18           7.5633
 01011   9.85 %  2015              10.00          119.20           7.5612
 01011   9.85 %  2015              10.00          119.20           7.5612
 01011   9.85 %  2015              10.00          119.15           7.5665
 01011   9.85 %  2015               5.00          119.10           7.5718
 01011   9.85 %  2015               5.00          119.15           7.5665
 01011   9.85 %  2015               5.00          119.25           7.5560
 01011   9.85 %  2015               5.00          119.20           7.5612
 01011   9.85 %  2015               0.50          119.43           7.5370
 01011   9.85 %  2015               5.00          119.15           7.5665
 01011   9.85 %  2015               0.169         119.15           7.5665
 01011   9.85 %  2015              10.00          119.25           7.5560
 01011   9.85 %  2015               5.00          119.10           7.5718
 01011   9.85 %  2015              10.00          119.00           7.5823
 01011   9.85 %  2015               5.00          119.15           7.5665
 01011   9.85 %  2015               5.00          119.16           7.5655
 01011   9.85 %  2015               0.10          119.23           7.5581
 01011   9.85 %  2015               5.00          119.02           7.5802
 01011   9.85 %  2015               5.00          119.15           7.5665
 01011   9.85 %  2015               1.00          119.10           7.5718
 01011   9.85 %  2015               5.00          119.15           7.5665
 01011   9.85 %  2015               5.00          119.18           7.5633
 01011   9.85 %  2015               5.00          119.15           7.5665
 01011   9.85 %  2015               0.50          119.48           7.5318
 01011   9.85 %  2015               5.00          119.17           7.5644
 01011   9.85 %  2015               5.00          119.17           7.5644
 01011   9.85 %  2015               5.00          119.18           7.5633
 01011   9.85 %  2015               5.00          119.16           7.5655
 01011   9.85 %  2015               5.00          119.20           7.5612
 01011   9.85 %  2015               5.00          119.16           7.5655
 01011   9.85 %  2015               5.00          119.30           7.5507
 01011   9.85 %  2015               5.00          119.12           7.5697
 01011   9.85 %  2015               5.00          119.17           7.5644
 01003  10.71 %  2016               5.00          125.00           7.7583
9 01003  10.71 %  2016               5.00          125.00           7.7583
 01003  10.71 %  2016               5.00          125.20           7.7382
 02001   8.07 %  2017               2.00          105.90           7.4055
 02001   8.07 %  2017               5.00          105.90           7.4055
 02001   8.07 %  2017               0.05          106.15           7.3786
 02001   8.07 %  2017               1.00          105.90           7.4055
 02001   8.07 %  2017               1.00          106.25           7.3679
 02001   8.07 %  2017               0.50          106.21           7.3722
 02001   8.07 %  2017               0.50          106.19           7.3743
 02001   8.07 %  2017               0.50          106.25           7.3679
 02001   8.07 %  2017               0.50          106.19           7.3743
 02001   8.07 %  2017               5.00          105.85           7.4109
 02001   8.07 %  2017               0.50          105.85           7.4109
 02001   8.07 %  2017               0.50          106.00           7.3947
 02001   8.07 %  2017               0.50          105.05           7.4977
 02001   8.07 %  2017               0.50          106.02           7.3926
 02001   8.07 %  2017               0.25          106.10           7.3840
 02001   8.07 %  2017               0.55          105.97           7.3980
 02001   8.07 %  2017               5.00          105.85           7.4109
 02001   8.07 %  2017               2.50          106.00           7.3947
 02001   8.07 %  2017               0.50          106.00           7.3947
 02001   8.07 %  2017               1.90          106.15           7.3786
 02001   8.07 %  2017               5.00          105.82           7.4142
 00008  10.70 %  2020               0.08          126.00           7.9615
 01006  10.25 %  2021              10.00          121.90           7.9963
 01006  10.25 %  2021               5.00          121.90           7.9963
 01006  10.25 %  2021               5.00          121.905          7.9959
 01010  10.18 %  2026               5.00          121.96           8.1027
 01010  10.18 %  2026               5.00          121.95           8.1035
 01010  10.18 %  2026               5.00          122.00           8.0995
     Total                       2711.999
B. State Government Securities
          Contract Date : March 21, 2002
 95206 14.00% GUJARAT S.D.L.
       2005                         0.0222        118.75          7.2610
 95206 14.00% GUJARAT S.D.L.
       2005                         0.0675        118.75          7.2610
 96217 13.85% MAHARASHTRA SDL
       2006                         0.10          121.45          7.7050
 97258 12.30%KERALA STATE
       DEVELOPMENT LOAN 2007        0.0178        118.45          8.0998
 01253 9.40 % GUJARAT
       GOVT.STOCK,2009              5.00          108.03          7.9380
 01224 10.53% KERALA GOVT STOCK
       2011                         5.00          115.75          8.0488
 01258 9.40% PUNJAB GOVT. STOCK
       2011                         2.8641        108.90          8.0353
 01258 9.40% PUNJAB GOVT. STOCK
       2011                         0.50          110.50          7.8058
 01258 9.40% PUNJAB GOVT. STOCK
       2011                         1.00          109.30          7.9775
 01258 9.40% PUNJAB GOVT. STOCK
       2011                        10.00          110.45          7.8129
 02228 7.80% KARNATAKA S.D.L
10       2012                         0.25          101.25          7.6171
 02228 7.80% KARNATAKA S.D.L
       2012                         0.75          101.25          7.6171
 02243 8.00% MAHARASHTRA SDL
       2012                         1.00          101.45          7.7878
 02243 8.00% MAHARASHTRA SDL
       2012                         4.00          101.02          7.8502
 02243 8.00% MAHARASHTRA SDL
       2012                         0.50          101.60          7.7662
 02243 8.00% MAHARASHTRA SDL
       2012                         0.20          101.75          7.7445
          Contract Date : March 22, 2002
 94223 12.50% TAMILNADU SDL 2004    0.016         111.25          6.6426
 97247 13.05% TAMILNADU LOAN
       2007                         0.50          120.15          8.1423
 98212 12.15% MAHARASHTRA SDL
       2008                         2.85          118.85          8.1521
 98237 12.50% MAHARASHTRA
       SDL,2008                     0.55          121.25          8.2376
 99205 12.25% ANDHRA PRADESH SDL
       2009                         0.3195        124.20          7.7430
 89229 11.50% WEST BENGAL 2009      0.04          119.10          8.0102
 99234 11.85% GUJRAT SDL 2009       0.50          116.00          8.8709
 00225 10.52% MAHARASHTRA SDL
       2010                         1.00          117.00          7.6599
 00225 10.52% MAHARASHTRA SDL
       2010                         5.00          114.80          7.9980
 01238 10.35% MAHARASHTRA SDL
       2011                         2.1935        113.50          8.2158
 01258 9.40% PUNJAB GOVT. STOCK
       2011                         5.00          109.85          7.8982
 01287 8.37% ANDHRA PRADESH SDL
       2011 (ON TAP)                5.00          103.90          7.7885
 02207 8.30% GUJRAT SDL 2012        5.00          104.35          7.6606
 02201 8.30% ANDHRA PRADESH SDL
       2012                         2.00          103.05          7.8472
 02228 7.80% KARNATAKA S.D.L
       2012                         5.00          101.25          7.6170
 02228 7.80% KARNATAKA S.D.L
       2012                         0.25          101.25          7.6170
 02228 7.80% KARNATAKA S.D.L
       2012                         0.50          101.25          7.6170
 02228 7.80% KARNATAKA S.D.L
       2012                         1.10          101.25          7.6170
 02228 7.80% KARNATAKA S.D.L
       2012                         0.25          101.25          7.6170
 02251 8.00% T.N. SDL 2012          3.5666        101.50          7.7805
 02243 8.00% MAHARASHTRA SDL
       2012                         0.9229        101.58          7.7689
 02229 8.00% A.P. SDL 2012          0.25          102.10          7.6941
 02240 8.00% KARNATAKA SDL 2012     0.25          100.00          7.9995
 02229 8.00% A.P. SDL 2012          0.25          100.00          7.9995
 02243 8.00% MAHARASHTRA SDL
       2012                         0.25          100.00          7.9995
 02229 8.00% A.P. SDL 2012          0.1279        100.00          7.9995
11 02243 8.00% MAHARASHTRA SDL
       2012                         1.00          101.40          7.7950
 02243 8.00% MAHARASHTRA SDL
       2012                         0.50          102.05          7.7013
 02243 8.00% MAHARASHTRA SDL
       2012                         0.50          102.05          7.7013
 02243 8.00% MAHARASHTRA SDL
       2012                         0.25          102.05          7.7013
 02240 8.00% KARNATAKA SDL 2012     0.4151        101.70          7.7516
 02229 8.00% A.P. SDL 2012          0.25          102.10          7.6941
 02243 8.00% MAHARASHTRA SDL
       2012                         2.00          101.00          7.8530
 02229 8.00% A.P. SDL 2012          2.00          101.00          7.8530
 02234 8.00% GOA SDL 2012           0.25          100.00          7.9995
     Total                         81.1231
C. Treasury Bills
   (i) 14 Day Bills (Maturity-wise)
       (DD/MM/YYYY)
                                           NIL
   (ii) 91 Day Bills (Maturity-wise)
       (DD/MM/YYYY)
          Contract Date : March 21, 2002
        12/04/2002                  0.32           99.6560         5.7113
        12/04/2002                  0.02           99.6560         5.7113
        12/04/2002                  0.005          99.6560         5.7113
        10/05/2002                  7.00           99.1944         5.9124
        10/05/2002                  5.00           99.1944         5.9124
        10/05/2002                  5.00           99.1944         5.9124
          Contract Date : March 22, 2002
        12/04/2002                  0.12           99.6560         5.9832
        26/04/2002                 22.25           99.4213         6.0535
        26/04/2002                  6.50           99.4200         6.0672
        10/05/2002                 15.00           99.1900         6.0663
        14/06/2002                  6.50           98.6357         5.9937
     Total                         67.715
   (iii) 182 Day Bills (Maturity-wise)
       (DD/MM/YYYY)
                                           NIL
   (iv) 364 Day Bills (Maturity-wise)
       (DD/MM/YYYY)
          Contract Date : March 22, 2002
        08/04/2002                 20.00           99.7199         6.0143
        18/04/2002                  1.305          99.5581         5.9839
        17/05/2002                  0.06           99.1255         5.7344
        31/05/2002                  5.00           98.8400         6.1028
        28/06/2002                 15.00           98.3886         6.0832
        12/07/2002                  0.09           98.2366         5.8339
        26/07/2002                  0.08           98.0205         5.8340
        18/10/2002                 10.00           96.5900         6.1193
        10/01/2003                 10.00           95.2700         6.1469
        10/01/2003                 10.00           95.2700         6.1469
        10/01/2003                 10.00           95.2700         6.1469
        10/01/2003                 10.00           95.2700         6.1469
12        10/01/2003                 10.00           95.2700         6.1469
        10/01/2003                 10.00           95.2700         6.1469
        21/03/2003                 25.00           94.2080         6.1481
        21/03/2003                 25.00           94.2080         6.1481
        21/03/2003                  7.00           94.2124         6.1431
     Total                        168.535
II.  REPO Transactions *
    (Other than with RBI)
---------------------------------------------------------------------------
 Loan  Nomenclature                Amount      Price *   Repo Rate   Repo
 Code                            (Face Value) Per Rs.100   (%pa)    Period
                                 (in Rs.Crore) Nominal              (Days)
           (1)                      (2)          (3)        (4)      (5)
---------------------------------------------------------------------------
A. Government of India Dated Securities
 87006  11.00 %  2002              15.00      100.65        6.00       1
 95005  13.80 %  2002              15.00      102.00        5.75       4
 97011  11.15 %  2002              20.00      102.10        6.15       4
 97011  11.15 %  2002              20.00      102.10        6.15       4
 97011  11.15 %  2002              20.00      102.10        6.15       4
 97011  11.15 %  2002              18.00      102.10        6.15       4
 98020  11.78 %  2003               5.00      107.30        6.20       4
 98020  11.78 %  2003               5.00      107.30        6.20       4
 98020  11.78 %  2003               5.00      107.30        6.20       4
 98020  11.78 %  2003               5.00      107.30        6.20       4
 98020  11.78 %  2003               5.00      107.30        6.20       4
 98020  11.78 %  2003               5.00      107.30        6.20       4
 98020  11.78 %  2003               5.00      107.30        6.20       4
 98020  11.78 %  2003               5.00      107.30        6.20       4
 98020  11.78 %  2003               5.00      107.30        6.20       4
 00007   9.90 %  2005              10.00      109.40        6.00       1
 00007   9.90 %  2005              10.00      109.40        6.00       1
 00007   9.90 %  2005              10.00      109.40        6.00       1
 00007   9.90 %  2005              10.00      109.40        6.00       1
 00007   9.90 %  2005              10.00      109.40        6.00       1
 00007   9.90 %  2005              10.00      109.40        6.00       1
 00007   9.90 %  2005              10.00      109.40        6.00       1
 00007   9.90 %  2005              10.00      109.40        6.00       1
 00007   9.90 %  2005              10.00      109.40        6.00       1
 00007   9.90 %  2005              10.00      109.40        6.00       1
 97010  11.19 %  2005              10.00      114.25        6.15       4
 97010  11.19 %  2005              12.00      114.25        6.05       1
 97010  11.19 %  2005              40.00      114.25        5.95       1
 95012  14.00 %  2005(INSTALM      80.00      120.00        6.05       1
 00013  11.00 %  2006              15.00      116.40        6.15       1
 00013  11.00 %  2006              15.00      116.40        6.15       1
 00013  11.00 %  2006              15.00      116.40        6.15       1
 00013  11.00 %  2006              25.00      116.35        6.00       4
 97002  13.05 %  2007              20.00      125.25        6.30       4
 98009  11.90 %  2007              10.00      122.25        5.95       4
 98009  11.90 %  2007              25.00      122.25        6.00       1
 87011  11.50 %  2007              50.00      121.00        6.00       4
 87011  11.50 %  2007              50.00      121.00        6.00       4
 87011  11.50 %  2007              50.00      121.00        6.00       4
13 87011  11.50 %  2007              50.00      121.00        6.00       4
 00016  11.40 %  2008              20.00      122.80        6.20       4
 00016  11.40 %  2008              30.00      122.80        6.25       4
 00016  11.40 %  2008              25.00      122.60        6.30       4
 00016  11.40 %  2008              50.00      122.80        6.10       4
 00016  11.40 %  2008              25.00      122.80        6.00       4
 00016  11.40 %  2008              25.00      122.80        6.00       4
 01013   6.99 %  2009              20.00      100.00        5.90       1
 01013   6.99 %  2009             100.00      100.00        5.90       6
 01013   6.99 %  2009             100.00      100.00        5.90       6
 01013   6.99 %  2009             100.00      100.00        5.90       6
 01013   6.99 %  2009             100.00      100.00        5.90       6
 01013   6.99 %  2009             100.00      100.00        5.90       6
 01013   6.99 %  2009             100.00      100.00        5.90       6
 01013   6.99 %  2009             100.00      100.00        5.90       6
 01013   6.99 %  2009             100.00      100.00        5.90       6
 01013   6.99 %  2009             100.00      100.00        5.90       6
 01013   6.99 %  2009             100.00      100.00        5.90       6
 01013   6.99 %  2009              35.00      100.00        5.90       6
 01013   6.99 %  2009             200.00      100.00        6.25       4
 00014  11.30 %  2010              11.75      124.40        6.40       4
 00014  11.30 %  2010              15.00      124.40        6.50       4
 00014  11.30 %  2010              15.00      124.40        6.50       4
 00014  11.30 %  2010              10.00      124.40        6.15       4
 00014  11.30 %  2010              10.00      124.40        6.15       4
 00014  11.30 %  2010               5.00      124.40        6.50       4
 00014  11.30 %  2010              15.00      124.40        6.50       4
 99005  12.32 %  2011               5.00      131.00        5.90       5
 99005  12.32 %  2011               5.00      131.00        5.90       5
 99005  12.32 %  2011               5.00      131.00        5.90       5
 99005  12.32 %  2011               5.00      131.00        5.90       5
 99005  12.32 %  2011               5.00      131.00        5.90       5
 99005  12.32 %  2011               5.00      131.00        5.90       5
 99005  12.32 %  2011               5.00      131.00        5.90       5
 99005  12.32 %  2011               5.00      131.00        5.90       5
 99005  12.32 %  2011               5.00      131.00        5.90       5
 99005  12.32 %  2011               5.00      131.00        5.90       5
 00010  10.95 %  2011              80.00      121.90        6.25       1
 00010  10.95 %  2011              10.50      122.50        6.10       4
 00017  11.50 %  2011              50.00      127.85        6.25       4
 00012  11.03 %  2012              15.00      125.55        6.10       4
 01009   9.40 %  2012              15.00      114.00        6.10       4
 01005   9.81 %  2013              15.00      117.30        6.10       4
 99019  12.30 %  2016               5.00      135.50        6.40      28
 99019  12.30 %  2016               5.00      135.50        6.40      28
 99019  12.30 %  2016               5.00      135.50        6.40      28
 99019  12.30 %  2016               5.00      135.50        6.40      28
 99019  12.30 %  2016               5.00      135.50        6.40      28
 99019  12.30 %  2016               5.00      135.50        6.40      28
 99019  12.30 %  2016               5.00      135.50        6.40      28
 99019  12.30 %  2016               5.00      135.50        6.40      28
 99019  12.30 %  2016               5.00      135.50        6.40      28
 99019  12.30 %  2016               5.00      135.50        6.40      28
 99019  12.30 %  2016               5.00      136.00        6.00       1
 99019  12.30 %  2016               7.00      136.00        6.00       1
14 99019  12.30 %  2016              10.00      136.00        6.05       4
 99019  12.30 %  2016              10.00      136.00        6.05       4
 02001   8.07 %  2017              50.00      105.85        6.00       4
 02001   8.07 %  2017              25.00      105.85        6.00       4
 02001   8.07 %  2017             140.00      106.00        6.05       4
 01006  10.25 %  2021              25.00      121.50        6.65       4
 01006  10.25 %  2021              25.00      121.50        6.65       4
 01006  10.25 %  2021              25.00      121.50        6.65       4
 01006  10.25 %  2021              25.00      121.50        6.65       4
 01006  10.25 %  2021              25.00      121.50        6.65       4
     Total                       2889.25
B. State Government Securities
                                           NIL
C. Treasury Bills
   (i) 14 Day Bills (Maturity-wise)
      (DD/MM/YYYY)
                                           NIL
   (ii) 91 Day Bills (Maturity-wise)
      (DD/MM/YYYY)
                                           NIL
   (iii) 182 Day Bills (Maturity-wise)
      (DD/MM/YYYY)
                                           NIL
   (iv) 364 Day Bills (Maturity-wise)
       (DD/MM/YYYY)
        26/07/2002                 13.00       97.9708      6.15       4
        09/08/2002                  7.00       97.7504      6.15       4
        04/10/2002                 20.00       96.8535      6.15       4
        04/10/2002                 20.00       96.8535      6.15       4
        18/10/2002                 20.00       96.6631      6.20       4
        01/11/2002                 25.00       96.4486      6.15       1
     Total                        105.00
-----------------------------------------------------------------------------
--
  * Relate to the first leg of Repos
  # YTM(indicative) will depend upon assumed rate of inflation
Date :  22 March 2002
15