Subsidiary General Ledger Account Transactions
in Government Dated Securities and Treasury Bills
at RBI, Mumbai on 24 June 2002
---------------------------------------------------------------------------
 Loan  Nomenclature              Amount           Price *        YTM %
 Code                            (Face Value)     Per Rs.100   Indicative
                                 (in Rs.Crore)    nominal
---------------------------------------------------------------------------
I.  Outright Transactions
A.Government of India Dated Securities
          Contract Date : June 22, 2002
 00017  11.50 %  2011               5.00          124.91           7.7273
 02009   7.40 %  2012               5.00           98.40           7.6318
 02009   7.40 %  2012               5.00           98.40           7.6318
 02009   7.40 %  2012               0.25           98.38           7.6347
 00015  11.43 %  2015               0.15          124.65           8.3076
          Contract Date : June 24, 2002
 94010  11.55 %  2002               2.83          101.92           6.4659
 94003  12.50 %  2004               5.00          109.06           6.8911
 94003  12.50 %  2004               5.00          109.10           6.8679
 97007  12.59 %  2004               5.00          110.09           7.0479
 97007  12.59 %  2004              10.00          110.09           7.0479
 96009  13.85 %  2006(INSTA         0.03          119.80           7.9717
 97002  13.05 %  2007              10.00          123.45           7.2063
 98007  12.00 %  2008              15.00          120.00           7.6889
 98007  12.00 %  2008              20.00          120.00           7.6889
 98007  12.00 %  2008              10.00          120.00           7.6889
 98007  12.00 %  2008              15.00          119.90           7.7081
 98007  12.00 %  2008               5.00          119.90           7.7081
 98007  12.00 %  2008               5.00          119.90           7.7081
 98007  12.00 %  2008               0.03          121.66           7.3736
 88008  11.50 %  2008               5.00          117.50           7.7516
 00016  11.40 %  2008               5.00          119.30           7.4450
 00016  11.40 %  2008               5.00          119.31           7.4432
 00016  11.40 %  2008               5.00          119.31           7.4432
 00016  11.40 %  2008               5.00          119.30           7.4450
 00016  11.40 %  2008               5.00          119.30           7.4450
 00016  11.40 %  2008               5.00          119.28           7.4487
 00016  11.40 %  2008               5.00          119.30           7.4450
 00016  11.40 %  2008               5.00          119.27           7.4505
 00016  11.40 %  2008               5.00          119.28           7.4487
 00016  11.40 %  2008               5.00          119.27           7.4505
 00016  11.40 %  2008               5.00          119.31           7.4432
 00016  11.40 %  2008               5.00          119.27           7.4505
 00016  11.40 %  2008               5.00          119.27           7.4505
 00016  11.40 %  2008               5.00          119.27           7.4505
 00016  11.40 %  2008               5.00          119.27           7.4505
 98023  12.25 %  2008               5.00          122.10           7.6980
 98023  12.25 %  2008               5.00          122.05           7.7070
 89009  11.50 %  2009               5.00          119.10           7.8547
 99004  12.29 %  2010              10.00          124.05           8.0010 99004  12.29 %  2010               5.00          124.28           7.9654
 02010   7.55 %  2010               5.00          100.40           7.4799
 02010   7.55 %  2010               5.00          100.32           7.4935
 02010   7.55 %  2010               5.00          100.32           7.4935
 02010   7.55 %  2010               5.00          100.30           7.4969
 02010   7.55 %  2010               5.00          100.32           7.4935
 02010   7.55 %  2010               5.00          100.33           7.4918
 98015  12.25 %  2010              25.00          124.58           8.0334
 98015  12.25 %  2010              10.00          124.55           8.0379
 00014  11.30 %  2010               5.00          120.80           7.7853
 00014  11.30 %  2010               5.00          120.65           7.8077
 99005  12.32 %  2011              10.00          126.10           8.0516
 99005  12.32 %  2011              10.00          126.00           8.0656
 99005  12.32 %  2011              15.00          126.00           8.0656
 99005  12.32 %  2011              10.00          126.10           8.0516
 01007   9.39 %  2011               5.00          110.28           7.7824
 00017  11.50 %  2011               5.00          124.72           7.7507
 00017  11.50 %  2011               5.00          124.86           7.7324
 00017  11.50 %  2011               5.00          124.85           7.7337
 00017  11.50 %  2011               5.00          124.81           7.7389
 00017  11.50 %  2011               5.00          124.80           7.7402
 00017  11.50 %  2011               5.00          124.795          7.7409
 00017  11.50 %  2011               5.00          124.80           7.7402
 00017  11.50 %  2011              10.00          124.905          7.7265
 00017  11.50 %  2011               5.00          124.80           7.7402
 02009   7.40 %  2012               5.00           98.34           7.6407
 02009   7.40 %  2012               5.00           98.35           7.6392
 02009   7.40 %  2012               5.00           98.33           7.6422
 02009   7.40 %  2012               5.00           98.30           7.6466
 02009   7.40 %  2012               5.00           98.31           7.6451
 02009   7.40 %  2012               5.00           98.33           7.6422
 02009   7.40 %  2012               5.00           98.35           7.6392
 02009   7.40 %  2012               5.00           98.31           7.6451
 02009   7.40 %  2012               5.00           98.30           7.6466
 02009   7.40 %  2012               5.00           98.30           7.6466
 02009   7.40 %  2012               5.00           98.31           7.6451
 02009   7.40 %  2012               5.00           98.34           7.6407
 02009   7.40 %  2012               5.00           98.34           7.6407
 02009   7.40 %  2012               5.00           98.35           7.6392
 02009   7.40 %  2012               5.00           98.40           7.6318
 02009   7.40 %  2012              15.00           98.35           7.6392
 02009   7.40 %  2012               5.00           98.35           7.6392
 02009   7.40 %  2012               5.00           98.32           7.6436
 02009   7.40 %  2012               5.00           98.32           7.6436
 02009   7.40 %  2012               5.00           98.30           7.6466
 02009   7.40 %  2012               5.00           98.33           7.6422
 02009   7.40 %  2012               5.00           98.33           7.6422
 02009   7.40 %  2012               5.00           98.33           7.6422
 02009   7.40 %  2012               5.00           98.33           7.6422
 02009   7.40 %  2012               5.00           98.26           7.6525
 02009   7.40 %  2012               0.50           98.26           7.6525
 02009   7.40 %  2012               5.00           98.30           7.6466
 02009   7.40 %  2012               5.00           98.29           7.6481
 02009   7.40 %  2012               5.00           98.33           7.6422
 02009   7.40 %  2012               5.00           98.28           7.6496
 02009   7.40 %  2012               0.50           98.37           7.6363
 02009   7.40 %  2012               5.00           98.31           7.6451 02009   7.40 %  2012               5.00           98.28           7.6496
 02009   7.40 %  2012               5.00           98.28           7.6496
 02009   7.40 %  2012               0.50           98.33           7.6422
 02009   7.40 %  2012               5.00           98.27           7.6510
 02009   7.40 %  2012               5.00           98.32           7.6436
 02009   7.40 %  2012               5.00           98.28           7.6496
 02009   7.40 %  2012               5.00           98.31           7.6451
 02009   7.40 %  2012               5.00           98.28           7.6496
 02009   7.40 %  2012               5.00           98.28           7.6496
 02009   7.40 %  2012               1.00           98.40           7.6318
 02009   7.40 %  2012               5.00           98.26           7.6525
 02009   7.40 %  2012               5.00           98.28           7.6496
 02009   7.40 %  2012               5.00           98.26           7.6525
 02009   7.40 %  2012               5.00           98.30           7.6466
 02009   7.40 %  2012               0.60           98.38           7.6348
 02009   7.40 %  2012               5.00           98.31           7.6451
 02009   7.40 %  2012               5.00           98.29           7.6481
 02009   7.40 %  2012               5.00           98.29           7.6481
 02009   7.40 %  2012               5.00           98.38           7.6348
 00012  11.03 %  2012               5.00          122.10           7.8165
 00012  11.03 %  2012               5.00          122.10           7.8165
 00012  11.03 %  2012               5.00          122.12           7.8139
 00012  11.03 %  2012               5.00          122.10           7.8165
 00012  11.03 %  2012               5.00          122.10           7.8165
 00012  11.03 %  2012               5.00          122.10           7.8165
 00012  11.03 %  2012               5.00          122.10           7.8165
 00012  11.03 %  2012               5.00          122.12           7.8139
 00012  11.03 %  2012               5.00          122.11           7.8152
 00012  11.03 %  2012               5.00          122.11           7.8152
 00012  11.03 %  2012               5.00          122.11           7.8152
 00012  11.03 %  2012               5.00          122.10           7.8165
 00012  11.03 %  2012               5.00          122.09           7.8178
 00012  11.03 %  2012               5.00          122.09           7.8178
 00012  11.03 %  2012              10.00          122.09           7.8178
 00012  11.03 %  2012               5.00          122.08           7.8190
 00012  11.03 %  2012               5.00          122.08           7.8190
 00012  11.03 %  2012               5.00          122.10           7.8165
 00012  11.03 %  2012               5.00          122.10           7.8165
 00012  11.03 %  2012               5.00          122.10           7.8165
 00012  11.03 %  2012               5.00          122.09           7.8178
 00012  11.03 %  2012               5.00          122.09           7.8178
 01005   9.81 %  2013               5.00          114.515          7.8101
 01005   9.81 %  2013               5.00          114.42           7.8221
 01005   9.81 %  2013               5.00          114.40           7.8246
 01005   9.81 %  2013               5.00          114.40           7.8246
 01005   9.81 %  2013               5.00          114.42           7.8221
 01005   9.81 %  2013               5.00          114.42           7.8221
 01005   9.81 %  2013               5.00          114.43           7.8208
 01005   9.81 %  2013               5.00          114.40           7.8246
 01005   9.81 %  2013               5.00          114.39           7.8258
 01005   9.81 %  2013               5.00          114.41           7.8233
 01005   9.81 %  2013               5.00          114.44           7.8196
 01005   9.81 %  2013               5.00          114.37           7.8284
 01005   9.81 %  2013               5.00          114.40           7.8246
 01005   9.81 %  2013               5.00          114.38           7.8271
 01005   9.81 %  2013               5.00          114.39           7.8258
 01005   9.81 %  2013               5.00          114.38           7.8271 01005   9.81 %  2013               5.00          114.38           7.8271
 01005   9.81 %  2013               5.00          114.38           7.8271
 01005   9.81 %  2013               5.00          114.37           7.8284
 01005   9.81 %  2013               5.00          114.40           7.8246
 01005   9.81 %  2013              10.00          114.36           7.8296
 01005   9.81 %  2013               5.00          114.31           7.8359
 01005   9.81 %  2013               5.00          114.30           7.8372
 01005   9.81 %  2013               5.00          114.40           7.8246
 01005   9.81 %  2013               5.00          114.32           7.8347
 01005   9.81 %  2013               5.00          114.35           7.8309
 01005   9.81 %  2013               5.00          114.30           7.8372
 01005   9.81 %  2013               5.00          114.32           7.8347
 01005   9.81 %  2013               5.00          114.31           7.8359
 01005   9.81 %  2013               5.00          114.31           7.8359
 01005   9.81 %  2013               5.00          114.32           7.8347
 01005   9.81 %  2013               5.00          114.30           7.8372
 01005   9.81 %  2013               5.00          114.30           7.8372
 01005   9.81 %  2013              10.00          114.32           7.8347
 01005   9.81 %  2013              10.00          114.32           7.8347
 01005   9.81 %  2013               5.00          114.31           7.8359
 01005   9.81 %  2013               5.00          114.32           7.8347
 01005   9.81 %  2013               5.00          114.30           7.8372
 01005   9.81 %  2013               5.00          114.31           7.8359
 01005   9.81 %  2013               5.00          114.37           7.8284
 01005   9.81 %  2013               5.00          114.32           7.8347
 01005   9.81 %  2013               5.00          114.32           7.8347
 01005   9.81 %  2013               5.00          114.30           7.8372
 01005   9.81 %  2013               5.00          114.30           7.8372
 01005   9.81 %  2013               5.00          114.32           7.8347
 01005   9.81 %  2013               5.00          114.32           7.8347
 01005   9.81 %  2013               1.00          114.42           7.8221
 01005   9.81 %  2013              25.00          114.28           7.8397
 01005   9.81 %  2013               1.00          100.00           9.8080
 01005   9.81 %  2013               5.00          114.31           7.8359
 01005   9.81 %  2013               5.00          114.38           7.8271
 01005   9.81 %  2013               5.00          114.36           7.8296
 01005   9.81 %  2013               5.00          114.495          7.8126
 01005   9.81 %  2013               5.00          114.37           7.8284
 01005   9.81 %  2013               5.00          114.33           7.8334
 01005   9.81 %  2013               5.00          114.28           7.8397
 85007  11.50 %  2015               0.18          124.25           8.3867
 85007  11.50 %  2015               0.35          124.25           8.3867
 85007  11.50 %  2015               0.58          124.25           8.3867
 85007  11.50 %  2015               1.00          124.50           8.3592
 00015  11.43 %  2015               2.00          123.24           8.4608
 01011   9.85 %  2015               5.00          114.37           8.0666
 01011   9.85 %  2015               5.00          114.32           8.0722
 01003  10.71 %  2016               5.00          119.95           8.2594
 01003  10.71 %  2016               5.00          119.90           8.2648
 01003  10.71 %  2016               5.00          119.90           8.2648
 01003  10.71 %  2016               5.00          119.90           8.2648
 01003  10.71 %  2016               5.00          119.90           8.2648
 01003  10.71 %  2016               5.00          119.90           8.2648
 01003  10.71 %  2016               5.00          119.82           8.2734
 01003  10.71 %  2016               5.00          119.80           8.2755
 01003  10.71 %  2016               5.00          119.85           8.2701
 01003  10.71 %  2016               5.00          119.90           8.2648 01003  10.71 %  2016               5.00          119.83           8.2723
 01003  10.71 %  2016               5.00          119.84           8.2712
 01003  10.71 %  2016               5.00          119.80           8.2755
 01003  10.71 %  2016               5.00          119.80           8.2755
 01003  10.71 %  2016               5.00          119.85           8.2701
 01003  10.71 %  2016               5.00          119.75           8.2809
 02001   8.07 %  2017               0.50          100.87           7.9670
 02001   8.07 %  2017               0.10          101.09           7.9414
 02001   8.07 %  2017               0.50          100.95           7.9577
 02007   7.49 %  2017               0.13           96.96           7.8386
 98025  12.60 %  2018               0.221         134.65           8.6152
 01010  10.18 %  2026               0.25          116.60           8.5437
     Total                       1169.201
B. State Government Securities
          Contract Date : June 24, 2002
 97230 13.05% GOA SDL 2007          0.02          119.55          8.0899
 00225 10.52% MAHARASHTRA SDL
       2010                         0.10          114.55          7.9827
 01287 8.37% ANDHRA PRADESH SDL
       2011 (ON TAP)                0.25          100.85          8.2389
     Total                          0.37
C. Treasury Bills
   (i) 14 Day Bills (Maturity-wise)
       (DD/MM/YYYY)
                                           NIL
   (ii) 91 Day Bills (Maturity-wise)
       (DD/MM/YYYY)
          Contract Date : June 24, 2002
        09/08/2002                 20.00           99.2073         6.3228
        06/09/2002                  5.00           98.7388         6.2830
        06/09/2002                 36.00           98.7270         6.3425
        13/09/2002                  5.00           98.6082         6.3428
        13/09/2002                 22.00           98.6061         6.3525
        20/09/2002                  6.50           98.4898         6.3425
        20/09/2002                  3.30           98.4851         6.3626
        20/09/2002                  7.50           98.5038         6.2828
     Total                        105.30
   (iii) 182 Day Bills (Maturity-wise)
       (DD/MM/YYYY)
                                           NIL
   (iv) 364 Day Bills (Maturity-wise)
       (DD/MM/YYYY)
          Contract Date : June 22, 2002
        04/10/2002                 15.00           98.2510         6.2305
          Contract Date : June 24, 2002
        28/06/2002                 10.00           99.9343         5.9826
        21/03/2003                  3.75           95.4460         6.4324
        16/05/2003                  1.00          100.0000         0.0000
        16/05/2003                  5.00           94.5131         6.4821
        13/06/2003                  0.50           94.0697         6.4822
     Total                         35.25
II.  REPO Transactions *
    (Other than with RBI)---------------------------------------------------------------------------
 Loan  Nomenclature                Amount      Price *   Repo Rate   Repo
 Code                            (Face Value) Per Rs.100   (%pa)    Period
                                 (in Rs.Crore) Nominal              (Days)
           (1)                      (2)          (3)        (4)      (5)
---------------------------------------------------------------------------
A. Government of India Dated Securities
 97011  11.15 %  2002              25.00      100.80        6.05       1
 97007  12.59 %  2004              25.00      110.05        6.10       7
 97007  12.59 %  2004              50.00      109.85        5.70       1
 97010  11.19 %  2005              15.00      111.45        5.95       3
 97010  11.19 %  2005             120.00      111.45        5.95       1
 97010  11.19 %  2005              25.00      111.50        6.00       2
 97010  11.19 %  2005              25.00      111.50        6.00       2
 00013  11.00 %  2006              15.00      113.40        6.00       2
 00013  11.00 %  2006              15.00      113.40        6.00       2
 01012   6.23 %  2006              50.00      100.00        6.00       2
 01012   6.23 %  2006              50.00      100.00        6.00       2
 01012   6.23 %  2006              50.00      100.00        6.00       2
 01012   6.23 %  2006              25.00      100.00        5.90       1
 01012   6.23 %  2006              50.00      100.00        5.90       1
 01012   6.23 %  2006              50.00      100.00        5.90       1
 01012   6.23 %  2006              30.00      100.00        6.00       2
 01012   6.23 %  2006              45.00      100.00        5.90       1
 01012   6.23 %  2006              50.00      100.00        5.90       1
 01012   6.23 %  2006              15.00      100.00        5.80       1
 01012   6.23 %  2006              10.00      100.00        5.75       1
 98007  12.00 %  2008               5.00      108.00        7.50       1
 00016  11.40 %  2008              20.00      119.30        6.00       2
 00016  11.40 %  2008              20.00      119.30        6.00       2
 00016  11.40 %  2008             125.00      119.30        5.95       1
 00016  11.40 %  2008              25.00      119.30        5.95       1
 02010   7.55 %  2010              25.00      100.30        5.95       1
 00014  11.30 %  2010              50.00      120.75        6.00       2
 00014  11.30 %  2010              25.00      120.75        6.00       3
 00010  10.95 %  2011              80.00      118.90        6.05       1
 00010  10.95 %  2011              25.00      119.25        6.00       3
 01007   9.39 %  2011               8.10      110.10        5.95       1
 01007   9.39 %  2011              30.00      110.20        6.00       8
 01007   9.39 %  2011              30.00      110.20        6.00       8
 00017  11.50 %  2011              50.00      124.95        6.00       1
 02006   6.85 %  2012              25.00       96.00        6.00       5
 02006   6.85 %  2012              10.00       95.00        5.85       1
 02006   6.85 %  2012               5.00       95.00        5.85       1
 02006   6.85 %  2012              10.00       95.00        5.85       1
 02006   6.85 %  2012              10.00       95.00        5.85       1
 00012  11.03 %  2012              65.00      122.20        6.00       1
 01005   9.81 %  2013              20.00      114.40        5.95       1
 01005   9.81 %  2013              20.00      114.40        5.95       1
 00015  11.43 %  2015              20.00      124.00        5.80       3
 01003  10.71 %  2016              45.00      119.80        5.75       1
 01006  10.25 %  2021              25.00      116.75        5.95       1
 01006  10.25 %  2021              10.00      116.75        6.00       1
 01006  10.25 %  2021              20.00      116.75        6.00       7
 01006  10.25 %  2021              20.00      116.75        6.00       7
     Total                       1563.10
B. State Government Securities                                           NIL
C. Treasury Bills
   (i) 14 Day Bills (Maturity-wise)
      (DD/MM/YYYY)
                                           NIL
   (ii) 91 Day Bills (Maturity-wise)
      (DD/MM/YYYY)
        13/09/2002                 20.00       98.6104      5.90       7
     Total                         20.00
   (iii) 182 Day Bills (Maturity-wise)
      (DD/MM/YYYY)
                                           NIL
   (iv) 364 Day Bills (Maturity-wise)
       (DD/MM/YYYY)
        04/10/2002                 10.00       98.2564      5.90       7
        18/10/2002                 20.00       98.0218      5.90       7
        13/12/2002                 35.00       97.0502      5.95       1
        27/12/2002                 80.00       96.8178      6.00       1
     Total                        145.00
-----------------------------------------------------------------------------
--
  * Relate to the first leg of Repos
  # YTM(indicative) will depend upon assumed rate of inflation
Date :  24 June 2002