Subsidiary General Ledger Account Transactions
in Government Dated Securities and Treasury Bills
at RBI, Mumbai on 18 November 2002
---------------------------------------------------------------------------
 Loan  Nomenclature              Amount           Price *        YTM %
 Code                            (Face Value)     Per Rs.100   Indicative
                                 (in Rs.Crore)    nominal
---------------------------------------------------------------------------
I.  Outright Transactions
A.Government of India Dated Securities
          Contract Date : November 15, 2002
 02001   8.07 %  2017              25.00          110.25           6.9215
          Contract Date : November 16, 2002
 01005   9.81 %  2013              10.00          123.40           6.6808
 01011   9.85 %  2015               5.00          125.40           6.8536
 02001   8.07 %  2017              25.00          110.45           6.9004
 02007   7.49 %  2017               1.00          105.60           6.8708
 02014   7.46 %  2017               0.75          105.30           6.8814
 02011   8.35 %  2022               0.75          112.44           7.1566
          Contract Date : November 18, 2002
 94003  12.50 %  2004              10.00          108.72           5.6713
 94003  12.50 %  2004              25.00          108.72           5.6713
 94003  12.50 %  2004              15.00          108.72           5.6713
 99S02  11.24 %  2004             105.00          100.00          11.2227
 97010  11.19 %  2005              10.00          113.40           5.8093
 97010  11.19 %  2005               5.00          113.40           5.8093
 97010  11.19 %  2005               5.00          113.42           5.8019
 87011  11.50 %  2007               0.50          117.85           7.1037
 00016  11.40 %  2008              20.00          125.65           6.0721
 00016  11.40 %  2008               5.00          125.25           6.1441
 00016  11.40 %  2008               5.00          125.40           6.1171
 00016  11.40 %  2008              10.00          125.30           6.1351
 00016  11.40 %  2008               5.00          125.34           6.1279
 00016  11.40 %  2008               5.00          125.35           6.1261
 00016  11.40 %  2008               5.00          125.35           6.1261
 00016  11.40 %  2008               5.00          125.35           6.1261
 00016  11.40 %  2008               5.00          125.30           6.1351
 00016  11.40 %  2008               5.00          125.35           6.1261
 98023  12.25 %  2008               1.00          128.10           6.3779
 02005   6.65 %  2009               5.00          102.00           6.2631
 02005   6.65 %  2009              10.00          102.10           6.2441
 99006  11.99 %  2009               5.00          129.63           6.2827
 99006  11.99 %  2009               5.00          129.63           6.2827
 99006  11.99 %  2009               5.00          129.640          6.2811
 99006  11.99 %  2009               5.00          129.60           6.2876
 99006  11.99 %  2009               5.00          129.63           6.2827
 99006  11.99 %  2009               5.00          129.640          6.2811
 99006  11.99 %  2009               5.00          129.640          6.2811
 99006  11.99 %  2009               5.00          129.63           6.2827
 99006  11.99 %  2009               5.00          129.640          6.2811
 99006  11.99 %  2009              10.00          129.68           6.2745 99006  11.99 %  2009              10.00          129.640          6.2811
 99006  11.99 %  2009               5.00          129.63           6.2827
 99006  11.99 %  2009               5.00          129.640          6.2811
 99006  11.99 %  2009               5.00          129.640          6.2811
 99006  11.99 %  2009              10.00          129.60           6.2876
 99006  11.99 %  2009              10.00          129.62           6.2843
 89009  11.50 %  2009               2.00          124.35           6.7980
 80003   7.50 %  2010               0.45          105.75           6.5166
 80003   7.50 %  2010               5.00          105.05           6.6327
 02010   7.55 %  2010               5.00          100.00           7.5497
 02010   7.55 %  2010               5.00          107.25           6.3197
 02010   7.55 %  2010               5.00          107.27           6.3164
 02010   7.55 %  2010               5.00          107.33           6.3067
 02010   7.55 %  2010              10.00          107.25           6.3197
 02010   7.55 %  2010               5.00          107.25           6.3197
 02010   7.55 %  2010              10.00          107.28           6.3148
 02010   7.55 %  2010               5.00          107.30           6.3115
 02010   7.55 %  2010               5.00          107.25           6.3197
 02010   7.55 %  2010               5.00          107.25           6.3197
 02010   7.55 %  2010               5.00          107.30           6.3115
 02010   7.55 %  2010               5.00          107.37           6.3002
 02010   7.55 %  2010               5.00          107.36           6.3018
 02010   7.55 %  2010               5.00          107.28           6.3148
 02010   7.55 %  2010               5.00          107.24           6.3213
 02010   7.55 %  2010               5.00          107.25           6.3197
 02010   7.55 %  2010              10.00          107.34           6.3050
 02010   7.55 %  2010              10.00          107.25           6.3197
 02010   7.55 %  2010               5.00          107.26           6.3180
 02010   7.55 %  2010               5.00          107.25           6.3197
 02010   7.55 %  2010               5.00          107.29           6.3132
 02010   7.55 %  2010               5.00          107.33           6.3067
 02010   7.55 %  2010               5.00          107.27           6.3164
 02010   7.55 %  2010               5.00          107.30           6.3115
 02010   7.55 %  2010               5.00          107.30           6.3115
 02010   7.55 %  2010               5.00          107.37           6.3002
 02010   7.55 %  2010               5.00          107.37           6.3002
 02010   7.55 %  2010               5.00          107.35           6.3034
 02010   7.55 %  2010               5.00          107.35           6.3034
 02010   7.55 %  2010               5.00          107.33           6.3067
 02010   7.55 %  2010               5.00          107.37           6.3002
 02010   7.55 %  2010               5.00          107.28           6.3148
 02010   7.55 %  2010               5.00          107.40           6.2953
 02010   7.55 %  2010               5.00          107.40           6.2953
 02010   7.55 %  2010               5.00          107.34           6.3050
 02010   7.55 %  2010               5.00          107.28           6.3148
 02010   7.55 %  2010               5.00          107.40           6.2953
 02010   7.55 %  2010               5.00          107.35           6.3034
 02010   7.55 %  2010               5.00          107.35           6.3034
 02010   7.55 %  2010               5.00          107.37           6.3002
 02010   7.55 %  2010               5.00          107.32           6.3083
 02010   7.55 %  2010               5.00          107.35           6.3034
 02010   7.55 %  2010               5.00          107.42           6.2921
 02010   7.55 %  2010               5.00          107.43           6.2904
 02010   7.55 %  2010               5.00          107.45           6.2872
 02010   7.55 %  2010               5.00          107.40           6.2953
 02010   7.55 %  2010               5.00          107.44           6.2888
 02010   7.55 %  2010              10.00          107.39           6.2969 02010   7.55 %  2010               5.00          107.44           6.2888
 02010   7.55 %  2010               5.00          107.43           6.2904
 02010   7.55 %  2010               5.00          107.44           6.2888
 02010   7.55 %  2010               5.00          107.27           6.3164
 02010   7.55 %  2010               2.00          107.30           6.3115
 02010   7.55 %  2010              10.00          107.37           6.3002
 02010   7.55 %  2010               5.00          107.385          6.2977
 90010  11.50 %  2010               0.25          128.25           6.6799
 98015  12.25 %  2010               2.00          132.65           6.7058
 00014  11.30 %  2010              10.00          128.60           6.5118
 00014  11.30 %  2010               5.00          128.90           6.4692
 00014  11.30 %  2010               5.00          128.90           6.4692
 00014  11.30 %  2010               5.00          128.950          6.4621
 00014  11.30 %  2010               5.00          128.980          6.4579
 00014  11.30 %  2010               5.00          128.90           6.4692
 00014  11.30 %  2010               5.00          128.90           6.4692
 00014  11.30 %  2010               5.00          128.980          6.4579
 00014  11.30 %  2010               5.00          128.980          6.4579
 00014  11.30 %  2010               5.00          128.980          6.4579
 00014  11.30 %  2010               5.00          128.980          6.4579
 00014  11.30 %  2010               5.00          128.920          6.4664
 00014  11.30 %  2010               5.00          128.980          6.4579
 99005  12.32 %  2011               5.00          134.40           6.7774
 99005  12.32 %  2011              15.00          134.40           6.7774
 99005  12.32 %  2011              10.00          134.40           6.7774
 99005  12.32 %  2011               5.00          134.39           6.7788
 99005  12.32 %  2011               5.00          134.44           6.7721
 99005  12.32 %  2011               5.00          134.40           6.7774
 99005  12.32 %  2011               5.00          134.45           6.7708
 81005   8.00 %  2011               1.00          107.40           6.8309
 01007   9.39 %  2011               5.00          117.95           6.6220
 01007   9.39 %  2011               5.00          118.09           6.6026
 01007   9.39 %  2011               5.00          118.05           6.6082
 01007   9.39 %  2011               5.00          118.00           6.6151
 01007   9.39 %  2011               5.00          118.05           6.6082
 01007   9.39 %  2011               5.00          118.05           6.6082
 01007   9.39 %  2011               5.00          118.04           6.6096
 01007   9.39 %  2011               5.00          118.08           6.6040
 01007   9.39 %  2011               5.00          118.00           6.6151
 01007   9.39 %  2011               5.00          118.05           6.6082
 01007   9.39 %  2011               5.00          118.06           6.6068
 01007   9.39 %  2011               5.00          118.07           6.6054
 01007   9.39 %  2011               5.00          118.08           6.6040
 01007   9.39 %  2011               5.00          118.075          6.6047
 01007   9.39 %  2011               5.00          118.075          6.6047
 01007   9.39 %  2011               5.00          118.02           6.6123
 01007   9.39 %  2011               5.00          118.04           6.6096
 01007   9.39 %  2011              20.00          118.09           6.6026
 01007   9.39 %  2011               5.00          118.04           6.6096
 01007   9.39 %  2011               5.00          118.07           6.6054
 01007   9.39 %  2011               5.00          118.075          6.6047
 01007   9.39 %  2011               5.00          117.99           6.6165
 01007   9.39 %  2011               5.00          118.60           6.5323
 01007   9.39 %  2011               5.00          118.04           6.6096
 01007   9.39 %  2011               0.50          117.96           6.6206
 01007   9.39 %  2011               5.00          118.04           6.6096
 01007   9.39 %  2011               5.00          118.08           6.6040 01007   9.39 %  2011               5.00          118.07           6.6054
 01007   9.39 %  2011               5.00          118.095          6.6020
 01007   9.39 %  2011               5.00          118.07           6.6054
 01007   9.39 %  2011               5.00          118.11           6.5999
 01007   9.39 %  2011               5.00          118.06           6.6068
 01007   9.39 %  2011               5.00          118.075          6.6047
 01007   9.39 %  2011               5.00          118.09           6.6026
 01007   9.39 %  2011               5.00          118.12           6.5985
 01007   9.39 %  2011               5.00          118.08           6.6040
 01007   9.39 %  2011               5.00          118.065          6.6061
 01007   9.39 %  2011               5.00          118.11           6.5999
 01007   9.39 %  2011               5.00          118.135          6.5964
 01007   9.39 %  2011               5.00          118.06           6.6068
 01007   9.39 %  2011               5.00          118.13           6.5971
 01007   9.39 %  2011               5.00          118.08           6.6040
 01007   9.39 %  2011               5.00          118.13           6.5971
 01007   9.39 %  2011               5.00          118.10           6.6013
 01007   9.39 %  2011               5.00          118.12           6.5985
 01007   9.39 %  2011               0.22          117.90           6.6290
 01007   9.39 %  2011              10.00          118.10           6.6013
 01007   9.39 %  2011              25.00          118.10           6.6013
 00017  11.50 %  2011               5.00          132.35           6.6680
 00017  11.50 %  2011               5.00          132.50           6.6494
 00017  11.50 %  2011               5.00          132.52           6.6469
 00017  11.50 %  2011              10.00          132.53           6.6457
 00017  11.50 %  2011               5.00          132.53           6.6457
 00017  11.50 %  2011              10.00          132.53           6.6457
 00017  11.50 %  2011              10.00          132.41           6.6606
 00017  11.50 %  2011               5.00          132.50           6.6494
 00017  11.50 %  2011              10.00          132.51           6.6481
 00017  11.50 %  2011               5.00          132.515          6.6475
 00017  11.50 %  2011               5.00          132.50           6.6494
 00017  11.50 %  2011               5.00          132.52           6.6469
 00017  11.50 %  2011               5.00          132.50           6.6494
 00017  11.50 %  2011               5.00          132.51           6.6481
 00017  11.50 %  2011               5.00          132.55           6.6432
 00017  11.50 %  2011               5.00          132.50           6.6494
 00017  11.50 %  2011               5.00          132.50           6.6494
 00017  11.50 %  2011              20.00          132.55           6.6432
 00017  11.50 %  2011               5.00          132.55           6.6432
 00017  11.50 %  2011               5.00          132.50           6.6494
 00017  11.50 %  2011              20.00          132.55           6.6432
 00017  11.50 %  2011               5.00          132.55           6.6432
 00017  11.50 %  2011               5.00          132.55           6.6432
 00017  11.50 %  2011               5.00          132.51           6.6481
 00017  11.50 %  2011               5.00          132.48           6.6519
 00017  11.50 %  2011               5.00          132.50           6.6494
 00017  11.50 %  2011               5.00          132.48           6.6519
 00017  11.50 %  2011               5.00          132.50           6.6494
 00017  11.50 %  2011               5.00          132.56           6.6419
 00017  11.50 %  2011               5.00          132.54           6.6444
 00017  11.50 %  2011               5.00          132.555          6.6426
 00017  11.50 %  2011               5.00          132.55           6.6432
 00017  11.50 %  2011               5.00          132.55           6.6432
 00017  11.50 %  2011               5.00          132.57           6.6407
 00017  11.50 %  2011               5.00          132.56           6.6419
 00017  11.50 %  2011              10.00          132.55           6.6432 00017  11.50 %  2011               5.00          132.60           6.6370
 00017  11.50 %  2011               5.00          132.50           6.6494
 00017  11.50 %  2011               5.00          132.50           6.6494
 00017  11.50 %  2011               5.00          132.55           6.6432
 00017  11.50 %  2011               5.00          132.56           6.6419
 00017  11.50 %  2011               5.00          132.52           6.6469
 00017  11.50 %  2011               5.00          132.57           6.6407
 00017  11.50 %  2011               5.00          132.50           6.6494
 00017  11.50 %  2011               5.00          132.55           6.6432
 00017  11.50 %  2011              10.00          132.55           6.6432
 00017  11.50 %  2011              10.00          132.54           6.6444
 00017  11.50 %  2011               5.00          132.54           6.6444
 00017  11.50 %  2011               5.00          132.54           6.6444
 00017  11.50 %  2011               5.00          132.55           6.6432
 00017  11.50 %  2011              25.00          132.45           6.6556
 00017  11.50 %  2011              25.00          132.50           6.6494
 00017  11.50 %  2011               5.00          132.55           6.6432
 02006   6.85 %  2012               5.00          102.00           6.5597
 02006   6.85 %  2012               2.00          102.10           6.5454
 02006   6.85 %  2012               0.25          101.70           6.6026
 02006   6.85 %  2012               0.50          101.72           6.5997
 02006   6.85 %  2012               5.00          101.89           6.5754
 02006   6.85 %  2012               5.00          101.89           6.5754
 02006   6.85 %  2012              10.00          101.90           6.5740
 02006   6.85 %  2012              10.00          101.93           6.5697
 02006   6.85 %  2012              10.00          101.93           6.5697
 02006   6.85 %  2012              10.00          101.93           6.5697
 02006   6.85 %  2012              10.00          101.90           6.5740
 02006   6.85 %  2012               0.50          101.73           6.5983
 02006   6.85 %  2012               1.00          102.35           6.5099
 02006   6.85 %  2012               0.25          102.30           6.5170
 02006   6.85 %  2012              10.00          101.93           6.5697
 02006   6.85 %  2012              10.00          101.95           6.5668
 02006   6.85 %  2012               5.00          101.95           6.5668
 02006   6.85 %  2012               5.00          101.99           6.5611
 02006   6.85 %  2012               5.00          101.94           6.5683
 02006   6.85 %  2012              20.00          101.98           6.5625
 02006   6.85 %  2012               5.00          101.95           6.5668
 02006   6.85 %  2012              10.00          102.00           6.5597
 02006   6.85 %  2012               5.00          101.87           6.5782
 02006   6.85 %  2012               5.00          101.90           6.5740
 02006   6.85 %  2012               5.00          101.93           6.5697
 02006   6.85 %  2012               5.25          101.95           6.5668
 02006   6.85 %  2012              10.00          102.00           6.5597
 02006   6.85 %  2012               5.00          102.12           6.5426
 02006   6.85 %  2012              10.00          102.00           6.5597
 02006   6.85 %  2012              25.00          102.00           6.5597
 02006   6.85 %  2012              25.00          102.00           6.5597
 02006   6.85 %  2012              21.00          101.95           6.5668
 02009   7.40 %  2012               5.00          105.50           6.6081
 02009   7.40 %  2012              15.00          105.50           6.6081
 02009   7.40 %  2012               5.00          105.54           6.6025
 02009   7.40 %  2012               5.00          105.45           6.6150
 02009   7.40 %  2012               5.00          105.46           6.6136
 02009   7.40 %  2012               5.00          105.53           6.6039
 02009   7.40 %  2012               1.75          105.50           6.6081
 02009   7.40 %  2012               2.00          105.64           6.5886 02009   7.40 %  2012               5.00          105.52           6.6053
 02009   7.40 %  2012               5.00          105.55           6.6011
 02009   7.40 %  2012               5.00          105.47           6.6122
 02009   7.40 %  2012               5.00          105.52           6.6053
 02009   7.40 %  2012               5.00          105.53           6.6039
 02009   7.40 %  2012               5.00          105.53           6.6039
 02009   7.40 %  2012               5.00          105.55           6.6011
 02009   7.40 %  2012              20.00          105.57           6.5983
 02009   7.40 %  2012               5.00          105.53           6.6039
 02009   7.40 %  2012               5.00          105.50           6.6081
 02009   7.40 %  2012               5.00          105.56           6.5997
 02009   7.40 %  2012               5.00          105.57           6.5983
 02009   7.40 %  2012               5.00          105.48           6.6108
 02009   7.40 %  2012               5.00          105.58           6.5969
 02009   7.40 %  2012               5.00          105.50           6.6081
 02009   7.40 %  2012               5.00          105.53           6.6039
 02009   7.40 %  2012               5.00          105.46           6.6136
 02009   7.40 %  2012               5.00          105.57           6.5983
 02009   7.40 %  2012              10.00          105.50           6.6081
 02009   7.40 %  2012               5.00          105.50           6.6081
 02009   7.40 %  2012              10.00          105.58           6.5969
 02009   7.40 %  2012               5.00          105.53           6.6039
 02009   7.40 %  2012               5.00          105.59           6.5956
 02009   7.40 %  2012               5.00          105.59           6.5956
 02009   7.40 %  2012               5.00          105.61           6.5928
 02009   7.40 %  2012               5.00          105.53           6.6039
 02009   7.40 %  2012              15.00          105.59           6.5956
 02009   7.40 %  2012               5.00          105.53           6.6039
 02009   7.40 %  2012               1.00          105.50           6.6081
 02009   7.40 %  2012               5.00          105.57           6.5983
 02009   7.40 %  2012               5.00          105.46           6.6136
 02009   7.40 %  2012               5.00          105.53           6.6039
 02009   7.40 %  2012               5.00          105.50           6.6081
 02009   7.40 %  2012               5.00          105.60           6.5942
 02009   7.40 %  2012               5.00          106.00           6.5387
 02009   7.40 %  2012               0.105         104.70           6.7198
 02009   7.40 %  2012               5.00          105.58           6.5969
 02009   7.40 %  2012               5.00          105.59           6.5956
 02009   7.40 %  2012              10.00          105.53           6.6039
 02009   7.40 %  2012               5.00          105.53           6.6039
 02009   7.40 %  2012               5.00          105.59           6.5956
 02009   7.40 %  2012               5.00          105.595          6.5949
 02009   7.40 %  2012               5.00          105.57           6.5983
 02009   7.40 %  2012               0.25          105.61           6.5928
 02009   7.40 %  2012               5.00          105.55           6.6011
 02009   7.40 %  2012               5.00          105.60           6.5942
 02009   7.40 %  2012               5.00          105.60           6.5942
 02009   7.40 %  2012               5.00          105.57           6.5983
 02009   7.40 %  2012               5.00          105.60           6.5942
 02009   7.40 %  2012               5.00          105.63           6.5900
 02009   7.40 %  2012               5.00          105.64           6.5886
 02009   7.40 %  2012               5.00          105.63           6.5900
 02009   7.40 %  2012               5.00          105.59           6.5956
 02009   7.40 %  2012               5.00          105.59           6.5956
 02009   7.40 %  2012               5.00          105.65           6.5872
 02009   7.40 %  2012               5.00          105.57           6.5983
 02009   7.40 %  2012              10.00          105.60           6.5942 02009   7.40 %  2012               5.00          105.62           6.5914
 02009   7.40 %  2012               5.00          105.59           6.5956
 02009   7.40 %  2012               5.00          105.59           6.5956
 02009   7.40 %  2012               5.00          105.65           6.5872
 02009   7.40 %  2012               5.00          105.62           6.5914
 02009   7.40 %  2012               5.00          105.63           6.5900
 02009   7.40 %  2012               5.00          105.65           6.5872
 02009   7.40 %  2012               5.00          105.59           6.5956
 02009   7.40 %  2012               5.00          105.60           6.5942
 02009   7.40 %  2012               5.00          105.45           6.6150
 02009   7.40 %  2012               5.00          105.60           6.5942
 02009   7.40 %  2012               5.00          105.65           6.5872
 02009   7.40 %  2012               0.053         104.67           6.7241
 02009   7.40 %  2012               5.00          105.64           6.5886
 02009   7.40 %  2012               5.00          105.62           6.5914
 02009   7.40 %  2012               5.00          105.54           6.6025
 02009   7.40 %  2012               5.00          105.53           6.6039
 02009   7.40 %  2012               5.00          105.53           6.6039
 02009   7.40 %  2012              10.00          105.53           6.6039
 02009   7.40 %  2012              10.00          105.51           6.6067
 02009   7.40 %  2012               5.00          105.54           6.6025
 02009   7.40 %  2012               5.00          105.54           6.6025
 00012  11.03 %  2012               5.00          130.50           6.6915
 00012  11.03 %  2012               5.00          130.57           6.6832
 00012  11.03 %  2012               5.00          130.59           6.6808
 00012  11.03 %  2012               5.00          130.450          6.6975
 00012  11.03 %  2012               5.00          130.60           6.6796
 00012  11.03 %  2012               5.00          130.520          6.6891
 00012  11.03 %  2012               5.00          130.550          6.6856
 00012  11.03 %  2012               5.00          130.520          6.6891
 00012  11.03 %  2012               5.00          130.56           6.6844
 00012  11.03 %  2012               5.00          130.57           6.6832
 00012  11.03 %  2012               5.00          130.550          6.6856
 00012  11.03 %  2012               5.00          130.56           6.6844
 00012  11.03 %  2012               5.00          130.525          6.6885
 00012  11.03 %  2012              15.00          130.580          6.6820
 00012  11.03 %  2012               5.00          130.50           6.6915
 00012  11.03 %  2012               5.00          130.580          6.6820
 00012  11.03 %  2012               5.00          130.56           6.6844
 02013   6.72 %  2012              10.00          102.75           6.3336
 00012  11.03 %  2012               5.00          130.510          6.6903
 00012  11.03 %  2012               5.00          130.57           6.6832
 00012  11.03 %  2012               5.00          130.59           6.6808
 00012  11.03 %  2012               5.00          130.57           6.6832
 00012  11.03 %  2012              10.00          130.60           6.6796
 00012  11.03 %  2012               5.00          130.610          6.6784
 00012  11.03 %  2012               5.00          130.56           6.6844
 00012  11.03 %  2012              15.00          130.60           6.6796
 00012  11.03 %  2012               5.00          130.575          6.6826
 00012  11.03 %  2012               5.00          130.60           6.6796
 00012  11.03 %  2012               5.00          130.62           6.6772
 00012  11.03 %  2012               5.00          130.57           6.6832
 00012  11.03 %  2012               5.00          130.610          6.6784
 00012  11.03 %  2012               5.00          130.62           6.6772
 00012  11.03 %  2012               5.00          130.56           6.6844
 00012  11.03 %  2012              25.00          130.60           6.6796
 00012  11.03 %  2012               5.00          130.60           6.6796 00012  11.03 %  2012               5.00          130.60           6.6796
 00012  11.03 %  2012               5.00          130.520          6.6891
 00012  11.03 %  2012               5.00          130.610          6.6784
 00012  11.03 %  2012               5.00          130.510          6.6903
 00012  11.03 %  2012               5.00          130.62           6.6772
 00012  11.03 %  2012               5.00          130.550          6.6856
 00012  11.03 %  2012               5.00          130.56           6.6844
 00012  11.03 %  2012               5.00          130.56           6.6844
 00012  11.03 %  2012               5.00          130.56           6.6844
 00012  11.03 %  2012              10.00          130.60           6.6796
 01009   9.40 %  2012               1.00          119.15           6.7031
 01009   9.40 %  2012               5.00          119.52           6.6567
 01009   9.40 %  2012              10.00          119.50           6.6592
 01009   9.40 %  2012               5.00          119.50           6.6592
 01009   9.40 %  2012              25.00          119.52           6.6567
 01009   9.40 %  2012               0.25          118.83           6.7433
 82005   9.00 %  2013               1.00          115.80           6.8656
 82005   9.00 %  2013               5.00          115.10           6.9518
 82005   9.00 %  2013               0.50          113.75           7.1201
 01005   9.81 %  2013              10.00          123.60           6.6567
 01005   9.81 %  2013               5.00          123.45           6.6741
 01005   9.81 %  2013               5.00          123.65           6.6509
 01005   9.81 %  2013               5.00          123.48           6.6706
 01005   9.81 %  2013               5.00          123.50           6.6683
 01005   9.81 %  2013               5.00          123.51           6.6671
 01005   9.81 %  2013               5.00          123.50           6.6683
 01005   9.81 %  2013               5.00          123.50           6.6683
 01005   9.81 %  2013               5.00          123.51           6.6671
 01005   9.81 %  2013               5.00          123.52           6.6660
 01005   9.81 %  2013               5.00          123.51           6.6671
 01005   9.81 %  2013               5.00          123.51           6.6671
 01005   9.81 %  2013               5.00          123.51           6.6671
 01005   9.81 %  2013               5.00          123.50           6.6683
 01005   9.81 %  2013              10.00          123.51           6.6671
 01005   9.81 %  2013               5.00          123.50           6.6683
 01005   9.81 %  2013               5.00          123.47           6.6718
 01005   9.81 %  2013               5.00          123.50           6.6683
 01005   9.81 %  2013               5.00          123.535          6.6642
 01005   9.81 %  2013               5.00          123.48           6.6706
 01005   9.81 %  2013               5.00          123.55           6.6625
 01005   9.81 %  2013               5.00          123.51           6.6671
 01005   9.81 %  2013               5.00          123.52           6.6660
 01005   9.81 %  2013               5.00          123.58           6.6590
 01005   9.81 %  2013              10.00          123.51           6.6671
 01005   9.81 %  2013              25.00          123.55           6.6625
 98021  12.40 %  2013               0.20          136.25           7.4401
 02017   7.27 %  2013               2.00          105.24           6.5822
 02017   7.27 %  2013               5.00          104.80           6.6381
 02017   7.27 %  2013               5.00          105.00           6.6127
 02017   7.27 %  2013               5.00          104.95           6.6190
 84010  10.50 %  2014               0.15          126.90           7.1183
 01001  10.47 %  2015              15.00          129.50           6.8644
 01001  10.47 %  2015               5.00          129.50           6.8644
 01001  10.47 %  2015              15.00          129.510          6.8634
 01001  10.47 %  2015               5.00          129.510          6.8634
 01011   9.85 %  2015               5.00          125.45           6.8478
 01011   9.85 %  2015               5.00          125.50           6.8427 01011   9.85 %  2015              10.00          125.50           6.8427
 01011   9.85 %  2015               5.00          125.45           6.8478
 01011   9.85 %  2015               5.00          125.50           6.8427
 01011   9.85 %  2015              10.00          125.50           6.8427
 01011   9.85 %  2015               5.00          125.55           6.8377
 01011   9.85 %  2015               5.00          125.52           6.8407
 01011   9.85 %  2015               5.00          125.55           6.8377
 01011   9.85 %  2015              20.00          125.55           6.8377
 01011   9.85 %  2015               5.00          125.53           6.8397
 01011   9.85 %  2015               5.00          125.50           6.8427
 01011   9.85 %  2015               5.00          125.50           6.8427
 01011   9.85 %  2015               5.00          125.52           6.8407
 01011   9.85 %  2015               5.00          125.55           6.8377
 01011   9.85 %  2015              10.00          125.51           6.8417
 01011   9.85 %  2015               5.00          125.53           6.8397
 01011   9.85 %  2015               5.00          125.51           6.8417
 01011   9.85 %  2015               5.00          125.42           6.8508
 01011   9.85 %  2015              10.00          125.52           6.8407
 01011   9.85 %  2015               5.00          125.56           6.8367
 01011   9.85 %  2015               5.00          125.56           6.8367
 01011   9.85 %  2015               5.00          125.51           6.8417
 01011   9.85 %  2015               5.00          125.52           6.8407
 01011   9.85 %  2015               5.00          125.59           6.8337
 01011   9.85 %  2015               5.00          125.57           6.8357
 01011   9.85 %  2015               5.00          125.62           6.8306
 01011   9.85 %  2015               5.00          125.60           6.8327
 01011   9.85 %  2015               5.00          125.50           6.8427
 01011   9.85 %  2015              10.00          125.53           6.8397
 01011   9.85 %  2015               5.00          125.50           6.8427
 01011   9.85 %  2015               5.00          125.52           6.8407
 01011   9.85 %  2015               5.00          125.51           6.8417
 01011   9.85 %  2015               5.00          125.50           6.8427
 01011   9.85 %  2015               5.00          125.50           6.8427
 01011   9.85 %  2015               5.00          125.52           6.8407
 01003  10.71 %  2016               5.00          100.00          10.7073
 01003  10.71 %  2016              10.00          133.00           6.8987
 01003  10.71 %  2016               5.00          133.00           6.8987
 01003  10.71 %  2016              15.00          133.05           6.8940
 01003  10.71 %  2016              10.00          132.45           6.9509
 01003  10.71 %  2016               5.00          132.60           6.9366
 01003  10.71 %  2016               5.00          132.60           6.9366
 01003  10.71 %  2016               5.00          132.55           6.9414
 01003  10.71 %  2016               5.00          132.60           6.9366
 01003  10.71 %  2016               5.00          132.55           6.9414
 01003  10.71 %  2016               5.00          132.50           6.9461
 01003  10.71 %  2016               5.00          132.55           6.9414
 01003  10.71 %  2016               5.00          132.60           6.9366
 01003  10.71 %  2016              10.00          132.63           6.9338
 01003  10.71 %  2016               5.00          132.63           6.9338
 01003  10.71 %  2016               5.00          132.60           6.9366
 01003  10.71 %  2016              15.00          132.63           6.9338
 01003  10.71 %  2016              10.00          132.63           6.9338
 01003  10.71 %  2016               5.00          132.60           6.9366
 01003  10.71 %  2016               5.00          132.58           6.9385
 01003  10.71 %  2016               5.00          132.50           6.9461
 01003  10.71 %  2016              10.00          132.60           6.9366
 01003  10.71 %  2016               5.00          132.67           6.9300 01003  10.71 %  2016               5.00          132.67           6.9300
 02001   8.07 %  2017               5.00          110.60           6.8846
 02001   8.07 %  2017              15.00          110.60           6.8846
 02001   8.07 %  2017               5.00          110.85           6.8586
 02001   8.07 %  2017               5.00          110.60           6.8846
 02001   8.07 %  2017               5.00          110.50           6.8950
 02001   8.07 %  2017               5.00          110.50           6.8950
 02001   8.07 %  2017               5.00          110.57           6.8877
 02001   8.07 %  2017               5.00          110.53           6.8919
 02001   8.07 %  2017               5.00          110.51           6.8940
 02001   8.07 %  2017               5.00          110.505          6.8945
 02001   8.07 %  2017               5.00          110.18           6.9285
 02001   8.07 %  2017               5.00          110.45           6.9002
 02001   8.07 %  2017               5.00          110.45           6.9002
 02001   8.07 %  2017               5.00          110.44           6.9013
 02001   8.07 %  2017               5.00          110.48           6.8971
 02001   8.07 %  2017               5.00          110.51           6.8940
 02001   8.07 %  2017               5.00          110.48           6.8971
 02001   8.07 %  2017               5.00          110.50           6.8950
 02001   8.07 %  2017               5.00          110.54           6.8908
 02001   8.07 %  2017               5.00          110.50           6.8950
 02001   8.07 %  2017               5.00          110.52           6.8929
 02001   8.07 %  2017               5.00          110.44           6.9013
 02001   8.07 %  2017               5.00          110.46           6.8992
 02001   8.07 %  2017               5.00          110.48           6.8971
 02001   8.07 %  2017               5.00          110.44           6.9013
 02001   8.07 %  2017              10.00          110.54           6.8908
 02001   8.07 %  2017               5.00          110.54           6.8908
 02001   8.07 %  2017               5.00          110.54           6.8908
 02001   8.07 %  2017               5.00          110.55           6.8898
 02001   8.07 %  2017               5.00          110.45           6.9002
 02001   8.07 %  2017              10.00          110.43           6.9023
 02001   8.07 %  2017               5.00          110.43           6.9023
 02001   8.07 %  2017               0.50          110.48           6.8971
 02001   8.07 %  2017               5.00          110.43           6.9023
 02001   8.07 %  2017               5.00          110.50           6.8950
 02001   8.07 %  2017               5.00          110.50           6.8950
 02001   8.07 %  2017               1.00          110.40           6.9054
 02001   8.07 %  2017               5.00          110.54           6.8908
 02001   8.07 %  2017               5.00          110.50           6.8950
 02001   8.07 %  2017               5.00          110.52           6.8929
 02001   8.07 %  2017               5.00          110.42           6.9034
 02001   8.07 %  2017               5.00          110.41           6.9044
 02001   8.07 %  2017               5.00          110.50           6.8950
 02001   8.07 %  2017               5.00          110.53           6.8919
 02001   8.07 %  2017               5.00          110.50           6.8950
 02001   8.07 %  2017              10.00          110.545          6.8903
 02001   8.07 %  2017               5.00          110.51           6.8940
 02001   8.07 %  2017              10.00          110.565          6.8882
 02001   8.07 %  2017               5.00          110.52           6.8929
 02001   8.07 %  2017               5.00          110.53           6.8919
 02001   8.07 %  2017               5.00          110.53           6.8919
 02001   8.07 %  2017               1.00          110.54           6.8908
 02001   8.07 %  2017               1.00          110.32           6.9138
 02001   8.07 %  2017               5.00          110.52           6.8929
 02001   8.07 %  2017               5.00          110.52           6.8929
 02001   8.07 %  2017               5.00          110.43           6.9023 02001   8.07 %  2017               5.00          110.54           6.8908
 02001   8.07 %  2017               5.00          110.53           6.8919
 02001   8.07 %  2017               5.00          110.51           6.8940
 02001   8.07 %  2017              25.00          110.53           6.8919
 02001   8.07 %  2017               5.00          110.55           6.8898
 02001   8.07 %  2017               5.00          110.57           6.8877
 02001   8.07 %  2017               5.00          110.57           6.8877
 02001   8.07 %  2017               5.00          110.56           6.8887
 02001   8.07 %  2017               5.00          110.565          6.8882
 02001   8.07 %  2017               5.00          110.58           6.8867
 02001   8.07 %  2017               5.00          110.56           6.8887
 02001   8.07 %  2017               5.00          110.57           6.8877
 02001   8.07 %  2017               2.00          110.50           6.8950
 02001   8.07 %  2017               5.00          110.51           6.8940
 02001   8.07 %  2017               5.00          110.50           6.8950
 02001   8.07 %  2017               0.50          110.31           6.9148
 02001   8.07 %  2017               5.00          110.52           6.8929
 02001   8.07 %  2017               5.00          110.56           6.8887
 02001   8.07 %  2017               5.00          110.58           6.8867
 02001   8.07 %  2017              10.00          110.58           6.8867
 02001   8.07 %  2017               5.00          110.45           6.9002
 02001   8.07 %  2017               5.00          110.45           6.9002
 02001   8.07 %  2017               5.00          110.50           6.8950
 02001   8.07 %  2017              10.00          110.58           6.8867
 02001   8.07 %  2017               5.00          110.52           6.8929
 02001   8.07 %  2017               5.00          110.50           6.8950
 02001   8.07 %  2017              10.00          110.55           6.8898
 02001   8.07 %  2017               1.00          110.52           6.8929
 02001   8.07 %  2017               1.00          110.52           6.8929
 02001   8.07 %  2017               1.00          110.52           6.8929
 02001   8.07 %  2017               5.00          110.53           6.8919
 02001   8.07 %  2017               5.00          110.56           6.8887
 02001   8.07 %  2017               5.00          110.53           6.8919
 02001   8.07 %  2017              10.00          110.57           6.8877
 02001   8.07 %  2017               5.00          110.58           6.8867
 02001   8.07 %  2017               5.00          110.53           6.8919
 02001   8.07 %  2017               5.00          110.53           6.8919
 02001   8.07 %  2017               5.00          110.58           6.8867
 02001   8.07 %  2017               5.00          110.58           6.8867
 02001   8.07 %  2017               5.00          110.55           6.8898
 02001   8.07 %  2017               5.00          110.51           6.8940
 02001   8.07 %  2017               5.00          110.57           6.8877
 02001   8.07 %  2017               5.00          110.52           6.8929
 02001   8.07 %  2017               5.00          110.55           6.8898
 02001   8.07 %  2017               5.00          110.52           6.8929
 02001   8.07 %  2017               5.00          110.55           6.8898
 02001   8.07 %  2017               5.00          110.52           6.8929
 02001   8.07 %  2017               5.00          110.44           6.9013
 02001   8.07 %  2017               5.00          110.45           6.9002
 02001   8.07 %  2017               5.00          110.45           6.9002
 02001   8.07 %  2017               5.00          110.45           6.9002
 02007   7.49 %  2017               5.00          105.55           6.8760
 02007   7.49 %  2017               5.00          105.76           6.8536
 02007   7.49 %  2017               1.50          105.64           6.8664
 02007   7.49 %  2017               0.25          105.85           6.8441
 02007   7.49 %  2017               2.00          105.71           6.8590
 02007   7.49 %  2017               5.00          105.55           6.8760 02007   7.49 %  2017               5.00          105.75           6.8547
 02007   7.49 %  2017               0.50          105.67           6.8632
 02007   7.49 %  2017               1.00          105.00           6.9347
 02007   7.49 %  2017               4.00          105.72           6.8579
 02007   7.49 %  2017               1.00          105.62           6.8685
 02007   7.49 %  2017               2.00          105.62           6.8685
 02007   7.49 %  2017               2.00          105.55           6.8760
 02007   7.49 %  2017               5.00          105.72           6.8579
 02007   7.49 %  2017               5.00          105.81           6.8483
 02007   7.49 %  2017               5.00          105.81           6.8483
 02007   7.49 %  2017               5.00          105.81           6.8483
 02007   7.49 %  2017               5.00          105.83           6.8462
 02007   7.49 %  2017              10.00          105.70           6.8600
 02007   7.49 %  2017               5.00          105.75           6.8547
 02007   7.49 %  2017               5.00          105.75           6.8547
 02007   7.49 %  2017               0.50          105.57           6.8738
 02007   7.49 %  2017               1.00          105.63           6.8675
 02014   7.46 %  2017               5.00          105.42           6.8687
 02014   7.46 %  2017               5.00          105.45           6.8655
 02014   7.46 %  2017               5.00          105.41           6.8697
 02014   7.46 %  2017               5.00          105.50           6.8603
 02014   7.46 %  2017               5.00          105.52           6.8582
 02014   7.46 %  2017               5.00          105.54           6.8561
 02014   7.46 %  2017               4.00          105.45           6.8655
 02014   7.46 %  2017               1.00          105.48           6.8624
 02014   7.46 %  2017               2.00          105.47           6.8634
 02014   7.46 %  2017               5.00          105.53           6.8571
 02014   7.46 %  2017               5.00          105.46           6.8645
 02014   7.46 %  2017               5.00          105.51           6.8592
 02014   7.46 %  2017               0.50          105.65           6.8446
 02014   7.46 %  2017               5.00          105.58           6.8519
 02014   7.46 %  2017               1.00          105.70           6.8394
 02014   7.46 %  2017               1.00          105.45           6.8655
 02014   7.46 %  2017               0.50          105.75           6.8341
 02014   7.46 %  2017               5.00          105.48           6.8624
 02014   7.46 %  2017               5.00          105.53           6.8571
 02014   7.46 %  2017               0.25          105.32           6.8792
 02014   7.46 %  2017               5.00          105.53           6.8571
 02014   7.46 %  2017               5.00          105.52           6.8582
 02014   7.46 %  2017              10.00          105.50           6.8603
 02014   7.46 %  2017               5.00          105.57           6.8530
 02014   7.46 %  2017               5.00          105.58           6.8519
 02014   7.46 %  2017               1.00          105.46           6.8645
 02014   7.46 %  2017               1.00          106.00           6.8081
 02014   7.46 %  2017               5.00          105.60           6.8498
 02014   7.46 %  2017               5.00          105.52           6.8582
 02014   7.46 %  2017               5.00          105.61           6.8488
 02014   7.46 %  2017               5.00          105.62           6.8477
 02014   7.46 %  2017               5.00          105.50           6.8603
 02014   7.46 %  2017               5.00          105.53           6.8571
 02014   7.46 %  2017               5.00          105.53           6.8571
 02014   7.46 %  2017               1.00          105.43           6.8676
 02014   7.46 %  2017               5.00          105.54           6.8561
 02014   7.46 %  2017               0.25          105.61           6.8488
 02014   7.46 %  2017               5.00          105.51           6.8592
 02014   7.46 %  2017               0.50          105.55           6.8551
 02014   7.46 %  2017               5.00          105.535          6.8566 02014   7.46 %  2017               5.00          105.61           6.8488
 02014   7.46 %  2017               5.00          105.56           6.8540
 02014   7.46 %  2017               5.00          105.61           6.8488
 02014   7.46 %  2017               0.50          105.60           6.8498
 02014   7.46 %  2017               5.00          105.62           6.8477
 02014   7.46 %  2017               1.25          105.63           6.8467
 02014   7.46 %  2017               5.00          105.48           6.8624
 02014   7.46 %  2017              10.00          105.85           6.8237
 02014   7.46 %  2017               5.00          105.62           6.8477
 02014   7.46 %  2017               5.00          105.63           6.8467
 02014   7.46 %  2017               0.50          105.68           6.8415
 02014   7.46 %  2017               5.00          105.61           6.8488
 02014   7.46 %  2017               5.00          105.54           6.8561
 02014   7.46 %  2017               2.40          105.65           6.8446
 02014   7.46 %  2017               5.00          105.62           6.8477
 02014   7.46 %  2017               0.50          105.63           6.8467
 02014   7.46 %  2017               5.00          105.62           6.8477
 02014   7.46 %  2017               1.00          105.53           6.8571
 02014   7.46 %  2017               5.00          105.62           6.8477
 02014   7.46 %  2017               5.00          105.645          6.8451
 02014   7.46 %  2017               5.00          105.57           6.8530
 02014   7.46 %  2017               5.00          105.55           6.8551
 02014   7.46 %  2017               5.00          105.67           6.8425
 02014   7.46 %  2017               1.00          105.60           6.8498
 02014   7.46 %  2017               5.00          105.615          6.8482
 02014   7.46 %  2017               1.50          105.65           6.8446
 02014   7.46 %  2017               1.00          105.57           6.8530
 02014   7.46 %  2017               5.00          105.50           6.8603
 02014   7.46 %  2017               5.00          105.62           6.8477
 02014   7.46 %  2017               5.00          105.65           6.8446
 02014   7.46 %  2017               5.00          105.60           6.8498
 02014   7.46 %  2017               1.00          105.54           6.8561
 02014   7.46 %  2017               5.00          106.05           6.8029
 02014   7.46 %  2017               5.00          105.62           6.8477
 02014   7.46 %  2017               5.00          105.54           6.8561
 02014   7.46 %  2017               1.00          105.43           6.8676
 02014   7.46 %  2017               5.00          105.59           6.8509
 02014   7.46 %  2017               5.00          105.55           6.8551
 02014   7.46 %  2017               5.00          105.52           6.8582
 02014   7.46 %  2017               0.07          105.62           6.8477
 02014   7.46 %  2017               5.00          105.51           6.8592
 02014   7.46 %  2017               0.50          105.57           6.8530
 02014   7.46 %  2017               5.00          105.60           6.8498
 02014   7.46 %  2017               1.00          105.65           6.8446
 02014   7.46 %  2017               5.00          105.60           6.8498
 02014   7.46 %  2017              10.00          105.66           6.8435
 02014   7.46 %  2017               5.00          105.57           6.8530
 02014   7.46 %  2017               5.00          105.60           6.8498
 01004  10.45 %  2018               5.00          130.540          7.1514
 01004  10.45 %  2018               5.00          130.550          7.1506
 01004  10.45 %  2018               1.00          129.450          7.2493
 01008  10.03 %  2019               5.00          128.15           7.1213
 01008  10.03 %  2019               5.00          128.300          7.1084
 01008  10.03 %  2019               0.50          126.68           7.2491
 01006  10.25 %  2021               5.00          132.00           7.1147
 01006  10.25 %  2021              10.00          131.30           7.1707
 01006  10.25 %  2021               5.00          131.15           7.1828 01006  10.25 %  2021               5.00          131.10           7.1868
 01006  10.25 %  2021               5.00          131.10           7.1868
 01006  10.25 %  2021               5.00          131.25           7.1747
 01006  10.25 %  2021               5.00          131.37           7.1651
 01006  10.25 %  2021               5.00          131.30           7.1707
 01006  10.25 %  2021               5.00          131.35           7.1667
 01006  10.25 %  2021               5.00          131.30           7.1707
 01006  10.25 %  2021               5.00          131.40           7.1627
 01006  10.25 %  2021               5.00          131.37           7.1651
 01006  10.25 %  2021               5.00          131.39           7.1635
 01006  10.25 %  2021              10.00          131.45           7.1587
 01006  10.25 %  2021              13.14          131.40           7.1627
 02011   8.35 %  2022               5.00          112.40           7.1600
 02011   8.35 %  2022               5.00          112.25           7.1732
 02011   8.35 %  2022               5.00          112.25           7.1732
 02011   8.35 %  2022               5.00          112.30           7.1688
 02011   8.35 %  2022               5.00          112.25           7.1732
 02011   8.35 %  2022               5.00          112.40           7.1600
 02011   8.35 %  2022               5.00          112.40           7.1600
 02011   8.35 %  2022               5.00          112.40           7.1600
 02011   8.35 %  2022               5.00          112.25           7.1732
 02011   8.35 %  2022               5.00          112.38           7.1617
 02011   8.35 %  2022               0.50          112.11           7.1855
 02011   8.35 %  2022               5.00          112.35           7.1644
 02011   8.35 %  2022               1.4761        112.38           7.1617
 02011   8.35 %  2022               5.00          112.15           7.1820
 01010  10.18 %  2026               5.00          132.60           7.2770
 01010  10.18 %  2026               5.00          132.95           7.2521
 01010  10.18 %  2026              10.00          131.70           7.3414
 01010  10.18 %  2026               5.00          131.80           7.3342
 01010  10.18 %  2026               5.00          131.85           7.3306
 01010  10.18 %  2026               5.00          132.00           7.3198
 01010  10.18 %  2026               5.00          132.00           7.3198
 01010  10.18 %  2026               5.00          132.00           7.3198
 01010  10.18 %  2026               5.00          132.20           7.3055
 01010  10.18 %  2026               5.00          132.15           7.3091
 01010  10.18 %  2026               5.00          132.19           7.3062
 01010  10.18 %  2026               5.00          132.19           7.3062
 01010  10.18 %  2026              10.00          132.14           7.3098
 01010  10.18 %  2026               5.00          132.10           7.3127
 01010  10.18 %  2026               5.00          132.20           7.3055
 01010  10.18 %  2026               5.00          132.10           7.3127
 01010  10.18 %  2026               6.10          132.20           7.3055
 01010  10.18 %  2026               5.00          132.20           7.3055
 01010  10.18 %  2026              10.00          132.20           7.3055
 01010  10.18 %  2026               5.00          132.10           7.3127
 01010  10.18 %  2026               5.00          132.22           7.3041
 01010  10.18 %  2026               5.00          132.20           7.3055
 01010  10.18 %  2026               5.00          132.25           7.3019
 01010  10.18 %  2026              10.00          132.25           7.3019
 01010  10.18 %  2026               1.00          132.23           7.3034
 01010  10.18 %  2026               5.00          132.25           7.3019
 01010  10.18 %  2026               5.00          132.10           7.3127
 01010  10.18 %  2026               5.00          132.27           7.3005
 01010  10.18 %  2026               5.00          132.24           7.3026
 01010  10.18 %  2026               1.187         132.10           7.3127
 01010  10.18 %  2026               5.00          132.15           7.3091 01010  10.18 %  2026              25.00          132.20           7.3055
 01010  10.18 %  2026               5.00          132.25           7.3019
 01010  10.18 %  2026               5.00          132.21           7.3048
 01010  10.18 %  2026               5.00          132.20           7.3055
 01010  10.18 %  2026               5.00          132.23           7.3034
 01010  10.18 %  2026               5.00          132.20           7.3055
 02015   7.95 %  2032               0.25          106.88           7.3747
 02015   7.95 %  2032               5.00          107.80           7.3026
 02015   7.95 %  2032               2.00          107.35           7.3378
 02015   7.95 %  2032               1.00          107.37           7.3362
 02015   7.95 %  2032               0.50          107.22           7.3480
 02015   7.95 %  2032               1.00          107.28           7.3433
 02015   7.95 %  2032               5.00          107.75           7.3065
 02015   7.95 %  2032               5.00          107.35           7.3378
 02015   7.95 %  2032               0.75          107.24           7.3464
 02015   7.95 %  2032               1.00          107.30           7.3417
 02015   7.95 %  2032               0.50          107.00           7.3653
 02015   7.95 %  2032               0.50          106.74           7.3858
 02015   7.95 %  2032               5.00          107.65           7.3143
 02015   7.95 %  2032              10.00          107.40           7.3339
 02015   7.95 %  2032               5.00          107.40           7.3339
 02015   7.95 %  2032               5.00          107.39           7.3346
 02015   7.95 %  2032               5.00          107.39           7.3346
     Total                       4617.8011
B. State Government Securities
          Contract Date : November 18, 2002
 94211 12.50% KARNATAKA SDL 2004    0.50          108.38          6.2977
 00225 10.52% MAHARASHTRA SDL
       2010                         1.00          118.40          7.2712
 00216 10.52% BIHAR SDL 2010        1.00          115.40          7.7541
 00225 10.52% MAHARASHTRA SDL
       2010                         0.50          119.94          7.0293
 01287 8.37% ANDHRA PRADESH SDL
       2011 (ON TAP)                0.50          105.90          7.4627
 01287 8.37% ANDHRA PRADESH SDL
       2011 (ON TAP)                5.00          108.70          7.0555
 01287 8.37% ANDHRA PRADESH SDL
       2011 (ON TAP)                5.00          108.75          7.0483
 02235 8.00% GUJRAT SDL 2012        0.25          106.25          7.0706
 02240 8.00% KARNATAKA SDL 2012     0.50          106.25          7.0706
 02235 8.00% GUJRAT SDL 2012        0.50          103.60          7.4547
 02240 8.00% KARNATAKA SDL 2012     0.2426        103.80          7.4253
 02241 8.00% KERALA SDL 2012        2.50          103.80          7.4253
 02239 8.00% JHARKHAND SDL 2012     1.75          103.80          7.4253
 02229 8.00% A.P. SDL 2012          0.2519        103.80          7.4253
 02251 8.00% T.N. SDL 2012          1.7555        103.80          7.4253
 02268 7.80% MAHARASHTRA SDL
       2012                         0.10          103.95          7.2142
     Total                         21.35
C. Treasury Bills
   (i) 14 Day Bills (Maturity-wise)
       (DD/MM/YYYY)
                                           NIL
   (ii) 91 Day Bills (Maturity-wise)
       (DD/MM/YYYY)          Contract Date : November 18, 2002
        06/12/2002                  5.00           99.7290         5.4951
        13/12/2002                 10.00           99.6240         5.4952
        27/12/2002                  4.00           99.4158         5.4846
        27/12/2002                 10.00           99.4158         5.4846
        03/01/2003                  5.00           99.3203         5.4153
        03/01/2003                  2.0725         99.3116         5.4851
        10/01/2003                  5.00           99.2177         5.4151
        10/01/2003                  2.505          99.2077         5.4849
        24/01/2003                  0.3225         99.0455         5.2356
        24/01/2003                  1.575          99.0455         5.2356
        24/01/2003                  1.20           99.0455         5.2356
        24/01/2003                 31.715          99.0023         5.4750
        24/01/2003                 15.00           99.0005         5.4849
        31/01/2003                  1.00           98.8972         5.4851
        31/01/2003                 12.58           98.8972         5.4851
        31/01/2003                 11.00           98.8972         5.4851
        07/02/2003                 12.2225         98.7942         5.4848
        07/02/2003                  2.37           98.7942         5.4848
        07/02/2003                  1.48           98.7942         5.4848
        14/02/2003                 31.00           98.6913         5.4850
     Total                        165.0425
   (iii) 182 Day Bills (Maturity-wise)
       (DD/MM/YYYY)
                                           NIL
   (iv) 364 Day Bills (Maturity-wise)
       (DD/MM/YYYY)
          Contract Date : November 18, 2002
        21/03/2003                  5.00           98.1771         5.4948
        18/04/2003                  0.60           97.8030         5.4150
        02/05/2003                 44.2675         97.5740         5.4850
        03/10/2003                  2.09           95.4057         5.4948
        17/10/2003                  5.00           95.1889         5.5248
        31/10/2003                 20.00           94.9881         5.5348
        31/10/2003                 10.00           95.0310         5.4850
        31/10/2003                  5.00           95.0225         5.4949
        14/11/2003                 20.00           94.8142         5.5149
        14/11/2003                 10.00           94.7520         5.5847
        14/11/2003                 25.00           94.8053         5.5249
     Total                        146.9575
II.  REPO Transactions *
    (Other than with RBI)
---------------------------------------------------------------------------
 Loan  Nomenclature                Amount      Price *   Repo Rate   Repo
 Code                            (Face Value) Per Rs.100   (%pa)    Period
                                 (in Rs.Crore) Nominal              (Days)
           (1)                      (2)          (3)        (4)      (5)
---------------------------------------------------------------------------
A. Government of India Dated Securities
 98020  11.78 %  2003             100.00      104.50        5.00       2
 98020  11.78 %  2003             100.00      104.50        5.25       2
 98020  11.78 %  2003              47.00      104.50        4.90       2
 94003  12.50 %  2004              46.00      108.72        4.50       2
 00011  10.20 %  2005              40.00      110.35        5.30       3
 00013  11.00 %  2006              45.00      116.50        5.30       3 02010   7.55 %  2010               5.00      107.00        5.70      14
 81005   8.00 %  2011              20.00      107.20        5.30       2
 01007   9.39 %  2011              35.00      118.10        5.30       4
 02006   6.85 %  2012              30.00      102.00        5.55       7
 02006   6.85 %  2012              35.00      102.00        5.30       2
 02006   6.85 %  2012              75.00      102.00        5.30       2
 00012  11.03 %  2012               5.00      130.00        5.70      14
 00012  11.03 %  2012              13.30      130.60        5.00       2
 01009   9.40 %  2012               2.75      107.00        6.50       2
 02017   7.27 %  2013              25.00      105.25        5.25       2
 02008   7.37 %  2014              30.00      104.25        5.30       2
 99020  11.83 %  2014              55.00      137.75        5.25       2
 00015  11.43 %  2015              25.00      136.50        5.30       4
 00015  11.43 %  2015               5.00      136.00        5.70      14
 00015  11.43 %  2015              30.00      137.25        5.30       2
 01011   9.85 %  2015               5.00      125.55        5.30       4
 01003  10.71 %  2016               5.00      132.50        5.70      14
 02001   8.07 %  2017               5.00      110.00        5.70      14
 02001   8.07 %  2017              25.00      102.25        6.00       7
 02001   8.07 %  2017              25.00      110.50        5.30       2
 02001   8.07 %  2017              25.00      110.50        5.30       2
 01008  10.03 %  2019              65.00      128.10        5.25       2
 01006  10.25 %  2021              10.00      131.25        5.30       4
 01006  10.25 %  2021              30.00      131.20        5.30       2
 02011   8.35 %  2022              30.00      112.25        5.30       2
 01010  10.18 %  2026              15.00      132.25        5.55       7
 02015   7.95 %  2032              20.00      107.25        5.30       2
     Total                       1029.05
B. State Government Securities
                                           NIL
C. Treasury Bills
   (i) 14 Day Bills (Maturity-wise)
      (DD/MM/YYYY)
                                           NIL
   (ii) 91 Day Bills (Maturity-wise)
      (DD/MM/YYYY)
                                           NIL
   (iii) 182 Day Bills (Maturity-wise)
      (DD/MM/YYYY)
                                           NIL
   (iv) 364 Day Bills (Maturity-wise)
       (DD/MM/YYYY)
        10/01/2003                100.00       99.2077      5.30       3
        10/01/2003                 25.00       99.2077      5.25       2
        18/04/2003                 50.00       97.7753      5.25       2
     Total                        175.00
----------------------------------------------------------------------------
  * Relate to the first leg of Repos
  # YTM(indicative) will depend upon assumed rate of inflation
Date :  18 November 2002