Subsidiary General Ledger Account Transactions
in Government Dated Securities and Treasury Bills
at RBI, Mumbai on 04 June 2002
---------------------------------------------------------------------------
 Loan  Nomenclature              Amount           Price *        YTM %
 Code                            (Face Value)     Per Rs.100   Indicative
                                 (in Rs.Crore)    nominal
---------------------------------------------------------------------------
I.  Outright Transactions
A.Government of India Dated Securities
          Contract Date : June 03, 2002
 98020  11.78 %  2003              25.00          105.50           6.8940
 98020  11.78 %  2003              25.00          105.50           6.8940
 02010   7.55 %  2010               5.00          100.30           7.4981
 02009   7.40 %  2012               0.50           98.64           7.5963
 02009   7.40 %  2012               5.00           98.60           7.6022
 02009   7.40 %  2012               5.00           98.50           7.6169
 02009   7.40 %  2012               5.00           98.47           7.6213
 02009   7.40 %  2012               5.00           98.48           7.6198
 02009   7.40 %  2012               5.00           98.55           7.6095
 02009   7.40 %  2012               0.10           98.78           7.5758
 02001   8.07 %  2017               0.95          100.40           8.0214
 02007   7.49 %  2017               0.04           96.80           7.8570
 02011   8.35 %  2022               1.00          100.27           8.3212
 02011   8.35 %  2022               1.00          100.27           8.3212
          Contract Date : June 04, 2002
 73001   5.75 %  2003               0.01          100.00           5.7452
 98020  11.78 %  2003               4.00          105.50           6.8837
 98020  11.78 %  2003               1.13          105.50           6.8837
 94003  12.50 %  2004               5.00          109.37           6.8702
 94003  12.50 %  2004              20.00          109.38           6.8646
 94003  12.50 %  2004              25.00          109.35           6.8815
 97007  12.59 %  2004              10.00          110.45           6.9972
 97007  12.59 %  2004              25.00          110.40           7.0222
 98022  11.98 %  2004              10.00          110.15           7.0338
 86013  11.30 %  2004               0.20          109.60           6.8805
 00011  10.20 %  2005               0.20          109.10           6.8899
 97010  11.19 %  2005              25.00          111.72           7.0164
 97010  11.19 %  2005               5.00          111.69           7.0263
 97010  11.19 %  2005              15.00          111.69           7.0263
 99008  11.68 %  2006              15.00          115.00           7.1480
 98009  11.90 %  2007               5.00          119.14           7.2539
 98009  11.90 %  2007               5.00          119.15           7.2518
 00016  11.40 %  2008               5.00          119.90           7.3609
 99006  11.99 %  2009               5.00          122.62           7.6740
 99006  11.99 %  2009              10.00          122.60           7.6773
 99006  11.99 %  2009               5.00          122.60           7.6773
 99006  11.99 %  2009               5.00          122.60           7.6773
 99006  11.99 %  2009               5.00          122.57           7.6823
 99006  11.99 %  2009               5.00          122.60           7.6773
 99006  11.99 %  2009               5.00          122.62           7.6740
 99006  11.99 %  2009               5.00          122.62           7.6740 02010   7.55 %  2010               5.00          100.37           7.4862
 02010   7.55 %  2010               5.00          100.34           7.4913
 02010   7.55 %  2010               5.00          100.33           7.4930
 02010   7.55 %  2010               5.00          100.29           7.4997
 02010   7.55 %  2010               5.00          100.32           7.4947
 02010   7.55 %  2010               5.00          100.30           7.4980
 02010   7.55 %  2010               5.00          100.30           7.4980
 02010   7.55 %  2010               5.00          100.36           7.4879
 02010   7.55 %  2010               5.00          100.36           7.4879
 02010   7.55 %  2010               5.00          100.36           7.4879
 02010   7.55 %  2010               5.00          100.35           7.4896
 02010   7.55 %  2010               5.00          100.38           7.4845
 02010   7.55 %  2010               5.00          100.38           7.4845
 02010   7.55 %  2010               5.00          100.37           7.4862
 02010   7.55 %  2010               5.00          100.38           7.4845
 02010   7.55 %  2010               5.00          100.36           7.4879
 02010   7.55 %  2010               5.00          100.35           7.4896
 02010   7.55 %  2010               5.00          100.35           7.4896
 02010   7.55 %  2010               5.00          100.38           7.4845
 02010   7.55 %  2010               5.00          100.30           7.4980
 02010   7.55 %  2010               5.00          100.32           7.4947
 02010   7.55 %  2010               5.00          100.28           7.5014
 02010   7.55 %  2010               5.00          100.28           7.5014
 02010   7.55 %  2010               5.00          100.28           7.5014
 02010   7.55 %  2010               5.00          100.37           7.4862
 02010   7.55 %  2010               5.00          100.35           7.4896
 02010   7.55 %  2010               5.00          100.37           7.4862
 02010   7.55 %  2010               5.00          100.32           7.4947
 02010   7.55 %  2010               5.00          100.28           7.5014
 02010   7.55 %  2010               5.00          100.29           7.4997
 02010   7.55 %  2010               1.25          100.26           7.5048
 02010   7.55 %  2010               5.00          100.36           7.4879
 00014  11.30 %  2010              10.00          120.95           7.7774
 00014  11.30 %  2010               5.00          120.90           7.7848
 00014  11.30 %  2010               5.00          120.92           7.7818
 00014  11.30 %  2010               5.00          120.90           7.7848
 00014  11.30 %  2010               5.00          120.90           7.7848
 00014  11.30 %  2010               1.00          100.00          11.2938
 00017  11.50 %  2011               5.00          126.23           7.5697
 00017  11.50 %  2011               5.00          126.05           7.5928
 00017  11.50 %  2011               5.00          126.15           7.5799
 00017  11.50 %  2011               5.00          126.05           7.5928
 00017  11.50 %  2011               5.00          126.08           7.5889
 00017  11.50 %  2011               5.00          126.08           7.5889
 00017  11.50 %  2011              10.00          126.10           7.5864
 00017  11.50 %  2011               5.00          126.22           7.5710
 00017  11.50 %  2011               5.00          126.09           7.5876
 00017  11.50 %  2011               5.00          126.20           7.5735
 00017  11.50 %  2011               5.00          126.20           7.5735
 00017  11.50 %  2011               5.00          126.25           7.5671
 00017  11.50 %  2011               5.00          126.12           7.5838
 00017  11.50 %  2011               5.00          126.20           7.5735
 00017  11.50 %  2011              10.00          126.12           7.5838
 00017  11.50 %  2011               5.00          126.12           7.5838
 00017  11.50 %  2011               5.00          126.10           7.5864
 00017  11.50 %  2011               5.00          126.10           7.5864
 00017  11.50 %  2011               5.00          126.10           7.5864 00017  11.50 %  2011               5.00          126.11           7.5851
 00017  11.50 %  2011               5.00          126.25           7.5671
 00017  11.50 %  2011               5.00          126.19           7.5748
 00017  11.50 %  2011               5.00          126.05           7.5928
 00017  11.50 %  2011               5.00          126.05           7.5928
 00017  11.50 %  2011               5.00          126.10           7.5864
 00017  11.50 %  2011               5.00          126.15           7.5799
 00017  11.50 %  2011               5.00          126.09           7.5876
 00017  11.50 %  2011               5.00          126.01           7.5979
 00017  11.50 %  2011               5.00          126.01           7.5979
 00017  11.50 %  2011               5.00          126.01           7.5979
 00017  11.50 %  2011               5.00          125.97           7.6031
 00017  11.50 %  2011               5.00          125.85           7.6185
 00017  11.50 %  2011               5.00          125.80           7.6249
 00017  11.50 %  2011               5.00          126.00           7.5992
 00017  11.50 %  2011               5.00          125.90           7.6121
 00017  11.50 %  2011               5.00          125.95           7.6056
 00017  11.50 %  2011               5.00          125.88           7.6146
 00017  11.50 %  2011               5.00          125.87           7.6159
 00017  11.50 %  2011               5.00          126.14           7.5812
 00017  11.50 %  2011               0.59          125.60           7.6507
 02006   6.85 %  2012              10.00           94.40           7.6691
 02009   7.40 %  2012               5.00           98.71           7.5860
 02009   7.40 %  2012               5.00           98.58           7.6051
 02009   7.40 %  2012               5.00           98.55           7.6095
 02009   7.40 %  2012               5.00           98.45           7.6242
 02009   7.40 %  2012               5.00           98.50           7.6169
 02009   7.40 %  2012               5.00           98.55           7.6095
 02009   7.40 %  2012               5.00           98.50           7.6169
 02009   7.40 %  2012               5.00           98.45           7.6242
 02009   7.40 %  2012               5.00           98.45           7.6242
 02009   7.40 %  2012               5.00           98.45           7.6242
 02009   7.40 %  2012               5.00           98.50           7.6169
 02009   7.40 %  2012               5.00           98.55           7.6095
 02009   7.40 %  2012               5.00           98.55           7.6095
 02009   7.40 %  2012               5.00           98.65           7.5948
 02009   7.40 %  2012               5.00           98.55           7.6095
 02009   7.40 %  2012               5.00           98.55           7.6095
 02009   7.40 %  2012               5.00           98.60           7.6022
 02009   7.40 %  2012               5.00           98.65           7.5948
 02009   7.40 %  2012               5.00           98.55           7.6095
 02009   7.40 %  2012               5.00           98.60           7.6022
 02009   7.40 %  2012               5.00           98.55           7.6095
 02009   7.40 %  2012               5.00           98.55           7.6095
 02009   7.40 %  2012               5.00           98.53           7.6125
 02009   7.40 %  2012               5.00           98.60           7.6022
 02009   7.40 %  2012               5.00           98.55           7.6095
 02009   7.40 %  2012               5.00           98.57           7.6066
 02009   7.40 %  2012               5.00           98.60           7.6022
 02009   7.40 %  2012               5.00           98.55           7.6095
 02009   7.40 %  2012               5.00           98.53           7.6125
 02009   7.40 %  2012               5.00           98.56           7.6080
 02009   7.40 %  2012               5.00           98.55           7.6095
 02009   7.40 %  2012               5.00           98.60           7.6022
 02009   7.40 %  2012               5.00           98.57           7.6066
 02009   7.40 %  2012               5.00           98.55           7.6095
 02009   7.40 %  2012               5.00           98.50           7.6169 02009   7.40 %  2012               5.00           98.55           7.6095
 02009   7.40 %  2012               5.00           98.56           7.6080
 02009   7.40 %  2012               5.00           98.55           7.6095
 02009   7.40 %  2012               5.00           98.50           7.6169
 02009   7.40 %  2012               5.00           98.53           7.6125
 02009   7.40 %  2012               5.00           98.56           7.6080
 02009   7.40 %  2012               5.00           98.55           7.6095
 02009   7.40 %  2012               5.00           98.56           7.6080
 02009   7.40 %  2012               5.00           98.58           7.6051
 02009   7.40 %  2012               5.00           98.53           7.6125
 02009   7.40 %  2012               5.00           98.55           7.6095
 02009   7.40 %  2012               5.00           98.50           7.6169
 02009   7.40 %  2012               5.00           98.51           7.6154
 02009   7.40 %  2012               5.00           98.50           7.6169
 02009   7.40 %  2012               5.00           98.50           7.6169
 02009   7.40 %  2012               5.00           98.51           7.6154
 02009   7.40 %  2012               5.00           98.48           7.6198
 02009   7.40 %  2012               5.00           98.48           7.6198
 02009   7.40 %  2012               5.00           98.46           7.6227
 02009   7.40 %  2012               5.00           98.48           7.6198
 02009   7.40 %  2012               5.00           98.46           7.6227
 02009   7.40 %  2012               5.00           98.45           7.6242
 02009   7.40 %  2012               5.00           98.50           7.6169
 02009   7.40 %  2012               5.00           98.42           7.6286
 02009   7.40 %  2012               5.00           98.42           7.6286
 02009   7.40 %  2012               0.50           98.65           7.5948
 02009   7.40 %  2012               5.00           98.42           7.6286
 02009   7.40 %  2012               5.00           98.42           7.6286
 02009   7.40 %  2012               5.00           98.58           7.6051
 02009   7.40 %  2012               5.00           98.40           7.6316
 02009   7.40 %  2012               5.00           98.59           7.6036
 02009   7.40 %  2012               0.50          100.00           7.3986
 02009   7.40 %  2012              10.00           98.57           7.6066
 02009   7.40 %  2012               5.00           98.45           7.6242
 02009   7.40 %  2012               5.00           98.60           7.6022
 02009   7.40 %  2012               5.00           98.55           7.6095
 02009   7.40 %  2012               5.00           98.46           7.6227
 02009   7.40 %  2012               5.00           98.40           7.6316
 02009   7.40 %  2012               5.00           98.55           7.6095
 02009   7.40 %  2012               5.00           98.57           7.6066
 02009   7.40 %  2012               5.00           98.55           7.6095
 02009   7.40 %  2012               5.00           98.47           7.6213
 02009   7.40 %  2012               5.00           98.55           7.6095
 02009   7.40 %  2012               5.00           98.50           7.6169
 00012  11.03 %  2012               5.00          123.10           7.6999
 00012  11.03 %  2012               5.00          123.02           7.7099
 00012  11.03 %  2012               5.00          122.96           7.7174
 00012  11.03 %  2012               5.00          123.05           7.7061
 00012  11.03 %  2012               5.00          123.04           7.7074
 00012  11.03 %  2012               5.00          122.95           7.7187
 00012  11.03 %  2012               5.00          123.03           7.7086
 00012  11.03 %  2012               5.00          122.90           7.7249
 00012  11.03 %  2012               5.00          122.90           7.7249
 00012  11.03 %  2012               5.00          123.00           7.7124
 00012  11.03 %  2012               5.00          123.00           7.7124
 00012  11.03 %  2012               5.00          123.00           7.7124
 00012  11.03 %  2012               5.00          123.00           7.7124 00012  11.03 %  2012               5.00          122.96           7.7174
 00012  11.03 %  2012               5.00          123.05           7.7061
 00012  11.03 %  2012               5.00          122.95           7.7187
 00012  11.03 %  2012               5.00          122.95           7.7187
 00012  11.03 %  2012               5.00          123.00           7.7124
 00012  11.03 %  2012               5.00          123.10           7.6999
 00012  11.03 %  2012               5.00          123.00           7.7124
 00012  11.03 %  2012               5.00          123.00           7.7124
 00012  11.03 %  2012               5.00          122.95           7.7187
 00012  11.03 %  2012               5.00          123.05           7.7061
 00012  11.03 %  2012               5.00          122.91           7.7237
 00012  11.03 %  2012               5.00          122.80           7.7375
 00012  11.03 %  2012               5.00          122.70           7.7501
 00012  11.03 %  2012               5.00          122.94           7.7199
 00012  11.03 %  2012               5.00          123.15           7.6936
 00012  11.03 %  2012               5.00          122.93           7.7212
 00012  11.03 %  2012               5.00          122.945          7.7193
 00012  11.03 %  2012               5.00          123.11           7.6986
 01005   9.81 %  2013               5.00          114.25           7.8504
 01005   9.81 %  2013               5.00          114.32           7.8416
 01005   9.81 %  2013               5.00          114.32           7.8416
 01005   9.81 %  2013               5.00          114.26           7.8491
 01005   9.81 %  2013               5.00          114.30           7.8441
 01005   9.81 %  2013               5.00          114.22           7.8541
 01005   9.81 %  2013               5.00          114.26           7.8491
 01005   9.81 %  2013               5.00          114.22           7.8541
 01005   9.81 %  2013              10.00          114.32           7.8416
 01005   9.81 %  2013              10.00          114.31           7.8428
 01005   9.81 %  2013               5.00          114.42           7.8290
 01005   9.81 %  2013               5.00          114.20           7.8567
 01005   9.81 %  2013               5.00          114.06           7.8743
 01005   9.81 %  2013               5.00          114.05           7.8755
 01005   9.81 %  2013               5.00          114.00           7.8818
 01005   9.81 %  2013               5.00          114.00           7.8818
 01005   9.81 %  2013               5.00          114.32           7.8416
 01005   9.81 %  2013               5.00          114.30           7.8441
 01005   9.81 %  2013               5.00          114.32           7.8416
 01005   9.81 %  2013               5.00          114.31           7.8428
 01005   9.81 %  2013               5.00          114.40           7.8315
 85007  11.50 %  2015               0.03          122.70           8.5657
 85007  11.50 %  2015               0.10          124.90           8.3231
 01011   9.85 %  2015               5.00          114.31           8.0775
 01011   9.85 %  2015               5.00          114.30           8.0787
 01011   9.85 %  2015               5.00          114.20           8.0899
 01011   9.85 %  2015               5.00          114.20           8.0899
 01011   9.85 %  2015               5.00          114.20           8.0899
 01011   9.85 %  2015               1.00          114.08           8.1035
 01011   9.85 %  2015               5.00          114.30           8.0787
 01011   9.85 %  2015               5.00          114.25           8.0843
 01011   9.85 %  2015               5.00          114.21           8.0888
 01011   9.85 %  2015               5.00          114.28           8.0809
 01011   9.85 %  2015               5.00          114.17           8.0933
 01011   9.85 %  2015               5.00          114.08           8.1035
 01011   9.85 %  2015               5.00          114.15           8.0956
 01011   9.85 %  2015               5.00          114.26           8.0832
 01011   9.85 %  2015               1.00          114.40           8.0674
 01011   9.85 %  2015               5.00          114.20           8.0899 01003  10.71 %  2016               5.00          119.00           8.3672
 02007   7.49 %  2017               0.25          100.00           7.4885
 02007   7.49 %  2017               0.40          100.00           7.4885
 02011   8.35 %  2022               0.50          100.10           8.3388
 02011   8.35 %  2022               0.24          100.30           8.3181
 02011   8.35 %  2022               0.26          100.25           8.3232
 02011   8.35 %  2022               1.50          100.25           8.3232
 01010  10.18 %  2026               5.00          115.70           8.6232
 01010  10.18 %  2026               5.00          116.00           8.5969
 01010  10.18 %  2026               0.50          116.40           8.5621
     Total                       1458.75
B. State Government Securities
          Contract Date : June 04, 2002
 88206 11.50% GUJARAT S.D. 2008     0.05          112.65          8.8134
 98237 12.50% MAHARASHTRA
       SDL,2008                     0.03          100.00         12.4910
 00243 12.00% ANDHRA PRADESH SDL
       2010                         0.088         123.59          8.0480
 00254 12.00% MAHARASHTRA SDL
       2010                         0.0501        123.59          8.0480
 00261 12.00% TAMIL NADU SDL
       2010                         0.0885        123.59          8.0480
 01206 10.82% KARNATAKA SDL.2011    0.1749        117.02          8.0483
 91242 12.00% TAMIL NADU 2011       0.09          118.80          8.9776
 01261 9.45% ANDHRA PRADESH
       S.D.L 2011                   0.825         109.07          8.0481
 01270 9.45% MADHYA PRADESH
       S.D.L 2011                   1.00          109.07          8.0481
 01276 9.45% RAJASTHAN S.D.L
       2011                         1.00          109.07          8.0481
 01287 8.37% ANDHRA PRADESH SDL
       2011 (ON TAP)                1.51          102.12          8.0465
 02207 8.30% GUJRAT SDL 2012        2.00          101.30          8.1006
 02223 8.30% TAMILNADU SDL 2012     5.018         101.30          8.1006
     Total                         11.9245
C. Treasury Bills
   (i) 14 Day Bills (Maturity-wise)
       (DD/MM/YYYY)
                                           NIL
   (ii) 91 Day Bills (Maturity-wise)
       (DD/MM/YYYY)
          Contract Date : June 04, 2002
        21/06/2002                  5.00           99.6982         6.4816
        29/06/2002                 25.00           99.5686         6.3084
        12/07/2002                  0.70           99.3946         5.8344
        19/07/2002                  0.09           99.2779         5.8835
        02/08/2002                 10.00           98.9761         6.3823
        23/08/2002                  5.00           98.6400         6.2733
     Total                         45.79
   (iii) 182 Day Bills (Maturity-wise)
       (DD/MM/YYYY)
                                           NIL
   (iv) 364 Day Bills (Maturity-wise)
       (DD/MM/YYYY)
          Contract Date : June 03, 2002
        30/11/2002                  0.50          100.0000         0.0000
        07/02/2003                  1.00          100.0000         0.0000          Contract Date : June 04, 2002
        28/06/2002                  2.635          99.5900         6.2439
        26/07/2002                  0.35           99.0895         6.4321
        23/08/2002                  2.00           98.5741         6.5817
        16/05/2003                 10.00           94.0700         6.6318
        30/05/2003                 30.00           93.8400         6.6373
        30/05/2003                 15.00           93.8400         6.6373
     Total                         61.485
II.  REPO Transactions *
    (Other than with RBI)
---------------------------------------------------------------------------
 Loan  Nomenclature                Amount      Price *   Repo Rate   Repo
 Code                            (Face Value) Per Rs.100   (%pa)    Period
                                 (in Rs.Crore) Nominal              (Days)
           (1)                      (2)          (3)        (4)      (5)
---------------------------------------------------------------------------
A. Government of India Dated Securities
 97011  11.15 %  2002              20.00      101.00        6.00       1
 97011  11.15 %  2002              20.00      101.05        6.00       1
 97011  11.15 %  2002              21.90      101.00        5.90       1
 00007   9.90 %  2005             100.00      107.15        5.90       1
 00007   9.90 %  2005              50.00      107.15        5.90       1
 00007   9.90 %  2005              75.00      107.15        5.90       1
 00007   9.90 %  2005              27.50      107.15        5.80       1
 00007   9.90 %  2005              10.00      107.15        6.00       1
 97010  11.19 %  2005              10.00      111.65        6.00       1
 97010  11.19 %  2005              50.00      111.70        6.00       2
 00013  11.00 %  2006              15.00      113.41        5.90       1
 01012   6.23 %  2006              35.00      100.00        6.00       2
 01012   6.23 %  2006              35.00      100.00        6.00       2
 01012   6.23 %  2006              35.00      100.00        6.00       2
 01012   6.23 %  2006              35.00      100.00        6.00       2
 98009  11.90 %  2007              15.00      119.00        5.90       1
 00016  11.40 %  2008               5.00      108.00        7.85       2
 02005   6.65 %  2009              60.00       96.00        6.05       1
 02005   6.65 %  2009              20.00       96.00        6.00       1
 99004  12.29 %  2010              20.00      123.55        6.00       1
 99004  12.29 %  2010              20.00      123.55        6.00       1
 02006   6.85 %  2012              75.00       94.75        6.00       1
 02006   6.85 %  2012              25.00       94.75        6.10       1
 02006   6.85 %  2012              20.00       95.50        5.80       1
 00012  11.03 %  2012              40.00      123.00        6.05       1
 00012  11.03 %  2012               5.00      111.00        7.85       2
 00012  11.03 %  2012              10.00      123.00        6.00       1
 01011   9.85 %  2015              15.00      114.25        6.10       1
 01011   9.85 %  2015              25.00      114.25        6.10       1
 01011   9.85 %  2015              18.48      114.25        5.80       1
 01003  10.71 %  2016              35.00      119.00        6.00       1
 01004  10.45 %  2018               5.00      106.00        7.50       1
 01006  10.25 %  2021              25.00      116.50        6.00       1
     Total                        977.88
B. State Government Securities
                                           NIL
C. Treasury Bills
   (i) 14 Day Bills (Maturity-wise)
      (DD/MM/YYYY)
                                           NIL   (ii) 91 Day Bills (Maturity-wise)
      (DD/MM/YYYY)
                                           NIL
   (iii) 182 Day Bills (Maturity-wise)
      (DD/MM/YYYY)
                                           NIL
   (iv) 364 Day Bills (Maturity-wise)
       (DD/MM/YYYY)
                                           NIL
---------------------------------------------------------------------------
  * Relate to the first leg of Repos
  # YTM(indicative) will depend upon assumed rate of inflation
Date :  05 June 2002