Subsidiary General Ledger Account Transactions
in Government Dated Securities and Treasury Bills
at RBI, Mumbai on 16 September 2002
---------------------------------------------------------------------------
 Loan  Nomenclature              Amount           Price *        YTM %
 Code                            (Face Value)     Per Rs.100   Indicative
                                 (in Rs.Crore)    nominal
---------------------------------------------------------------------------
I.  Outright Transactions
A.Government of India Dated Securities
          Contract Date : September 14, 2002
 00016  11.40 %  2008              30.00          123.50           6.5722
 02009   7.40 %  2012               5.00          101.56           7.1711
 02009   7.40 %  2012               0.50          101.70           7.1510
          Contract Date : September 16, 2002
 98004  11.10 %  2003              10.00          102.81           5.8947
 98004  11.10 %  2003               2.25          102.86           5.8050
 98004  11.10 %  2003              25.00          102.80           5.9126
 94003  12.50 %  2004               5.00          109.43           5.9169
 94003  12.50 %  2004               5.00          109.43           5.9169
 94003  12.50 %  2004              10.00          109.43           5.9169
 94003  12.50 %  2004               5.00          109.43           5.9169
 94003  12.50 %  2004               5.00          109.425          5.9202
 94003  12.50 %  2004               5.00          109.41           5.9301
 94003  12.50 %  2004               5.00          109.417          5.9251
 98022  11.98 %  2004               5.00          110.945          6.0249
 98022  11.98 %  2004               5.00          110.947          6.0236
 98022  11.98 %  2004              10.00          110.947          6.0236
 98009  11.90 %  2007               5.00          122.26           6.3431
 98007  12.00 %  2008               5.00          124.63           6.6744
 00016  11.40 %  2008              20.00          123.56           6.5580
 00016  11.40 %  2008              40.00          123.50           6.5688
 00016  11.40 %  2008              10.00          123.51           6.5670
 00016  11.40 %  2008               5.00          123.52           6.5652
 00016  11.40 %  2008               5.00          123.51           6.5670
 00016  11.40 %  2008               5.00          123.52           6.5652
 00016  11.40 %  2008               5.00          123.515          6.5661
 00016  11.40 %  2008               5.00          123.50           6.5688
 00016  11.40 %  2008              10.00          123.50           6.5688
 00016  11.40 %  2008               5.00          123.52           6.5652
 00016  11.40 %  2008              10.00          123.47           6.5742
 00016  11.40 %  2008               5.00          123.475          6.5733
 00016  11.40 %  2008               5.00          123.47           6.5742
 00016  11.40 %  2008              10.00          123.475          6.5733
 00016  11.40 %  2008               5.00          123.475          6.5733
 00016  11.40 %  2008               5.00          123.475          6.5733
 00016  11.40 %  2008               5.00          123.48           6.5724
 00016  11.40 %  2008               5.00          123.52           6.5652
 99006  11.99 %  2009               5.00          127.43           6.7437
 99006  11.99 %  2009               5.00          127.37           6.7535
 99006  11.99 %  2009               5.00          127.38           6.7519 99006  11.99 %  2009               5.00          127.37           6.7535
 99006  11.99 %  2009               5.00          127.38           6.7519
 99006  11.99 %  2009               5.00          127.37           6.7535
 99006  11.99 %  2009               5.00          127.35           6.7568
 99006  11.99 %  2009               5.00          127.37           6.7535
 99006  11.99 %  2009               5.00          127.38           6.7519
 99006  11.99 %  2009               5.00          127.38           6.7519
 99006  11.99 %  2009               5.00          127.38           6.7519
 02010   7.55 %  2010               5.00          103.915          6.8816
 02010   7.55 %  2010               5.00          103.93           6.8791
 02010   7.55 %  2010              10.00          103.94           6.8774
 02010   7.55 %  2010               5.00          103.95           6.8758
 02010   7.55 %  2010               5.00          103.94           6.8774
 02010   7.55 %  2010               5.00          103.95           6.8758
 02010   7.55 %  2010              10.00          103.935          6.8782
 02010   7.55 %  2010               5.00          103.96           6.8741
 02010   7.55 %  2010               5.00          103.92           6.8807
 02010   7.55 %  2010               5.00          103.935          6.8782
 02010   7.55 %  2010               5.00          103.93           6.8791
 02010   7.55 %  2010               5.00          103.91           6.8824
 02010   7.55 %  2010               5.00          103.91           6.8824
 02010   7.55 %  2010               5.00          103.90           6.8841
 02010   7.55 %  2010               5.00          103.96           6.8741
 02010   7.55 %  2010               5.00          103.92           6.8807
 02010   7.55 %  2010               5.00          103.92           6.8807
 02010   7.55 %  2010              10.00          103.90           6.8841
 02010   7.55 %  2010               5.00          103.94           6.8774
 00014  11.30 %  2010               5.00          100.00          11.2941
 00014  11.30 %  2010               5.00          125.90           6.9649
 00014  11.30 %  2010               5.00          125.90           6.9649
 00014  11.30 %  2010               5.00          125.90           6.9649
 00014  11.30 %  2010              15.00          125.90           6.9649
 00014  11.30 %  2010               5.00          125.90           6.9649
 82013   8.75 %  2010               0.50          110.70           7.0154
 82013   8.75 %  2010               0.50          110.75           7.0078
 82013   8.75 %  2010               1.00          109.45           7.2063
 99005  12.32 %  2011              10.00          131.70           7.2068
 99005  12.32 %  2011               5.00          131.76           7.1987
 99005  12.32 %  2011               5.00          131.77           7.1974
 99005  12.32 %  2011               5.00          131.77           7.1974
 99005  12.32 %  2011               5.00          131.73           7.2027
 00010  10.95 %  2011              10.00          123.86           7.2086
 00010  10.95 %  2011               5.00          123.83           7.2127
 01007   9.39 %  2011               5.00          114.50           7.1385
 01007   9.39 %  2011               5.00          114.49           7.1399
 01007   9.39 %  2011               5.00          114.50           7.1385
 01007   9.39 %  2011               5.00          114.50           7.1385
 01007   9.39 %  2011               5.00          114.49           7.1399
 01007   9.39 %  2011               5.00          114.50           7.1385
 01007   9.39 %  2011               5.00          114.51           7.1371
 01007   9.39 %  2011              10.00          114.51           7.1371
 01007   9.39 %  2011               5.00          114.52           7.1356
 01007   9.39 %  2011               5.00          114.50           7.1385
 01007   9.39 %  2011               5.00          114.52           7.1356
 01007   9.39 %  2011               5.00          114.49           7.1399
 01007   9.39 %  2011               5.00          114.49           7.1399
 01007   9.39 %  2011               5.00          114.49           7.1399 01007   9.39 %  2011               5.00          114.525          7.1349
 01007   9.39 %  2011               5.00          114.52           7.1356
 01007   9.39 %  2011              10.00          114.475          7.1420
 01007   9.39 %  2011               5.00          114.48           7.1413
 01007   9.39 %  2011               5.00          114.49           7.1399
 01007   9.39 %  2011               5.00          114.48           7.1413
 01007   9.39 %  2011               5.00          114.48           7.1413
 01007   9.39 %  2011               5.00          114.48           7.1413
 01007   9.39 %  2011               2.00          114.56           7.1300
 01007   9.39 %  2011               5.00          114.46           7.1442
 01007   9.39 %  2011              25.00          114.52           7.1356
 01007   9.39 %  2011               2.00          114.53           7.1342
 91012  11.50 %  2011               5.00          127.41           7.2580
 00017  11.50 %  2011               5.00          128.84           7.1592
 00017  11.50 %  2011               5.00          128.830          7.1605
 00017  11.50 %  2011               5.00          128.81           7.1630
 00017  11.50 %  2011               5.00          128.82           7.1617
 00017  11.50 %  2011               5.00          128.82           7.1617
 00017  11.50 %  2011               5.00          128.81           7.1630
 00017  11.50 %  2011               0.25          128.41           7.2140
 02006   6.85 %  2012               5.00           98.825          7.0201
 02006   6.85 %  2012               5.00           98.75           7.0311
 02006   6.85 %  2012               5.00           98.70           7.0384
 02006   6.85 %  2012               5.00           98.60           7.0531
 02006   6.85 %  2012               0.48          100.00           6.8492
 02006   6.85 %  2012               5.00           98.715          7.0362
 02009   7.40 %  2012               2.00          100.00           7.3981
 02009   7.40 %  2012               5.00          101.69           7.1524
 02009   7.40 %  2012              10.00          101.53           7.1754
 02009   7.40 %  2012               5.00          101.53           7.1754
 02009   7.40 %  2012              10.00          101.53           7.1754
 02009   7.40 %  2012              10.00          101.51           7.1783
 02009   7.40 %  2012               5.00          101.54           7.1740
 02009   7.40 %  2012               5.00          101.55           7.1725
 02009   7.40 %  2012               5.00          101.55           7.1725
 02009   7.40 %  2012               5.00          101.54           7.1740
 02009   7.40 %  2012               5.00          101.55           7.1725
 02009   7.40 %  2012              10.00          101.535          7.1747
 02009   7.40 %  2012               5.00          101.52           7.1768
 02009   7.40 %  2012              10.00          101.55           7.1725
 02009   7.40 %  2012              10.00          101.55           7.1725
 02009   7.40 %  2012               5.00          101.52           7.1768
 02009   7.40 %  2012               5.00          101.54           7.1740
 02009   7.40 %  2012               5.00          101.54           7.1740
 02009   7.40 %  2012               5.00          101.53           7.1754
 02009   7.40 %  2012               5.00          101.55           7.1725
 02009   7.40 %  2012               5.00          101.54           7.1740
 02009   7.40 %  2012               2.00          101.59           7.1668
 02009   7.40 %  2012               5.00          101.54           7.1740
 02009   7.40 %  2012               5.00          101.51           7.1783
 02009   7.40 %  2012               5.00          101.51           7.1783
 02009   7.40 %  2012               5.00          101.515          7.1776
 02009   7.40 %  2012               5.00          101.53           7.1754
 02009   7.40 %  2012              10.00          101.52           7.1768
 02009   7.40 %  2012               5.00          101.51           7.1783
 02009   7.40 %  2012               5.00          101.52           7.1768
 02009   7.40 %  2012               5.00          101.515          7.1776 02009   7.40 %  2012               5.00          101.51           7.1783
 02009   7.40 %  2012              10.00          101.52           7.1768
 02009   7.40 %  2012               5.00          101.53           7.1754
 02009   7.40 %  2012               5.00          101.51           7.1783
 02009   7.40 %  2012               5.00          101.52           7.1768
 02009   7.40 %  2012               5.00          101.54           7.1740
 02009   7.40 %  2012               5.00          101.51           7.1783
 02009   7.40 %  2012               5.00          101.515          7.1776
 02009   7.40 %  2012               5.00          101.515          7.1776
 02009   7.40 %  2012               5.00          101.51           7.1783
 02009   7.40 %  2012               5.00          101.50           7.1797
 02009   7.40 %  2012               0.50          101.60           7.1653
 02009   7.40 %  2012               0.23          101.61           7.1639
 00012  11.03 %  2012               5.00          126.51           7.2172
 00012  11.03 %  2012              15.00          126.52           7.2160
 00012  11.03 %  2012               5.00          126.51           7.2172
 01009   9.40 %  2012               5.00          115.38           7.2124
 82005   9.00 %  2013               0.50          112.70           7.2682
 82005   9.00 %  2013               8.00          111.12           7.4687
 01005   9.81 %  2013              10.00          118.81           7.2507
 01005   9.81 %  2013               5.00          118.80           7.2519
 01005   9.81 %  2013               5.00          118.80           7.2519
 01005   9.81 %  2013               5.00          118.79           7.2531
 01005   9.81 %  2013               5.00          118.82           7.2495
 01005   9.81 %  2013               5.00          118.80           7.2519
 01005   9.81 %  2013               5.00          118.82           7.2495
 01005   9.81 %  2013               5.00          118.82           7.2495
 01005   9.81 %  2013               5.00          118.83           7.2483
 01005   9.81 %  2013               5.00          118.80           7.2519
 01005   9.81 %  2013               5.00          118.80           7.2519
 01005   9.81 %  2013              15.00          118.80           7.2519
 01005   9.81 %  2013              10.00          118.80           7.2519
 01005   9.81 %  2013               5.00          118.80           7.2519
 01005   9.81 %  2013               5.00          118.80           7.2519
 01005   9.81 %  2013               5.00          118.82           7.2495
 01005   9.81 %  2013               5.00          118.83           7.2483
 01005   9.81 %  2013              10.00          118.80           7.2519
 01005   9.81 %  2013               1.00          118.90           7.2398
 01005   9.81 %  2013               5.00          118.80           7.2519
 01005   9.81 %  2013              10.00          118.80           7.2519
 98021  12.40 %  2013               0.15          135.90           7.5217
 02008   7.37 %  2014              10.00          100.60           7.2912
 84010  10.50 %  2014               5.00          124.08           7.4468
 01001  10.47 %  2015               1.00          124.72           7.3903
 00015  11.43 %  2015               5.00          131.70           7.5404
 01011   9.85 %  2015               5.00          120.41           7.3883
 01011   9.85 %  2015               5.00          120.41           7.3883
 01011   9.85 %  2015               5.00          120.37           7.3926
 01011   9.85 %  2015              10.00          120.37           7.3926
 01011   9.85 %  2015              10.00          120.39           7.3905
 01011   9.85 %  2015              10.00          120.40           7.3894
 01011   9.85 %  2015               5.00          120.40           7.3894
 01011   9.85 %  2015               5.00          120.40           7.3894
 01011   9.85 %  2015               5.00          120.39           7.3905
 01011   9.85 %  2015               5.00          120.40           7.3894
 01011   9.85 %  2015              10.00          120.38           7.3915
 01011   9.85 %  2015               5.00          120.35           7.3947 01011   9.85 %  2015               5.00          120.36           7.3937
 01011   9.85 %  2015               5.00          120.39           7.3905
 01011   9.85 %  2015              10.00          120.38           7.3915
 01011   9.85 %  2015               7.47          120.40           7.3894
 01011   9.85 %  2015               0.25          120.30           7.4000
 01003  10.71 %  2016              10.00          127.25           7.4801
 01003  10.71 %  2016               5.00          127.22           7.4831
 01003  10.71 %  2016               5.00          127.25           7.4801
 01003  10.71 %  2016               5.00          127.25           7.4801
 02001   8.07 %  2017               5.00          105.15           7.4764
 02001   8.07 %  2017               2.00          105.25           7.4653
 02001   8.07 %  2017               5.00          105.15           7.4764
 02001   8.07 %  2017               0.50          105.15           7.4764
 02001   8.07 %  2017               0.10          105.30           7.4598
 02001   8.07 %  2017               5.00          105.135          7.4781
 02001   8.07 %  2017               5.00          105.11           7.4808
 02001   8.07 %  2017               5.00          105.11           7.4808
 02001   8.07 %  2017               5.00          105.10           7.4819
 02001   8.07 %  2017              10.00          105.15           7.4764
 02014   7.46 %  2017               5.00          100.15           7.4425
 02014   7.46 %  2017               5.00          100.15           7.4425
 02014   7.46 %  2017               5.00          100.15           7.4425
 02014   7.46 %  2017              10.00          100.15           7.4425
 02014   7.46 %  2017               5.00          100.15           7.4425
 02014   7.46 %  2017               5.00          100.15           7.4425
 02014   7.46 %  2017               0.50          100.19           7.4380
 02014   7.46 %  2017               5.00          100.14           7.4436
 02014   7.46 %  2017               1.00          100.17           7.4403
 02014   7.46 %  2017               1.00          100.25           7.4313
 02014   7.46 %  2017               1.00          100.17           7.4403
 02014   7.46 %  2017               1.00          100.18           7.4392
 02014   7.46 %  2017               4.00          100.15           7.4425
 02014   7.46 %  2017               5.00          100.14           7.4436
 02014   7.46 %  2017               5.00          100.135          7.4442
 02014   7.46 %  2017               5.00          100.135          7.4442
 02014   7.46 %  2017               0.50          100.38           7.4168
 02014   7.46 %  2017               5.00          100.135          7.4442
 02014   7.46 %  2017               5.00          100.135          7.4442
 02014   7.46 %  2017              10.00          100.135          7.4442
 02014   7.46 %  2017               5.00          100.13           7.4448
 02014   7.46 %  2017               5.00          100.135          7.4442
 02014   7.46 %  2017               5.00          100.13           7.4448
 02014   7.46 %  2017               5.00          100.13           7.4448
 02014   7.46 %  2017               5.00          100.13           7.4448
 02014   7.46 %  2017               0.50          100.20           7.4369
 01006  10.25 %  2021               0.30          124.90           7.7116
 01006  10.25 %  2021              10.00          124.55           7.7418
 01006  10.25 %  2021               5.00          124.51           7.7453
 01006  10.25 %  2021               5.00          124.51           7.7453
 01006  10.25 %  2021               5.00          124.51           7.7453
 01006  10.25 %  2021               5.00          124.52           7.7444
 02011   8.35 %  2022               5.00          106.40           7.7108
 02011   8.35 %  2022               1.00          106.45           7.7060
 01010  10.18 %  2026               0.50          124.90           7.8576
 01010  10.18 %  2026              10.00          124.55           7.8850
 01010  10.18 %  2026              10.00          124.50           7.8889
 01010  10.18 %  2026              10.00          124.50           7.8889 02015   7.95 %  2032              15.00          100.00           7.9494
 02015   7.95 %  2032               5.00          100.07           7.9432
 02015   7.95 %  2032               5.00          100.00           7.9494
 02015   7.95 %  2032               5.00          100.00           7.9494
 02015   7.95 %  2032               5.00          100.00           7.9494
 02015   7.95 %  2032              10.00          100.05           7.9450
     Total                       1601.48
B. State Government Securities
          Contract Date : September 16, 2002
 95225 14% WEST BENGAL S.D.L.
       2005                         0.10          116.00          7.3129
 90210 11.50% RAJASTHAN S.D.
       2010                         5.00          122.06          7.7003
 90211 11.50% TAMIL NADU 2010       5.00          122.06          7.7003
 01266 9.45% GUJARAT S.D.L 2011     0.4975        110.45          7.8180
 01283 9.10% KARNATAKA STATE
       GOVT. STOCK 2011             1.00          108.35          7.8025
 01286 8.50% MADHYA PRADESH G.S
       2011                         5.00          105.25          7.6936
 02229 8.00% A.P. SDL 2012          0.39          101.55          7.7660
 02241 8.00% KERALA SDL 2012        0.25          101.02          7.8454
 02235 8.00% GUJRAT SDL 2012        0.25          100.92          7.8605
 02251 8.00% T.N. SDL 2012          0.70          100.92          7.8605
 02255 7.80% A.P. SDL 2012          5.00          100.40          7.7384
 02275 7.80% RAJASTHAN SDL 2012    10.00          100.39          7.7399
 02275 7.80% RAJASTHAN SDL 2012    10.00          100.39          7.7399
 02261 7.80% GUJRAT SDL 2012       20.00          100.60          7.7086
 02282 7.83% GUJARAT G.S 2012      19.70          100.82          7.7064
 02282 7.83% GUJARAT G.S 2012       5.00          100.78          7.7123
 02285 7.83% MAHARASTRA G.S.2012   10.00          100.75          7.7167
 02285 7.83% MAHARASTRA G.S.2012    2.00          100.82          7.7064
 02282 7.83% GUJARAT G.S 2012       5.00          100.75          7.7167
 02282 7.83% GUJARAT G.S 2012      25.00          100.78          7.7123
 02282 7.83% GUJARAT G.S 2012      25.00          100.78          7.7123
 02286 7.80% ANDHRA PRADESH SDL
       2012 (SECOND SERIES)         3.5005        100.40          7.7401
 02297 7.80% KARNATAKA SDL 2012
       (SECOND SERIES)              2.6545        100.40          7.7401
 02309 7.80% TAMILNADU SDL 2012
       (SECOND SERIES)              1.015         100.40          7.7401
 02309 7.80% TAMILNADU SDL 2012
       (SECOND SERIES)              2.00          100.35          7.7474
 02297 7.80% KARNATAKA SDL 2012
       (SECOND SERIES)             10.00          100.50          7.7256
     Total                        174.0575
C. Treasury Bills
   (i) 14 Day Bills (Maturity-wise)
       (DD/MM/YYYY)
                                           NIL
   (ii) 91 Day Bills (Maturity-wise)
       (DD/MM/YYYY)
          Contract Date : September 16, 2002
        27/09/2002                  1.00           99.8300         5.6350
        18/10/2002                  0.50           99.4958         5.7643
        06/12/2002                  0.80           98.7443         5.7147        13/12/2002                  0.0275         98.6362         5.7192
        13/12/2002                  2.6825         98.6362         5.7192
     Total                          5.01
   (iii) 182 Day Bills (Maturity-wise)
       (DD/MM/YYYY)
                                           NIL
   (iv) 364 Day Bills (Maturity-wise)
       (DD/MM/YYYY)
          Contract Date : September 16, 2002
        04/10/2002                  5.00           99.7167         5.7452
        18/10/2002                  5.00           99.4976         5.7437
        13/12/2002                  5.00           98.6209         5.7842
        27/12/2002                 15.00           98.4104         5.7643
        11/07/2003                 10.00           95.4378         5.8390
        11/07/2003                  5.00           95.4341         5.8440
        25/07/2003                  0.24           95.2375         5.8341
        25/07/2003                 11.2775         95.2337         5.8390
        22/08/2003                  4.17           94.7821         5.8938
        22/08/2003                  4.17           94.7821         5.8938
     Total                         64.8575
II.  REPO Transactions *
    (Other than with RBI)
---------------------------------------------------------------------------
 Loan  Nomenclature                Amount      Price *   Repo Rate   Repo
 Code                            (Face Value) Per Rs.100   (%pa)    Period
                                 (in Rs.Crore) Nominal              (Days)
           (1)                      (2)          (3)        (4)      (5)
---------------------------------------------------------------------------
A. Government of India Dated Securities
 97008  11.83 %  2003              25.50      104.80        5.65       3
 94003  12.50 %  2004              25.00      109.45        5.60       1
 98022  11.98 %  2004              30.00      110.97        5.65       3
 00007   9.90 %  2005              67.00      109.00        5.60       1
 98005  11.75 %  2006              20.00      109.38        5.60       1
 00013  11.00 %  2006              20.00      116.40        5.60       1
 01012   6.23 %  2006              25.00      100.00        5.80      15
 01012   6.23 %  2006              25.00      100.00        5.60       1
 00016  11.40 %  2008              30.00      123.50        5.60       1
 02005   6.65 %  2009              25.00       99.70        5.65       1
 02005   6.65 %  2009              10.27       99.80        5.70       1
 99006  11.99 %  2009              40.00      127.35        5.60       1
 01013   6.37 %  2009              25.00      100.00        5.60       1
 00014  11.30 %  2010              35.00      125.90        5.75       1
 00014  11.30 %  2010              30.00      125.90        5.70       3
 00010  10.95 %  2011              45.00      123.90        5.70       3
 00010  10.95 %  2011              10.00      123.80        5.60       1
 01007   9.39 %  2011              20.00      114.50        5.65       1
 01007   9.39 %  2011              20.00      114.50        5.65       1
 00017  11.50 %  2011              20.00      128.85        6.00      12
 00017  11.50 %  2011              30.00      128.85        5.60       1
 02006   6.85 %  2012              50.00       99.00        5.55       3
 02006   6.85 %  2012              20.00       99.00        5.65       2
 02006   6.85 %  2012              25.00       98.75        5.65       1
 02009   7.40 %  2012              30.00      100.50        5.75       1
 02009   7.40 %  2012              25.00      101.55        5.60       1 02009   7.40 %  2012              50.00      101.50        5.60       1
 02009   7.40 %  2012              15.00      101.50        5.60       1
 02009   7.40 %  2012              15.00      101.50        5.60       1
 02009   7.40 %  2012              35.00      101.50        5.60       1
 00012  11.03 %  2012              60.00      126.50        5.60       2
 02013   6.72 %  2012              75.00      101.36        5.65       2
 02013   6.72 %  2012             100.00      101.36        5.60       1
 02008   7.37 %  2014              30.00      100.70        5.65       1
 01001  10.47 %  2015              15.00      112.00        6.75       3
 02001   8.07 %  2017              47.00      105.15        5.60       1
 02001   8.07 %  2017              25.00      105.25        5.65       1
 02001   8.07 %  2017              50.00      105.35        5.70       1
 02001   8.07 %  2017              35.00      105.10        5.60       1
 02007   7.49 %  2017              15.00      100.40        5.65       1
 02012   6.84 %  2017             150.00      100.00        5.50       1
 02012   6.84 %  2017             100.00      100.00        5.50       1
 02012   6.84 %  2017              25.00      100.00        5.65       1
 02012   6.84 %  2017              40.00      100.00        5.60       1
 02012   6.84 %  2017              30.00      100.00        5.60       1
 02012   6.84 %  2017              25.00      100.00        5.55       1
 02012   6.84 %  2017             150.00      100.00        5.55       1
 02012   6.84 %  2017              30.00      100.00        5.55       1
 02014   7.46 %  2017              40.00      100.20        5.60       1
 02014   7.46 %  2017              20.00      100.15        5.60       1
 01006  10.25 %  2021              40.00      125.00        5.60       1
 01006  10.25 %  2021              13.00      125.00        5.60       1
 02011   8.35 %  2022              20.00      106.60        5.75       1
 02011   8.35 %  2022              50.00      106.50        5.60       1
 02011   8.35 %  2022              75.00      106.50        5.65       2
 02011   8.35 %  2022              10.00      106.60        5.60       1
 02011   8.35 %  2022              40.00      106.60        5.65       2
 01010  10.18 %  2026              55.00      125.00        5.55       3
 01010  10.18 %  2026              40.00      125.00        5.65       2
 01010  10.18 %  2026              20.00      125.00        5.75       1
 02015   7.95 %  2032              45.00      100.30        5.60       1
     Total                       2312.77
B. State Government Securities
                                           NIL
C. Treasury Bills
   (i) 14 Day Bills (Maturity-wise)
      (DD/MM/YYYY)
                                           NIL
   (ii) 91 Day Bills (Maturity-wise)
      (DD/MM/YYYY)
        01/11/2002                 30.00       99.2868      5.65       1
        08/11/2002                 30.00       99.1791      5.65       1
     Total                         60.00
   (iii) 182 Day Bills (Maturity-wise)
      (DD/MM/YYYY)
                                           NIL
   (iv) 364 Day Bills (Maturity-wise)
       (DD/MM/YYYY)
        01/11/2002                115.00       99.2806      5.50       1
        16/11/2002                150.00       99.0482      5.55       2
        16/11/2002                 50.00       99.0482      5.55       1
        13/12/2002                 25.00       98.6209      5.60       1
        27/12/2002                 60.00       98.4050      5.60       2        16/05/2003                 60.00       96.2969      5.60       2
        11/07/2003                 80.00       95.4788      5.60       2
     Total                        540.00
---------------------------------------------------------------------------
  * Relate to the first leg of Repos
  # YTM(indicative) will depend upon assumed rate of inflation
Date :  16 September 2002