Subsidiary General Ledger Account Transactions
in Government Dated Securities and Treasury Bills
 at RBI, Mumbai on  02 November 2002
---------------------------------------------------------------------------
 Loan  Nomenclature              Amount           Price *        YTM %
 Code                            (Face Value)     Per Rs.100   Indicative
                                 (in Rs.Crore)    nominal
---------------------------------------------------------------------------
I.  Outright Transactions
A.Government of India Dated Securities
          Contract Date : November 01, 2002
 94010  11.55 %  2002              25.00          100.20           6.1574
 98007  12.00 %  2008              25.00          125.29           6.4650
 02010   7.55 %  2010              25.00          105.32           6.6406
 98021  12.40 %  2013               0.07          137.95           7.2659
          Contract Date : November 02, 2002
 94003  12.50 %  2004              15.00          108.835          5.7895
 95006  14.00 %  2005               0.88          119.25           5.8986
 95006  14.00 %  2005               0.65          119.70           5.7302
 95006  14.00 %  2005               0.05          118.00           6.3708
 00011  10.20 %  2005               0.14          110.90           5.7673
 97010  11.19 %  2005               5.00          100.00          11.1739
 97010  11.19 %  2005               0.90          100.00          11.1739
 97010  11.19 %  2005              25.00          113.34           5.9047
 97010  11.19 %  2005              25.00          113.34           5.9047
 96015  13.85 %  2006               0.03          120.50           7.5577
 97002  13.05 %  2007               5.00          126.15           6.2551
 97002  13.05 %  2007              10.00          126.15           6.2551
 98009  11.90 %  2007              10.00          122.61           6.1492
 98007  12.00 %  2008               5.00          125.30           6.4612
 98007  12.00 %  2008              10.00          125.28           6.4650
 98007  12.00 %  2008              25.00          125.35           6.4517
 98007  12.00 %  2008              15.00          125.35           6.4517
 00016  11.40 %  2008               5.00          124.32           6.3412
 00016  11.40 %  2008              15.00          124.31           6.3430
 00016  11.40 %  2008              10.00          124.30           6.3448
 00016  11.40 %  2008               5.00          124.34           6.3376
 00016  11.40 %  2008               2.00          124.25           6.3539
 00016  11.40 %  2008              10.00          124.35           6.3358
 00016  11.40 %  2008              10.00          124.33           6.3394
 00016  11.40 %  2008               5.00          124.40           6.3267
 00016  11.40 %  2008              10.00          124.39           6.3285
 00016  11.40 %  2008              15.00          124.35           6.3358
 98023  12.25 %  2008               5.00          127.80           6.4633
 98023  12.25 %  2008               5.00          127.80           6.4633
 99006  11.99 %  2009               5.00          128.44           6.5053
 99006  11.99 %  2009              10.00          128.40           6.5119
 99006  11.99 %  2009               5.00          128.460          6.5020
 99006  11.99 %  2009              10.00          128.40           6.5119
 99006  11.99 %  2009              25.00          128.40           6.5119
 79002   7.00 %  2009               0.25          101.25           6.7598
 79002   7.00 %  2009               1.00          101.55           6.7030
 02010   7.55 %  2010               5.00          105.32           6.6404
 02010   7.55 %  2010               5.00          105.33           6.6388
 02010   7.55 %  2010               5.00          105.33           6.6388
 02010   7.55 %  2010               5.00          105.33           6.6388
 02010   7.55 %  2010               5.00          105.34           6.63712
 02010   7.55 %  2010               5.00          105.41           6.6255
 02010   7.55 %  2010              10.00          105.41           6.6255
 02010   7.55 %  2010               5.00          105.40           6.6272
 02010   7.55 %  2010              10.00          105.42           6.6239
 02010   7.55 %  2010               5.00          105.45           6.6189
 02010   7.55 %  2010               5.00          105.44           6.6206
 02010   7.55 %  2010               5.00          105.46           6.6173
 02010   7.55 %  2010              10.00          105.41           6.6255
 02010   7.55 %  2010               5.00          105.55           6.6024
 02010   7.55 %  2010               5.00          105.42           6.6239
 02010   7.55 %  2010               5.00          105.50           6.6107
 02010   7.55 %  2010               5.00          105.55           6.6024
 02010   7.55 %  2010               5.00          105.51           6.6090
 02010   7.55 %  2010               5.00          105.40           6.6272
 02010   7.55 %  2010               5.00          105.65           6.5859
 02010   7.55 %  2010               5.00          105.52           6.6074
 02010   7.55 %  2010               5.00          105.60           6.5942
 02010   7.55 %  2010               5.00          105.50           6.6107
 02010   7.55 %  2010               5.00          105.55           6.6024
 02010   7.55 %  2010               5.00          105.65           6.5859
 02010   7.55 %  2010               5.00          105.55           6.6024
 02010   7.55 %  2010               5.00          105.44           6.6206
 00014  11.30 %  2010               5.00          127.18           6.7324
 00014  11.30 %  2010               5.00          127.18           6.7324
 00014  11.30 %  2010               5.00          127.19           6.7310
 00014  11.30 %  2010               5.00          127.17           6.7339
 82013   8.75 %  2010               0.40          110.70           6.9972
 99005  12.32 %  2011               5.00          132.80           7.0089
 99005  12.32 %  2011              25.00          132.80           7.0089
 81005   8.00 %  2011               1.00          104.75           7.2407
 01007   9.39 %  2011              10.00          116.07           6.8934
 01007   9.39 %  2011               5.00          116.07           6.8934
 01007   9.39 %  2011               5.00          116.08           6.8920
 01007   9.39 %  2011               5.00          116.08           6.8920
 01007   9.39 %  2011               5.00          116.07           6.8934
 01007   9.39 %  2011               5.00          116.08           6.8920
 01007   9.39 %  2011               5.00          116.08           6.8920
 01007   9.39 %  2011               5.00          116.09           6.8906
 01007   9.39 %  2011               5.00          116.25           6.8681
 01007   9.39 %  2011               5.00          116.15           6.8822
 01007   9.39 %  2011               5.00          116.23           6.8709
 01007   9.39 %  2011               5.00          116.22           6.8723
 01007   9.39 %  2011               5.00          116.24           6.8695
 01007   9.39 %  2011               5.00          116.20           6.8751
 01007   9.39 %  2011               5.00          116.15           6.8822
 01007   9.39 %  2011               5.00          116.14           6.8836
 01007   9.39 %  2011               5.00          116.15           6.8822
 01007   9.39 %  2011               5.00          116.19           6.8765
 01007   9.39 %  2011               5.00          116.19           6.8765
 01007   9.39 %  2011               5.00          116.20           6.8751
 01007   9.39 %  2011               5.00          116.22           6.8723
 01007   9.39 %  2011               5.00          116.20           6.8751
 01007   9.39 %  2011               5.00          116.25           6.8681
 01007   9.39 %  2011               5.00          116.23           6.8709
 01007   9.39 %  2011               5.00          116.22           6.8723
 01007   9.39 %  2011              10.00          116.15           6.8822
 01007   9.39 %  2011               5.00          116.19           6.8765
 01007   9.39 %  2011               5.00          116.24           6.8695
 01007   9.39 %  2011               5.00          116.14           6.8836
 01007   9.39 %  2011               5.00          116.22           6.8723
 01007   9.39 %  2011              10.00          116.25           6.86813
 01007   9.39 %  2011               5.00          116.30           6.8611
 01007   9.39 %  2011              10.00          116.20           6.8751
 01007   9.39 %  2011               5.00          116.25           6.8681
 01007   9.39 %  2011               5.00          116.20           6.8751
 01007   9.39 %  2011              10.00          116.17           6.8794
 01007   9.39 %  2011               5.00          116.20           6.8751
 01007   9.39 %  2011               5.00          116.41           6.8456
 01007   9.39 %  2011               5.00          116.20           6.8751
 01007   9.39 %  2011               5.00          116.44           6.8414
 01007   9.39 %  2011               5.00          116.45           6.8400
 01007   9.39 %  2011              25.00          116.24           6.8695
 01007   9.39 %  2011              25.00          116.22           6.8723
 00017  11.50 %  2011               5.00          130.420          6.9229
 00017  11.50 %  2011               5.00          130.43           6.9217
 00017  11.50 %  2011               5.00          130.43           6.9217
 00017  11.50 %  2011               5.00          130.450          6.9191
 00017  11.50 %  2011               5.00          130.450          6.9191
 00017  11.50 %  2011              10.00          130.450          6.9191
 00017  11.50 %  2011               5.00          130.450          6.9191
 00017  11.50 %  2011               5.00          130.41           6.9242
 00017  11.50 %  2011              10.00          130.44           6.9204
 00017  11.50 %  2011              25.00          130.44           6.9204
 00017  11.50 %  2011               5.00          130.540          6.9078
 00017  11.50 %  2011               5.00          130.580          6.9027
 00017  11.50 %  2011               5.00          130.50           6.9128
 00017  11.50 %  2011              20.00          130.550          6.9065
 00017  11.50 %  2011              10.00          130.550          6.9065
 00017  11.50 %  2011               5.00          130.580          6.9027
 00017  11.50 %  2011               5.00          130.540          6.9078
 00017  11.50 %  2011              10.00          130.60           6.9002
 00017  11.50 %  2011               5.00          130.480          6.9153
 00017  11.50 %  2011               5.00          130.480          6.9153
 00017  11.50 %  2011               5.00          130.62           6.8977
 00017  11.50 %  2011               5.00          130.50           6.9128
 00017  11.50 %  2011               5.00          130.60           6.9002
 00017  11.50 %  2011               5.00          130.60           6.9002
 00017  11.50 %  2011              10.00          130.540          6.9078
 00017  11.50 %  2011               5.00          130.68           6.8901
 00017  11.50 %  2011               5.00          130.60           6.9002
 00017  11.50 %  2011               5.00          130.63           6.8964
 00017  11.50 %  2011               5.00          130.670          6.8914
 00017  11.50 %  2011               5.00          130.75           6.8813
 00017  11.50 %  2011              10.00          130.550          6.9065
 00017  11.50 %  2011               5.00          130.550          6.9065
 00017  11.50 %  2011               5.00          130.540          6.9078
 00017  11.50 %  2011               5.00          130.740          6.8826
 00017  11.50 %  2011              20.00          130.75           6.8813
 00017  11.50 %  2011              10.00          130.53           6.9090
 00017  11.50 %  2011               5.00          130.60           6.9002
 00017  11.50 %  2011               5.00          130.540          6.9078
 00017  11.50 %  2011               5.00          130.790          6.8763
 00017  11.50 %  2011               5.00          130.520          6.9103
 00017  11.50 %  2011              10.00          130.550          6.9065
 00017  11.50 %  2011              10.00          130.550          6.9065
 00017  11.50 %  2011              25.00          130.50           6.9128
 00017  11.50 %  2011              25.00          130.550          6.9065
 02006   6.85 %  2012               5.00           99.66           6.8986
 02006   6.85 %  2012               5.00           99.65           6.9000
 02006   6.85 %  2012              10.00           99.95           6.8562
 02006   6.85 %  2012              25.00           99.95           6.8562
 02006   6.85 %  2012              10.00          100.05           6.84164
 02006   6.85 %  2012               5.00          100.05           6.8416
 02006   6.85 %  2012               5.00          100.05           6.8416
 02006   6.85 %  2012               5.00          100.07           6.8387
 02006   6.85 %  2012               5.00          100.05           6.8416
 02006   6.85 %  2012               5.00          100.07           6.8387
 02006   6.85 %  2012              10.00          100.00           6.8489
 02006   6.85 %  2012              10.00          100.05           6.8416
 02006   6.85 %  2012              10.00          100.08           6.8373
 02006   6.85 %  2012              10.00          100.05           6.8416
 02006   6.85 %  2012               5.00          100.05           6.8416
 02006   6.85 %  2012              10.00          100.05           6.8416
 02006   6.85 %  2012               5.00          100.07           6.8387
 02006   6.85 %  2012              10.00           99.95           6.8562
 02006   6.85 %  2012              10.00          100.05           6.8416
 02006   6.85 %  2012              25.00          100.00           6.8489
 02006   6.85 %  2012               5.00          100.05           6.8416
 02006   6.85 %  2012               5.00          100.00           6.8489
 02006   6.85 %  2012              10.00          100.05           6.8416
 02006   6.85 %  2012              25.00          100.00           6.8489
 02006   6.85 %  2012              10.00          100.00           6.8489
 02006   6.85 %  2012              10.00          100.03           6.8446
 00012  11.03 %  2012               8.00          100.00          11.0238
 00012  11.03 %  2012               5.00          128.105          6.9913
 00012  11.03 %  2012               5.00          128.10           6.9920
 00012  11.03 %  2012               5.00          128.10           6.9920
 00012  11.03 %  2012              10.00          128.10           6.9920
 00012  11.03 %  2012               5.00          128.15           6.9859
 00012  11.03 %  2012               5.00          128.15           6.9859
 00012  11.03 %  2012               5.00          128.110          6.9907
 00012  11.03 %  2012              10.00          128.15           6.9859
 00012  11.03 %  2012               5.00          128.12           6.9895
 00012  11.03 %  2012               5.00          128.15           6.9859
 00012  11.03 %  2012               5.00          128.15           6.9859
 00012  11.03 %  2012               5.00          128.10           6.9920
 00012  11.03 %  2012               5.00          128.15           6.9859
 00012  11.03 %  2012               5.00          128.210          6.9786
 00012  11.03 %  2012               5.00          128.210          6.9786
 00012  11.03 %  2012               5.00          128.230          6.9761
 00012  11.03 %  2012               5.00          128.200          6.9798
 00012  11.03 %  2012               5.00          128.230          6.9761
 00012  11.03 %  2012               5.00          128.25           6.9737
 00012  11.03 %  2012               5.00          128.25           6.9737
 00012  11.03 %  2012               5.00          128.18           6.9822
 00012  11.03 %  2012               5.00          128.25           6.9737
 00012  11.03 %  2012               5.00          128.260          6.9725
 00012  11.03 %  2012               5.00          128.240          6.9749
 00012  11.03 %  2012               5.00          128.290          6.9688
 00012  11.03 %  2012               5.00          128.240          6.9749
 00012  11.03 %  2012               5.00          128.300          6.9676
 00012  11.03 %  2012               5.00          128.300          6.9676
 00012  11.03 %  2012               5.00          128.18           6.9822
 00012  11.03 %  2012               5.00          128.230          6.9761
 00012  11.03 %  2012               5.00          128.300          6.9676
 00012  11.03 %  2012               5.00          128.200          6.9798
 00012  11.03 %  2012               5.00          128.230          6.9761
 00012  11.03 %  2012               5.00          128.300          6.9676
 00012  11.03 %  2012               5.00          128.22           6.9773
 00012  11.03 %  2012               5.00          128.31           6.9664
 00012  11.03 %  2012               5.00          128.300          6.9676
 00012  11.03 %  2012               5.00          128.200          6.9798
 00012  11.03 %  2012               5.00          128.25           6.97375
 00012  11.03 %  2012               5.00          128.300          6.9676
 00012  11.03 %  2012               5.00          128.210          6.9786
 00012  11.03 %  2012               5.00          128.270          6.9713
 00012  11.03 %  2012               5.00          128.25           6.9737
 00012  11.03 %  2012               5.00          128.260          6.9725
 00012  11.03 %  2012               5.00          128.300          6.9676
 00012  11.03 %  2012               5.00          128.28           6.9701
 00012  11.03 %  2012               5.00          128.22           6.9773
 00012  11.03 %  2012               5.00          128.290          6.9688
 00012  11.03 %  2012               5.00          128.35           6.9615
 00012  11.03 %  2012               5.00          128.40           6.9555
 00012  11.03 %  2012              10.00          128.25           6.9737
 00012  11.03 %  2012               5.00          128.210          6.9786
 00012  11.03 %  2012               5.00          128.300          6.9676
 00012  11.03 %  2012               5.00          128.35           6.9615
 00012  11.03 %  2012               5.00          128.25           6.9737
 00012  11.03 %  2012               5.00          128.200          6.9798
 00012  11.03 %  2012               5.00          128.22           6.9773
 00012  11.03 %  2012               5.00          128.32           6.9652
 00012  11.03 %  2012               5.00          128.260          6.9725
 00012  11.03 %  2012               5.00          128.22           6.9773
 00012  11.03 %  2012               5.00          128.28           6.9701
 00012  11.03 %  2012               5.00          128.300          6.9676
 00012  11.03 %  2012               5.00          128.240          6.9749
 00012  11.03 %  2012              10.00          128.270          6.9713
 00012  11.03 %  2012               5.00          128.450          6.9494
 00012  11.03 %  2012               5.00          128.300          6.9676
 00012  11.03 %  2012               5.00          128.230          6.9761
 00012  11.03 %  2012               5.00          128.40           6.9555
 00012  11.03 %  2012               5.00          128.450          6.9494
 00012  11.03 %  2012               5.00          128.450          6.9494
 00012  11.03 %  2012               5.00          128.25           6.9737
 00012  11.03 %  2012               5.00          128.300          6.9676
 00012  11.03 %  2012              10.00          128.35           6.9615
 00012  11.03 %  2012              10.00          128.480          6.9458
 00012  11.03 %  2012               5.00          128.300          6.9676
 00012  11.03 %  2012               5.00          128.240          6.9749
 00012  11.03 %  2012               5.00          128.240          6.9749
 82005   9.00 %  2013               0.03617       112.55           7.2756
 01005   9.81 %  2013              13.00          100.00           9.8076
 01005   9.81 %  2013              15.00          120.70           7.0052
 01005   9.81 %  2013              10.00          120.70           7.0052
 01005   9.81 %  2013              10.00          120.72           7.0028
 01005   9.81 %  2013               5.00          120.73           7.0016
 01005   9.81 %  2013               5.00          120.73           7.0016
 01005   9.81 %  2013               5.00          120.74           7.0004
 01005   9.81 %  2013               5.00          120.73           7.0016
 01005   9.81 %  2013               5.00          120.85           6.9873
 01005   9.81 %  2013              10.00          120.83           6.9897
 01005   9.81 %  2013               5.00          120.72           7.0028
 01005   9.81 %  2013               5.00          120.82           6.9909
 01005   9.81 %  2013               5.00          120.82           6.9909
 01005   9.81 %  2013               5.00          120.79           6.9945
 01005   9.81 %  2013               5.00          120.84           6.9885
 01005   9.81 %  2013               5.00          120.79           6.9945
 01005   9.81 %  2013               5.00          120.82           6.9909
 01005   9.81 %  2013               5.00          120.85           6.9873
 01005   9.81 %  2013               5.00          120.83           6.9897
 01005   9.81 %  2013               5.00          120.87           6.9849
 01005   9.81 %  2013               5.00          120.81           6.9921
 01005   9.81 %  2013               5.00          120.83           6.98976
 01005   9.81 %  2013               5.00          120.84           6.9885
 01005   9.81 %  2013               5.00          120.85           6.9873
 01005   9.81 %  2013               5.00          120.82           6.9909
 01005   9.81 %  2013               5.00          120.80           6.9933
 01005   9.81 %  2013               5.00          120.83           6.9897
 01005   9.81 %  2013               5.00          120.82           6.9909
 01005   9.81 %  2013               5.00          120.89           6.9825
 01005   9.81 %  2013               5.00          120.92           6.9789
 01005   9.81 %  2013               5.00          120.97           6.9730
 01005   9.81 %  2013               5.00          121.00           6.9694
 01005   9.81 %  2013              10.00          121.04           6.9646
 01005   9.81 %  2013               5.00          121.05           6.9635
 01005   9.81 %  2013               5.00          121.03           6.9658
 01005   9.81 %  2013               5.00          121.00           6.9694
 01005   9.81 %  2013               2.00          120.62           7.0148
 01005   9.81 %  2013               5.00          120.80           6.9933
 01005   9.81 %  2013               5.00          120.83           6.9897
 01005   9.81 %  2013               5.00          120.89           6.9825
 01005   9.81 %  2013               5.00          121.10           6.9575
 01005   9.81 %  2013               5.00          121.10           6.9575
 01005   9.81 %  2013               5.00          120.80           6.9933
 01005   9.81 %  2013               5.00          121.04           6.9646
 01005   9.81 %  2013               5.00          121.04           6.9646
 01005   9.81 %  2013               5.00          121.08           6.9599
 01005   9.81 %  2013               5.00          121.12           6.9551
 01005   9.81 %  2013               5.00          120.86           6.9861
 01005   9.81 %  2013              25.00          120.87           6.9849
 01005   9.81 %  2013               5.00          121.00           6.9694
 01005   9.81 %  2013               5.00          121.10           6.9575
 01005   9.81 %  2013               5.00          121.09           6.9587
 01005   9.81 %  2013               5.00          121.07           6.9611
 01005   9.81 %  2013               5.00          120.90           6.9813
 01005   9.81 %  2013               5.00          120.90           6.9813
 01005   9.81 %  2013              10.00          120.82           6.9909
 01005   9.81 %  2013               5.00          120.85           6.9873
 01005   9.81 %  2013               5.00          120.90           6.9813
 01005   9.81 %  2013               5.00          121.03           6.9658
 01005   9.81 %  2013               5.00          120.82           6.9909
 01005   9.81 %  2013               5.00          120.84           6.9885
 01005   9.81 %  2013               5.00          120.81           6.9921
 01005   9.81 %  2013              25.00          120.83           6.9897
 01005   9.81 %  2013               5.00          120.95           6.9754
 02017   7.27 %  2013               5.00          102.295          6.9630
 02017   7.27 %  2013               5.00          102.35           6.9558
 02017   7.27 %  2013               5.00          102.46           6.9414
 02017   7.27 %  2013               5.00          102.50           6.9362
 02017   7.27 %  2013               5.00          102.45           6.9428
 83004  10.00 %  2014               1.00          120.95           7.2885
 83004  10.00 %  2014               2.00          120.70           7.3169
 99020  11.83 %  2014               0.10          135.00           7.3875
 00015  11.43 %  2015               5.00          133.80           7.3093
 00015  11.43 %  2015               5.00          134.10           7.2796
 01011   9.85 %  2015               5.00          122.625          7.1430
 01011   9.85 %  2015               5.00          122.63           7.1424
 01011   9.85 %  2015              10.00          122.63           7.1424
 01011   9.85 %  2015              10.00          122.63           7.1424
 01011   9.85 %  2015               5.00          122.62           7.1435
 01011   9.85 %  2015               5.00          122.65           7.1404
 01011   9.85 %  2015               3.00          122.45           7.1612
 01011   9.85 %  2015               5.00          122.65           7.1404
 01011   9.85 %  2015               5.00          122.64           7.14147
 01011   9.85 %  2015               5.00          122.76           7.1289
 01011   9.85 %  2015               5.00          122.75           7.1300
 01011   9.85 %  2015              10.00          122.75           7.1300
 01011   9.85 %  2015               5.00          122.78           7.1269
 01011   9.85 %  2015               5.00          122.75           7.1300
 01011   9.85 %  2015               5.00          122.90           7.1144
 01011   9.85 %  2015               5.00          122.85           7.1196
 01011   9.85 %  2015              10.00          122.89           7.1155
 01011   9.85 %  2015               5.00          122.78           7.1269
 01011   9.85 %  2015               5.00          122.88           7.1165
 01011   9.85 %  2015               5.00          122.85           7.1196
 01011   9.85 %  2015               5.00          122.80           7.1248
 01011   9.85 %  2015               5.00          122.75           7.1300
 01011   9.85 %  2015               5.00          122.90           7.1144
 01011   9.85 %  2015               5.00          122.80           7.1248
 01011   9.85 %  2015               5.00          122.90           7.1144
 01011   9.85 %  2015               5.00          122.80           7.1248
 01011   9.85 %  2015               5.00          122.85           7.1196
 01011   9.85 %  2015               5.00          122.88           7.1165
 01011   9.85 %  2015               0.25          122.58           7.1476
 01011   9.85 %  2015               5.00          122.90           7.1144
 01011   9.85 %  2015               0.50          122.60           7.1456
 01011   9.85 %  2015               5.00          122.85           7.1196
 01011   9.85 %  2015               5.00          122.85           7.1196
 01011   9.85 %  2015               5.00          122.80           7.1248
 01011   9.85 %  2015               5.00          122.88           7.1165
 01011   9.85 %  2015               5.00          122.85           7.1196
 01011   9.85 %  2015               5.00          122.95           7.1092
 01011   9.85 %  2015               5.00          122.85           7.1196
 01011   9.85 %  2015               5.00          122.80           7.1248
 01011   9.85 %  2015               5.00          122.78           7.1269
 01011   9.85 %  2015               5.00          122.95           7.1092
 01011   9.85 %  2015               5.00          122.95           7.1092
 01011   9.85 %  2015               5.00          122.95           7.1092
 01011   9.85 %  2015               5.00          122.78           7.1269
 01011   9.85 %  2015               5.00          122.76           7.1289
 01011   9.85 %  2015               5.00          122.95           7.1092
 01011   9.85 %  2015               5.00          123.05           7.0989
 01011   9.85 %  2015               2.50          122.60           7.1456
 01011   9.85 %  2015               5.00          123.03           7.1010
 01011   9.85 %  2015               5.00          122.80           7.1248
 01011   9.85 %  2015               5.00          122.80           7.1248
 01011   9.85 %  2015               5.00          122.79           7.1258
 01011   9.85 %  2015               5.00          122.95           7.1092
 01011   9.85 %  2015               5.00          123.10           7.0937
 01011   9.85 %  2015              10.00          122.90           7.1144
 01011   9.85 %  2015              10.00          122.95           7.1092
 01011   9.85 %  2015               5.00          122.85           7.1196
 01011   9.85 %  2015              10.00          122.90           7.1144
 01011   9.85 %  2015               5.00          123.05           7.0989
 01011   9.85 %  2015               5.00          123.10           7.0937
 01011   9.85 %  2015               5.00          123.00           7.1041
 01011   9.85 %  2015               5.00          123.00           7.1041
 01011   9.85 %  2015               5.00          123.00           7.1041
 01011   9.85 %  2015               5.00          123.10           7.0937
 01011   9.85 %  2015               5.00          123.10           7.0937
 01011   9.85 %  2015               5.00          122.78           7.1269
 01011   9.85 %  2015               5.00          122.85           7.1196
 01011   9.85 %  2015               5.00          122.89           7.1155
 01011   9.85 %  2015               5.00          123.00           7.1041
 01011   9.85 %  2015               1.00          122.66           7.13938
 01011   9.85 %  2015               5.00          122.85           7.1196
 01011   9.85 %  2015               5.00          123.03           7.1010
 01011   9.85 %  2015               5.00          122.78           7.1269
 01011   9.85 %  2015              10.00          122.865          7.1180
 01011   9.85 %  2015               5.00          123.08           7.0958
 01011   9.85 %  2015               5.00          122.87           7.1175
 01011   9.85 %  2015               5.00          122.90           7.1144
 01011   9.85 %  2015               5.00          123.05           7.0989
 01011   9.85 %  2015               5.00          123.10           7.0937
 01011   9.85 %  2015               5.00          122.90           7.1144
 01011   9.85 %  2015               5.00          122.95           7.1092
 01011   9.85 %  2015               5.00          123.10           7.0937
 01011   9.85 %  2015               5.00          122.75           7.1300
 01011   9.85 %  2015               5.00          122.87           7.1175
 01011   9.85 %  2015               5.00          122.82           7.1227
 01011   9.85 %  2015               5.00          122.78           7.1269
 01011   9.85 %  2015              10.00          123.00           7.1041
 01011   9.85 %  2015               5.00          122.78           7.1269
 01011   9.85 %  2015              10.00          122.95           7.1092
 01011   9.85 %  2015               5.00          122.95           7.1092
 01011   9.85 %  2015               5.00          123.05           7.0989
 01011   9.85 %  2015               5.00          122.865          7.1180
 01011   9.85 %  2015               5.00          122.80           7.1248
 01011   9.85 %  2015               5.00          122.82           7.1227
 01011   9.85 %  2015              25.00          122.90           7.1144
 01011   9.85 %  2015              25.00          123.00           7.1041
 01011   9.85 %  2015               5.00          123.10           7.0937
 01003  10.71 %  2016              10.00          129.450          7.2474
 01003  10.71 %  2016               5.00          129.450          7.2474
 01003  10.71 %  2016               5.00          129.47           7.2455
 01003  10.71 %  2016               5.00          129.65           7.2278
 01003  10.71 %  2016              10.00          129.800          7.2131
 01003  10.71 %  2016               5.00          129.800          7.2131
 01003  10.71 %  2016               5.00          129.75           7.2180
 01003  10.71 %  2016               5.00          129.75           7.2180
 01003  10.71 %  2016               5.00          129.90           7.2034
 01003  10.71 %  2016               5.00          129.75           7.2180
 01003  10.71 %  2016               5.00          129.85           7.2082
 01003  10.71 %  2016               5.00          129.730          7.2200
 01003  10.71 %  2016               5.00          129.85           7.2082
 01003  10.71 %  2016               5.00          130.00           7.1936
 01003  10.71 %  2016               5.00          129.90           7.2034
 01003  10.71 %  2016               5.00          129.85           7.2082
 01003  10.71 %  2016               5.00          130.00           7.1936
 01003  10.71 %  2016               5.00          129.700          7.2229
 01003  10.71 %  2016              10.00          129.800          7.2131
 01003  10.71 %  2016               5.00          130.10           7.1839
 01003  10.71 %  2016               5.00          129.950          7.1985
 01003  10.71 %  2016               5.00          129.980          7.1956
 01003  10.71 %  2016               5.00          130.03           7.1907
 01003  10.71 %  2016               5.00          130.040          7.1897
 01003  10.71 %  2016               5.00          129.980          7.1956
 01003  10.71 %  2016               5.00          130.00           7.1936
 01003  10.71 %  2016               5.00          130.15           7.1790
 01003  10.71 %  2016               5.00          130.06           7.1878
 01003  10.71 %  2016               5.00          130.00           7.1936
 01003  10.71 %  2016               5.00          130.06           7.1878
 01003  10.71 %  2016               5.00          129.90           7.2034
 01003  10.71 %  2016               5.00          130.09           7.1848
 01003  10.71 %  2016               5.00          130.13           7.1809
 01003  10.71 %  2016               5.00          130.10           7.18399
 01003  10.71 %  2016               5.00          130.110          7.1829
 01003  10.71 %  2016               5.00          130.13           7.1809
 01003  10.71 %  2016               5.00          130.110          7.1829
 01003  10.71 %  2016               5.00          130.15           7.1790
 01003  10.71 %  2016               5.00          129.800          7.2131
 01003  10.71 %  2016               5.00          129.800          7.2131
 01003  10.71 %  2016               5.00          129.94           7.1995
 02001   8.07 %  2017               5.00          107.41           7.2250
 02001   8.07 %  2017              10.00          107.415          7.2245
 02001   8.07 %  2017              10.00          107.41           7.2250
 02001   8.07 %  2017               5.00          107.44           7.2218
 02001   8.07 %  2017               5.00          107.44           7.2218
 02001   8.07 %  2017               1.00          107.50           7.2153
 02001   8.07 %  2017               5.00          107.43           7.2229
 02001   8.07 %  2017               5.00          107.40           7.2261
 02001   8.07 %  2017               1.00          107.40           7.2261
 02001   8.07 %  2017               5.00          107.45           7.2207
 02001   8.07 %  2017               5.00          107.60           7.2045
 02001   8.07 %  2017               5.00          107.55           7.2099
 02001   8.07 %  2017               5.00          107.59           7.2056
 02001   8.07 %  2017               5.00          107.64           7.2002
 02001   8.07 %  2017              10.00          107.64           7.2002
 02001   8.07 %  2017              15.00          107.64           7.2002
 02001   8.07 %  2017               5.00          107.64           7.2002
 02001   8.07 %  2017               5.00          107.62           7.2023
 02001   8.07 %  2017               5.00          107.67           7.1969
 02001   8.07 %  2017               5.00          107.65           7.1991
 02001   8.07 %  2017               5.00          107.55           7.2099
 02001   8.07 %  2017               5.00          107.59           7.2056
 02001   8.07 %  2017               5.00          107.60           7.2045
 02001   8.07 %  2017               5.00          107.70           7.1937
 02001   8.07 %  2017               5.00          107.69           7.1948
 02001   8.07 %  2017               5.00          107.62           7.2023
 02001   8.07 %  2017               5.00          107.65           7.1991
 02001   8.07 %  2017               5.00          107.70           7.1937
 02001   8.07 %  2017               5.00          107.60           7.2045
 02001   8.07 %  2017               5.00          107.69           7.1948
 02001   8.07 %  2017               5.00          107.60           7.2045
 02001   8.07 %  2017               1.00          107.40           7.2261
 02001   8.07 %  2017               5.00          107.65           7.1991
 02001   8.07 %  2017               1.00          106.98           7.2717
 02001   8.07 %  2017               5.00          107.62           7.2023
 02001   8.07 %  2017               5.00          107.63           7.2012
 02001   8.07 %  2017               5.00          107.70           7.1937
 02001   8.07 %  2017               5.00          107.64           7.2002
 02001   8.07 %  2017              10.00          107.65           7.1991
 02001   8.07 %  2017               5.00          107.67           7.1969
 02001   8.07 %  2017               5.00          107.58           7.2066
 02001   8.07 %  2017               5.00          107.73           7.1904
 02001   8.07 %  2017               5.00          107.60           7.2045
 02001   8.07 %  2017               5.00          107.62           7.2023
 02001   8.07 %  2017               5.00          107.74           7.1894
 02001   8.07 %  2017               5.00          107.65           7.1991
 02001   8.07 %  2017               5.00          107.66           7.1980
 02001   8.07 %  2017               5.00          107.75           7.1883
 02001   8.07 %  2017               5.00          107.80           7.1829
 02001   8.07 %  2017               5.00          107.62           7.2023
 02001   8.07 %  2017               5.00          107.65           7.1991
 02001   8.07 %  2017               5.00          107.55           7.2099
 02001   8.07 %  2017               5.00          107.70           7.1937
 02001   8.07 %  2017               5.00          107.60           7.204510
 02001   8.07 %  2017               5.00          107.59           7.2056
 02001   8.07 %  2017               5.00          107.63           7.2012
 02001   8.07 %  2017               5.00          107.63           7.2012
 02001   8.07 %  2017               5.00          107.85           7.1775
 02001   8.07 %  2017               5.00          107.60           7.2045
 02001   8.07 %  2017              10.00          107.60           7.2045
 02001   8.07 %  2017               5.00          107.75           7.1883
 02001   8.07 %  2017              10.00          107.62           7.2023
 02001   8.07 %  2017               1.00          107.40           7.2261
 02001   8.07 %  2017               5.00          107.95           7.1667
 02001   8.07 %  2017               5.00          107.71           7.1926
 02001   8.07 %  2017               0.25          107.40           7.2261
 02001   8.07 %  2017              10.00          107.65           7.1991
 02001   8.07 %  2017               5.00          107.70           7.1937
 02001   8.07 %  2017               5.00          107.65           7.1991
 02001   8.07 %  2017               5.00          107.61           7.2034
 02001   8.07 %  2017               5.00          107.61           7.2034
 02001   8.07 %  2017               5.00          107.60           7.2045
 02001   8.07 %  2017               5.00          107.58           7.2066
 02001   8.07 %  2017               5.00          107.60           7.2045
 02001   8.07 %  2017               5.00          107.97           7.1646
 02001   8.07 %  2017               5.00          108.00           7.1614
 02001   8.07 %  2017               5.00          107.74           7.1894
 02001   8.07 %  2017               5.00          107.74           7.1894
 02001   8.07 %  2017               5.00          107.82           7.1807
 02001   8.07 %  2017               5.00          107.75           7.1883
 02001   8.07 %  2017               1.00          106.25           7.3516
 02001   8.07 %  2017               5.00          107.90           7.1721
 02001   8.07 %  2017               5.00          107.78           7.1851
 02001   8.07 %  2017               5.00          107.65           7.1991
 02001   8.07 %  2017              10.00          107.75           7.1883
 02001   8.07 %  2017               1.00          107.79           7.1840
 02001   8.07 %  2017               5.00          107.85           7.1775
 02001   8.07 %  2017              10.00          107.895          7.1727
 02001   8.07 %  2017               5.00          107.80           7.1829
 02001   8.07 %  2017               5.00          107.95           7.1667
 02001   8.07 %  2017               5.00          108.02           7.1592
 02001   8.07 %  2017               5.00          107.89           7.1732
 02001   8.07 %  2017               5.00          107.68           7.1958
 02001   8.07 %  2017               5.00          107.95           7.1667
 02001   8.07 %  2017               5.00          108.00           7.1614
 02001   8.07 %  2017               5.00          107.62           7.2023
 02001   8.07 %  2017               5.00          107.84           7.1786
 02001   8.07 %  2017               5.00          108.02           7.1592
 02001   8.07 %  2017              10.00          107.99           7.1624
 02001   8.07 %  2017               5.00          107.75           7.1883
 02001   8.07 %  2017               5.00          107.60           7.2045
 02001   8.07 %  2017               5.00          107.65           7.1991
 02001   8.07 %  2017               5.00          107.70           7.1937
 02001   8.07 %  2017               5.00          107.80           7.1829
 02001   8.07 %  2017               5.00          108.00           7.1614
 02001   8.07 %  2017               5.00          107.65           7.1991
 02001   8.07 %  2017               5.00          108.00           7.1614
 02001   8.07 %  2017              10.00          108.00           7.1614
 02001   8.07 %  2017               5.00          107.95           7.1667
 02001   8.07 %  2017               5.00          107.90           7.1721
 02001   8.07 %  2017               0.25          107.33           7.2337
 02001   8.07 %  2017               5.00          107.90           7.1721
 02001   8.07 %  2017               5.00          107.63           7.2012
 02001   8.07 %  2017               5.00          107.80           7.1829
 02001   8.07 %  2017               5.00          107.93           7.168911
 02001   8.07 %  2017              10.00          108.00           7.1614
 02001   8.07 %  2017               5.00          108.00           7.1614
 02001   8.07 %  2017               5.00          107.99           7.1624
 02001   8.07 %  2017               5.00          107.96           7.1657
 02001   8.07 %  2017               5.00          107.95           7.1667
 02001   8.07 %  2017               5.00          107.99           7.1624
 02001   8.07 %  2017               1.00          107.36           7.2304
 02001   8.07 %  2017               5.00          108.00           7.1614
 02001   8.07 %  2017               5.00          107.71           7.1926
 02001   8.07 %  2017               5.00          107.78           7.1851
 02001   8.07 %  2017               5.00          107.74           7.1894
 02001   8.07 %  2017               5.00          107.60           7.2045
 02001   8.07 %  2017               0.04          106.85           7.2859
 02001   8.07 %  2017               5.00          107.62           7.2023
 02001   8.07 %  2017               5.00          107.62           7.2023
 02001   8.07 %  2017               5.00          107.95           7.1667
 02001   8.07 %  2017               5.00          108.00           7.1614
 02001   8.07 %  2017               5.00          107.60           7.2045
 02001   8.07 %  2017              25.00          107.60           7.2045
 02001   8.07 %  2017              25.00          107.71           7.1926
 02001   8.07 %  2017              25.00          107.64           7.2002
 02001   8.07 %  2017              25.00          107.90           7.1721
 02001   8.07 %  2017               1.00          107.55           7.2099
 02001   8.07 %  2017               5.00          107.45           7.2207
 02001   8.07 %  2017               1.00          107.73           7.1904
 02007   7.49 %  2017               5.00          102.60           7.1971
 02007   7.49 %  2017               5.00          102.60           7.1971
 02007   7.49 %  2017               5.00          102.60           7.1971
 02007   7.49 %  2017               2.00          102.55           7.2026
 02007   7.49 %  2017               5.00          102.61           7.1960
 02007   7.49 %  2017               5.00          102.62           7.1949
 02007   7.49 %  2017               3.00          102.63           7.1938
 02007   7.49 %  2017               0.50          102.65           7.1916
 02007   7.49 %  2017               0.50          102.52           7.2059
 02007   7.49 %  2017               5.00          102.65           7.1916
 02007   7.49 %  2017               5.00          102.90           7.1640
 02007   7.49 %  2017               5.00          102.90           7.1640
 02007   7.49 %  2017               5.00          102.92           7.1618
 02007   7.49 %  2017              15.00          103.00           7.1530
 02007   7.49 %  2017               0.25          102.57           7.2004
 02007   7.49 %  2017               0.25          102.45           7.2137
 02007   7.49 %  2017               2.00          102.69           7.1872
 02007   7.49 %  2017               2.00          102.70           7.1861
 02007   7.49 %  2017               1.00          102.70           7.1861
 02007   7.49 %  2017               5.00          103.04           7.1486
 02007   7.49 %  2017               0.50          102.50           7.2081
 02007   7.49 %  2017               5.00          102.95           7.1585
 02007   7.49 %  2017               5.00          103.04           7.1486
 02007   7.49 %  2017               5.00          102.95           7.1585
 02007   7.49 %  2017               5.00          102.93           7.1607
 02007   7.49 %  2017               5.00          103.00           7.1530
 02007   7.49 %  2017               5.00          102.90           7.1640
 02007   7.49 %  2017               5.00          103.05           7.1475
 02007   7.49 %  2017               5.00          103.03           7.1497
 02007   7.49 %  2017               0.25          102.50           7.2081
 02007   7.49 %  2017               0.50          101.25           7.3476
 02007   7.49 %  2017               6.00          102.95           7.1585
 02014   7.46 %  2017               0.50          102.45           7.1870
 02014   7.46 %  2017               1.00          102.46           7.1859
 02014   7.46 %  2017               1.00          102.47           7.1848
 02014   7.46 %  2017              10.00          102.445          7.187512
 02014   7.46 %  2017               5.00          102.45           7.1870
 02014   7.46 %  2017               5.00          102.44           7.1881
 02014   7.46 %  2017               5.00          102.45           7.1870
 02014   7.46 %  2017               5.00          102.47           7.1848
 02014   7.46 %  2017              10.00          102.46           7.1859
 02014   7.46 %  2017              10.00          102.47           7.1848
 02014   7.46 %  2017              10.00          102.47           7.1848
 02014   7.46 %  2017               1.00          102.51           7.1804
 02014   7.46 %  2017               1.00          102.46           7.1859
 02014   7.46 %  2017               1.00          102.41           7.1913
 02014   7.46 %  2017               2.00          102.48           7.1837
 02014   7.46 %  2017              20.00          102.65           7.1652
 02014   7.46 %  2017              10.00          102.65           7.1652
 02014   7.46 %  2017               5.00          102.60           7.1706
 02014   7.46 %  2017               1.00          102.46           7.1859
 02014   7.46 %  2017               5.00          102.64           7.1663
 02014   7.46 %  2017               5.00          102.65           7.1652
 02014   7.46 %  2017               5.00          102.68           7.1620
 02014   7.46 %  2017              10.00          102.70           7.1598
 02014   7.46 %  2017               5.00          102.70           7.1598
 02014   7.46 %  2017               5.00          102.58           7.1728
 02014   7.46 %  2017               5.00          102.60           7.1706
 02014   7.46 %  2017               5.00          102.64           7.1663
 02014   7.46 %  2017               5.00          102.75           7.1544
 02014   7.46 %  2017               5.00          102.60           7.1706
 02014   7.46 %  2017               5.00          102.61           7.1696
 02014   7.46 %  2017               5.00          102.82           7.1468
 02014   7.46 %  2017               5.00          102.73           7.1565
 02014   7.46 %  2017               0.25          102.45           7.1870
 02014   7.46 %  2017               5.00          102.70           7.1598
 02014   7.46 %  2017               5.00          102.75           7.1544
 02014   7.46 %  2017               5.00          102.86           7.1424
 02014   7.46 %  2017               5.00          102.86           7.1424
 02014   7.46 %  2017               0.25          102.50           7.1815
 02014   7.46 %  2017               1.00          102.44           7.1881
 02014   7.46 %  2017               0.25          102.47           7.1848
 02014   7.46 %  2017              10.00          102.80           7.1489
 02014   7.46 %  2017               5.00          102.60           7.1706
 02014   7.46 %  2017               0.50          102.50           7.1815
 02014   7.46 %  2017               1.00          102.48           7.1837
 02014   7.46 %  2017               5.00          102.86           7.1424
 02014   7.46 %  2017              10.00          102.64           7.1663
 02014   7.46 %  2017              10.00          102.70           7.1598
 02014   7.46 %  2017               5.00          102.60           7.1706
 02014   7.46 %  2017               5.00          102.65           7.1652
 02014   7.46 %  2017              10.00          102.75           7.1544
 02014   7.46 %  2017               1.00          102.84           7.1446
 02014   7.46 %  2017               5.00          102.88           7.1403
 02014   7.46 %  2017               5.00          102.85           7.1435
 02014   7.46 %  2017               5.00          102.70           7.1598
 02014   7.46 %  2017               5.00          102.95           7.1327
 02014   7.46 %  2017               5.00          102.70           7.1598
 02014   7.46 %  2017               5.00          102.74           7.1554
 02014   7.46 %  2017               0.50          102.80           7.1489
 02014   7.46 %  2017               5.00          102.85           7.1435
 02014   7.46 %  2017               5.00          102.67           7.1630
 02014   7.46 %  2017               0.25          102.75           7.1544
 02014   7.46 %  2017               1.00          102.65           7.1652
 02014   7.46 %  2017               8.00          102.755          7.1538
 02014   7.46 %  2017               0.60          102.45           7.1870
 00008  10.70 %  2020               0.50          128.300          7.721713
 01006  10.25 %  2021               5.00          128.080          7.4362
 01006  10.25 %  2021               5.00          128.080          7.4362
 01006  10.25 %  2021               1.00          128.06           7.4379
 01006  10.25 %  2021               5.00          128.75           7.3807
 01006  10.25 %  2021               5.00          128.60           7.3931
 01006  10.25 %  2021               5.00          128.800          7.3766
 01006  10.25 %  2021               5.00          128.800          7.3766
 01006  10.25 %  2021              10.00          128.85           7.3724
 01006  10.25 %  2021               5.00          128.800          7.3766
 01006  10.25 %  2021               5.00          128.75           7.3807
 01006  10.25 %  2021               5.00          128.75           7.3807
 01006  10.25 %  2021               5.00          128.85           7.3724
 01006  10.25 %  2021               5.00          128.950          7.3642
 01006  10.25 %  2021               5.00          128.85           7.3724
 01006  10.25 %  2021               5.00          128.800          7.3766
 01006  10.25 %  2021               5.00          129.00           7.3601
 01006  10.25 %  2021               5.00          128.75           7.3807
 01006  10.25 %  2021               5.00          128.78           7.3782
 01006  10.25 %  2021               5.00          128.800          7.3766
 01006  10.25 %  2021               5.00          128.950          7.3642
 01006  10.25 %  2021               5.00          129.00           7.3601
 01006  10.25 %  2021               5.00          129.00           7.3601
 01006  10.25 %  2021               5.00          128.85           7.3724
 01006  10.25 %  2021               5.00          128.950          7.3642
 01006  10.25 %  2021               5.00          128.85           7.3724
 01006  10.25 %  2021               5.00          128.85           7.3724
 01006  10.25 %  2021               5.00          128.800          7.3766
 01006  10.25 %  2021               5.00          128.800          7.3766
 01006  10.25 %  2021               5.00          128.950          7.3642
 01006  10.25 %  2021              10.00          128.93           7.3658
 01006  10.25 %  2021              10.00          128.950          7.3642
 01006  10.25 %  2021               5.00          129.10           7.3518
 01006  10.25 %  2021              10.00          129.00           7.3601
 01006  10.25 %  2021               5.00          128.800          7.3766
 01006  10.25 %  2021               5.00          129.15           7.3477
 01006  10.25 %  2021              10.00          129.07           7.3543
 01006  10.25 %  2021               0.25          128.050          7.4387
 01006  10.25 %  2021               5.00          128.950          7.3642
 01006  10.25 %  2021               5.00          128.950          7.3642
 01006  10.25 %  2021              25.00          128.85           7.3724
 02011   8.35 %  2022               5.00          109.32           7.4373
 02011   8.35 %  2022               5.00          109.33           7.4364
 02011   8.35 %  2022               5.00          110.00           7.3753
 02011   8.35 %  2022               5.00          110.00           7.3753
 02011   8.35 %  2022               5.00          110.25           7.3526
 02011   8.35 %  2022               5.00          109.98           7.3771
 02011   8.35 %  2022               5.00          110.00           7.3753
 02011   8.35 %  2022               5.00          110.25           7.3526
 02011   8.35 %  2022               5.00          110.00           7.3753
 02011   8.35 %  2022               5.00          110.36           7.3427
 02011   8.35 %  2022               5.00          110.36           7.3427
 02011   8.35 %  2022               5.00          110.00           7.3753
 02011   8.35 %  2022               5.00          110.25           7.3526
 02011   8.35 %  2022              10.00          110.36           7.3427
 02011   8.35 %  2022              10.00          110.05           7.3707
 02011   8.35 %  2022               5.00          110.25           7.3526
 02011   8.35 %  2022               5.00          110.25           7.3526
 02011   8.35 %  2022               5.00          110.05           7.3707
 01010  10.18 %  2026               5.00          128.38           7.5866
 01010  10.18 %  2026               5.00          129.10           7.5330
 01010  10.18 %  2026               5.00          129.050          7.536714
 01010  10.18 %  2026               5.00          129.140          7.5300
 01010  10.18 %  2026               5.00          129.00           7.5404
 01010  10.18 %  2026               5.00          129.00           7.5404
 01010  10.18 %  2026               5.00          129.050          7.5367
 01010  10.18 %  2026               5.00          128.800          7.5553
 01010  10.18 %  2026               5.00          128.60           7.5702
 01010  10.18 %  2026               5.00          128.60           7.5702
 01010  10.18 %  2026               5.00          129.13           7.5308
 01010  10.18 %  2026               5.00          129.00           7.5404
 01010  10.18 %  2026               5.00          129.00           7.5404
 02015   7.95 %  2032               3.50          103.52           7.6472
 02015   7.95 %  2032               5.00          104.20           7.5910
 02015   7.95 %  2032               5.00          103.70           7.6323
 02015   7.95 %  2032               5.00          104.35           7.5786
 02015   7.95 %  2032               5.00          104.52           7.5647
 02015   7.95 %  2032               5.00          104.62           7.5565
 02015   7.95 %  2032               5.00          104.55           7.5623
 02015   7.95 %  2032               2.50          103.40           7.6572
 02015   7.95 %  2032               5.00          104.15           7.5951
 02015   7.95 %  2032               5.00          104.65           7.5541
 02015   7.95 %  2032               5.00          104.57           7.5606
 02015   7.95 %  2032               5.00          104.51           7.5655
 02015   7.95 %  2032               5.00          104.50           7.5664
 02015   7.95 %  2032               5.00          104.01           7.6066
 02015   7.95 %  2032              15.00          104.80           7.5418
 02015   7.95 %  2032               0.25          104.40           7.5745
 02015   7.95 %  2032               1.00          102.77           7.7100
 02015   7.95 %  2032               1.00          103.66           7.6356
 02015   7.95 %  2032               0.50          103.71           7.6314
 02015   7.95 %  2032               5.00          103.75           7.6281
 02015   7.95 %  2032               5.00          104.55           7.5623
 02015   7.95 %  2032               5.00          104.00           7.6075
     Total                       4833.64617
B. State Government Securities
          Contract Date : November 02, 2002
 94202 12.50% ANDHRA PRADESH SDL
       2004                         5.708         107.75          6.9010
 94211 12.50% KARNATAKA SDL 2004    1.00          107.75          6.9010
 94214 12.50% MAHARASHTRA SDL
       2004                         2.00          107.75          6.9010
 95222 14.00% TAMILNADU S.D.L.
       2005                         0.04          117.00          6.6518
 97224 13.75 % UTTAR PRADESH SDL
       2007                         1.92          122.30          7.4778
 92225 13.00% UTTAR PRADESH S.D.
       2007                         0.94          121.60          7.4743
 00206 11% AP SDL 2010              0.69          118.75          7.6302
 00208 11% MP SDL 2010              0.51          120.17          7.4037
 91225 12.00% ANDHRA PRADESH
       S.D. 2011                    0.40          128.00          7.6153
 01289 8.37% MAHARASHTRA SDL
       2011(ON TAP)                 1.00          105.40          7.5390
 02207 8.30% GUJRAT SDL 2012        2.50          105.86          7.4099
 02215 8.30% MAHARASHTRA SDL
       2012                         1.00          105.86          7.4099
 02215 8.30% MAHARASHTRA SDL
       2012                         2.00          105.00          7.5361
 02207 8.30% GUJRAT SDL 2012        0.75          104.90          7.5508
 02215 8.30% MAHARASHTRA SDL
       2012                         7.00          106.95          7.252015
 02223 8.30% TAMILNADU SDL 2012     0.55          104.75          7.5730
 02235 8.00% GUJRAT SDL 2012        1.25          103.91          7.4114
 02243 8.00% MAHARASHTRA SDL
       2012                         0.50          103.91          7.4114
 02243 8.00% MAHARASHTRA SDL
       2012                         1.00          102.30          7.6493
 02235 8.00% GUJRAT SDL 2012        0.25          103.25          7.5083
 02290 7.80% CHATTISGARH SDL
       2012 (SECOND SERIES)         1.434         103.02          7.3595
 02296 7.80% JHARKAND SDL 2012
       (SECOND SERIES)              2.7026        103.02          7.3595
     Total                         35.1446
C. Treasury Bills
   (i) 14 Day Bills (Maturity-wise)
       (DD/MM/YYYY)
                                           NIL
  (ii) 91 Day Bills (Maturity-wise)
       (DD/MM/YYYY)
          Contract Date : November 02, 2002
        08/11/2002                 17.50           99.9004         6.0484
        29/11/2002                  0.40           99.5985         5.4346
        27/12/2002                 15.65           99.1780         5.4852
        24/01/2003                  2.40           98.7648         5.4848
        31/01/2003                  5.00           98.6596         5.4948
        31/01/2003                  8.43           98.6620         5.4849
     Total                         49.38
   (iii) 182 Day Bills (Maturity-wise)
       (DD/MM/YYYY)
                                           NIL
   (iv) 364 Day Bills (Maturity-wise)
       (DD/MM/YYYY)
          Contract Date : November 02, 2002
        31/10/2003                 11.57           94.7245         5.5847
        31/10/2003                 18.00           94.7245         5.5847
     Total                         29.57
II.  REPO Transactions *
    (Other than with RBI)
---------------------------------------------------------------------------
 Loan  Nomenclature                Amount      Price *   Repo Rate   Repo
 Code                            (Face Value) Per Rs.100   (%pa)    Period
                                 (in Rs.Crore) Nominal              (Days)
           (1)                      (2)          (3)        (4)      (5)
---------------------------------------------------------------------------
A. Government of India Dated Securities
 01012   6.23 %  2006              31.20      100.00        5.20       3
 01012   6.23 %  2006              25.00      100.00        5.25       5
 01012   6.23 %  2006              25.00      100.00        5.25       5
 01005   9.81 %  2013               5.00      120.50        5.75      14
 02017   7.27 %  2013               5.00      102.00        5.75      14
 01001  10.47 %  2015               5.00      112.00        6.50       3
 01003  10.71 %  2016               5.00      129.00        5.75      14
 02001   8.07 %  2017              10.00      107.00        5.75      14
 02001   8.07 %  2017               5.00      107.70        5.25       5
 02001   8.07 %  2017               5.00      107.70        5.25       5
 02001   8.07 %  2017               5.00      107.70        5.25       5
 02001   8.07 %  2017               5.00      107.70        5.25       5
 02001   8.07 %  2017               5.00      107.70        5.25       5
 02001   8.07 %  2017               5.00      107.70        5.25       5
 02001   8.07 %  2017               5.00      107.70        5.25       516
 02001   8.07 %  2017               5.00      107.70        5.25       5
 02001   8.07 %  2017               5.00      107.70        5.25       5
 01006  10.25 %  2021               5.00      116.00        6.50       3
     Total                        161.20
B. State Government Securities
                                           NIL
C. Treasury Bills
   (i) 14 Day Bills (Maturity-wise)
      (DD/MM/YYYY)
                                           NIL
   (ii) 91 Day Bills (Maturity-wise)
      (DD/MM/YYYY)
  (iii) 182 Day Bills (Maturity-wise)
      (DD/MM/YYYY)
                                           NIL
   (iv) 364 Day Bills (Maturity-wise)
       (DD/MM/YYYY)
        10/01/2003                 42.00       98.9710      5.25       5
        03/10/2003                  0.36       95.1115      5.60       3
     Total                         42.36
  * Relate to the first leg of Repos
  # YTM(indicative) will depend upon assumed rate of inflation
November 05,2002