Subsidiary General Ledger Account Transactions
in Government Dated Securities and Treasury Bills
at RBI, Mumbai on 07 October 2002
---------------------------------------------------------------------------
 Loan  Nomenclature              Amount           Price *        YTM %
 Code                            (Face Value)     Per Rs.100   Indicative
                                 (in Rs.Crore)    nominal
---------------------------------------------------------------------------
I.  Outright Transactions
A.Government of India Dated Securities
          Contract Date : October 05, 2002
 81005   8.00 %  2011               0.0214        105.35           7.1524
 83004  10.00 %  2014               0.09          120.95           7.2975
 99019  12.30 %  2016               0.05          140.75           7.4957
 02014   7.46 %  2017               5.00          100.275          7.4279
 01010  10.18 %  2026              25.00          124.90           7.8554
          Contract Date : October 07, 2002
 73001   5.75 %  2003               0.0045         99.30           6.9534
 94003  12.50 %  2004              10.00          109.08           5.9169
 94003  12.50 %  2004              10.00          109.08           5.9169
 98008  11.50 %  2004               5.00          108.27           5.9594
 97007  12.59 %  2004              10.00          110.50           5.9784
 97007  12.59 %  2004               5.00          110.51           5.9725
 98011  11.75 %  2004              30.00          109.15           5.9954
 98017  11.95 %  2004              25.00          109.95           6.0137
 85006  10.50 %  2005               0.75          109.81           6.3721
 97010  11.19 %  2005               5.00          113.355          6.0100
 97010  11.19 %  2005               5.00          113.38           6.0010
 97010  11.19 %  2005               5.00          113.38           6.0010
 77005   6.50 %  2005               0.0365         98.50           7.0658
 97002  13.05 %  2007               5.00          125.75           6.4214
 97002  13.05 %  2007               5.00          125.80           6.4103
 97002  13.05 %  2007               5.00          125.805          6.4092
 98009  11.90 %  2007               5.00          122.50           6.2377
 98009  11.90 %  2007               5.00          122.54           6.2288
 98009  11.90 %  2007               5.00          122.54           6.2288
 98009  11.90 %  2007              10.00          122.52           6.2333
 98007  12.00 %  2008              10.00          124.95           6.5750
 00016  11.40 %  2008               5.00          123.89           6.4627
 00016  11.40 %  2008              10.00          123.89           6.4627
 00016  11.40 %  2008               5.00          123.90           6.4609
 00016  11.40 %  2008               5.00          123.90           6.4609
 00016  11.40 %  2008               5.00          123.90           6.4609
 00016  11.40 %  2008               5.00          123.90           6.4609
 00016  11.40 %  2008               5.00          123.905          6.4599
 00016  11.40 %  2008               5.00          123.90           6.4609
 00016  11.40 %  2008               5.00          123.95           6.4518
 00016  11.40 %  2008               5.00          123.90           6.4609
 00016  11.40 %  2008               5.00          123.93           6.4554
 00016  11.40 %  2008               5.00          123.90           6.4609
 00016  11.40 %  2008               5.00          123.90           6.4609 00016  11.40 %  2008               5.00          123.90           6.4609
 00016  11.40 %  2008               5.00          123.90           6.4609
 00016  11.40 %  2008               5.00          123.89           6.4627
 00016  11.40 %  2008               5.00          123.95           6.4518
 00016  11.40 %  2008              25.00          123.95           6.4518
 02005   6.65 %  2009              15.00          100.10           6.6307
 02005   6.65 %  2009               5.00          100.10           6.6307
 02005   6.65 %  2009              10.00          100.10           6.6307
 02005   6.65 %  2009               5.00          100.11           6.6288
 02005   6.65 %  2009               5.00          100.125          6.6259
 02005   6.65 %  2009               5.00          100.13           6.6249
 02005   6.65 %  2009              10.00          100.13           6.6249
 02005   6.65 %  2009               5.00          100.13           6.6249
 02005   6.65 %  2009              10.00          100.12           6.6268
 02005   6.65 %  2009               5.00          100.16           6.6192
 02005   6.65 %  2009               5.00          100.12           6.6268
 02005   6.65 %  2009               1.00          100.01           6.6480
 99006  11.99 %  2009               5.00          127.73           6.6638
 99006  11.99 %  2009               5.00          127.79           6.6540
 99006  11.99 %  2009              10.00          127.79           6.6540
 99006  11.99 %  2009               5.00          127.75           6.6605
 99006  11.99 %  2009               5.00          127.80           6.6523
 99006  11.99 %  2009               5.00          127.75           6.6605
 99006  11.99 %  2009               5.00          127.76           6.6589
 99006  11.99 %  2009               5.00          127.79           6.6540
 99006  11.99 %  2009               5.00          127.78           6.6556
 99006  11.99 %  2009               5.00          127.79           6.6540
 99006  11.99 %  2009               5.00          127.79           6.6540
 99006  11.99 %  2009               5.00          127.79           6.6540
 99006  11.99 %  2009               5.00          127.82           6.6490
 99006  11.99 %  2009               5.00          127.82           6.6490
 99006  11.99 %  2009               5.00          127.84           6.6457
 99006  11.99 %  2009               5.00          127.84           6.6457
 99006  11.99 %  2009               5.00          127.83           6.6474
 99006  11.99 %  2009               5.00          127.83           6.6474
 99006  11.99 %  2009               5.00          127.82           6.6490
 99006  11.99 %  2009              10.00          127.84           6.6457
 99006  11.99 %  2009               5.00          127.89           6.6375
 99006  11.99 %  2009               5.00          127.89           6.6375
 99006  11.99 %  2009               5.00          127.90           6.6359
 99006  11.99 %  2009               5.00          127.90           6.6359
 99006  11.99 %  2009               5.00          127.86           6.6425
 99006  11.99 %  2009               5.00          127.89           6.6375
 99006  11.99 %  2009               5.00          127.87           6.6408
 99006  11.99 %  2009               5.00          127.84           6.6457
 99006  11.99 %  2009               5.00          127.85           6.6441
 99006  11.99 %  2009               5.00          127.91           6.6343
 99006  11.99 %  2009               0.08          127.50           6.7017
 79002   7.00 %  2009               0.80          100.65           6.8741
 80003   7.50 %  2010               1.00          103.75           6.8568
 80003   7.50 %  2010               2.00          103.40           6.9154
 80003   7.50 %  2010               5.00          102.80           7.0165
 80003   7.50 %  2010               0.15          102.30           7.1013
 80003   7.50 %  2010               0.0925        103.50           6.8986
 02010   7.55 %  2010               5.00          104.46           6.7876
 02010   7.55 %  2010               5.00          104.48           6.7843
 02010   7.55 %  2010               5.00          104.47           6.7859 02010   7.55 %  2010               5.00          104.48           6.7843
 02010   7.55 %  2010               5.00          104.47           6.7859
 02010   7.55 %  2010               5.00          104.49           6.7826
 02010   7.55 %  2010               5.00          104.48           6.7843
 02010   7.55 %  2010               5.00          104.47           6.7859
 02010   7.55 %  2010               5.00          104.48           6.7843
 02010   7.55 %  2010               5.00          104.50           6.7810
 02010   7.55 %  2010               5.00          104.48           6.7843
 02010   7.55 %  2010               5.00          104.50           6.7810
 02010   7.55 %  2010               5.00          104.50           6.7810
 02010   7.55 %  2010               5.00          104.48           6.7843
 02010   7.55 %  2010               5.00          104.50           6.7810
 02010   7.55 %  2010               5.00          104.55           6.7727
 02010   7.55 %  2010               5.00          104.50           6.7810
 02010   7.55 %  2010               5.00          104.55           6.7727
 02010   7.55 %  2010               5.00          104.54           6.7743
 02010   7.55 %  2010               5.00          104.48           6.7843
 02010   7.55 %  2010               5.00          104.55           6.7727
 02010   7.55 %  2010               5.00          104.47           6.7859
 02010   7.55 %  2010               5.00          104.46           6.7876
 02010   7.55 %  2010               5.00          104.46           6.7876
 02010   7.55 %  2010               5.00          104.52           6.7776
 02010   7.55 %  2010               5.00          104.48           6.7843
 02010   7.55 %  2010               5.00          104.46           6.7876
 02010   7.55 %  2010               5.00          104.57           6.7694
 02010   7.55 %  2010               5.00          104.56           6.7710
 02010   7.55 %  2010               5.00          104.47           6.7859
 02010   7.55 %  2010               5.00          104.56           6.7710
 02010   7.55 %  2010               5.00          104.55           6.7727
 02010   7.55 %  2010               5.00          104.56           6.7710
 02010   7.55 %  2010              10.00          104.56           6.7710
 02010   7.55 %  2010               5.00          104.55           6.7727
 02010   7.55 %  2010               5.00          104.55           6.7727
 02010   7.55 %  2010               5.00          104.48           6.7843
 98015  12.25 %  2010               5.00          131.40           6.9331
 00014  11.30 %  2010              10.00          126.40           6.8711
 00014  11.30 %  2010              10.00          126.39           6.8726
 00014  11.30 %  2010               5.00          126.39           6.8726
 00014  11.30 %  2010               5.00          126.39           6.8726
 00014  11.30 %  2010              10.00          126.40           6.8711
 00014  11.30 %  2010               5.00          126.48           6.8596
 00014  11.30 %  2010               5.00          126.52           6.8538
 00014  11.30 %  2010               5.00          126.52           6.8538
 00014  11.30 %  2010               5.00          126.54           6.8510
 00014  11.30 %  2010               5.00          126.52           6.8538
 00014  11.30 %  2010               5.00          126.54           6.8510
 00014  11.30 %  2010               5.00          126.54           6.8510
 00014  11.30 %  2010               5.00          126.45           6.8639
 00014  11.30 %  2010               5.00          126.44           6.8654
 00014  11.30 %  2010               5.00          126.48           6.8596
 00014  11.30 %  2010               5.00          126.54           6.8510
 00014  11.30 %  2010              25.00          126.53           6.8524
 81005   8.00 %  2011               1.00          102.89           7.5344
 81005   8.00 %  2011               0.013         104.00           7.3605
 00010  10.95 %  2011               5.00          124.38           7.1223
 00010  10.95 %  2011               5.00          124.38           7.1223
 00010  10.95 %  2011               5.00          124.38           7.1223 00010  10.95 %  2011               5.00          124.38           7.1223
 00010  10.95 %  2011               5.00          124.38           7.1223
 01007   9.39 %  2011               5.00          114.80           7.0857
 01007   9.39 %  2011               5.00          114.79           7.0871
 01007   9.39 %  2011               5.00          114.84           7.0800
 01007   9.39 %  2011               5.00          114.80           7.0857
 01007   9.39 %  2011              10.00          114.80           7.0857
 01007   9.39 %  2011               5.00          114.81           7.0843
 01007   9.39 %  2011              10.00          114.80           7.0857
 01007   9.39 %  2011               5.00          114.80           7.0857
 01007   9.39 %  2011               5.00          114.80           7.0857
 01007   9.39 %  2011               5.00          114.81           7.0843
 01007   9.39 %  2011               5.00          114.815          7.0836
 01007   9.39 %  2011               1.00          114.70           7.0999
 01007   9.39 %  2011               5.00          114.815          7.0836
 01007   9.39 %  2011               5.00          114.82           7.0829
 01007   9.39 %  2011               5.00          114.82           7.0829
 01007   9.39 %  2011              10.00          114.80           7.0857
 01007   9.39 %  2011               5.00          114.82           7.0829
 01007   9.39 %  2011               5.00          114.81           7.0843
 01007   9.39 %  2011               5.00          114.82           7.0829
 01007   9.39 %  2011               5.00          114.79           7.0871
 01007   9.39 %  2011               5.00          114.80           7.0857
 01007   9.39 %  2011               5.00          114.81           7.0843
 01007   9.39 %  2011               5.00          114.83           7.0814
 01007   9.39 %  2011               5.00          114.85           7.0786
 01007   9.39 %  2011               5.00          114.84           7.0800
 01007   9.39 %  2011               5.00          114.81           7.0843
 01007   9.39 %  2011               5.00          114.82           7.0829
 01007   9.39 %  2011               5.00          114.85           7.0786
 01007   9.39 %  2011               5.00          114.82           7.0829
 01007   9.39 %  2011               5.00          114.85           7.0786
 01007   9.39 %  2011               5.00          114.80           7.0857
 01007   9.39 %  2011               5.00          114.81           7.0843
 01007   9.39 %  2011               5.00          114.86           7.0772
 01007   9.39 %  2011               5.00          114.80           7.0857
 01007   9.39 %  2011               5.00          114.805          7.0850
 01007   9.39 %  2011               5.00          114.80           7.0857
 01007   9.39 %  2011               5.00          114.86           7.0772
 01007   9.39 %  2011              10.00          114.85           7.0786
 01007   9.39 %  2011               5.00          114.84           7.0800
 01007   9.39 %  2011               0.50          114.75           7.0928
 01007   9.39 %  2011               5.00          114.85           7.0786
 01007   9.39 %  2011               5.00          114.83           7.0814
 01007   9.39 %  2011               5.00          114.85           7.0786
 01007   9.39 %  2011               5.00          114.81           7.0843
 01007   9.39 %  2011               5.00          114.86           7.0772
 01007   9.39 %  2011               5.00          114.85           7.0786
 01007   9.39 %  2011               5.00          114.86           7.0772
 01007   9.39 %  2011               5.00          114.85           7.0786
 01007   9.39 %  2011              10.00          114.86           7.0772
 01007   9.39 %  2011               5.00          114.85           7.0786
 01007   9.39 %  2011               5.00          114.78           7.0885
 01007   9.39 %  2011               5.00          114.85           7.0786
 01007   9.39 %  2011              25.00          114.83           7.0814
 00017  11.50 %  2011              10.00          129.25           7.0908
 00017  11.50 %  2011               5.00          129.32           7.0819 00017  11.50 %  2011              10.00          129.300          7.0845
 00017  11.50 %  2011               5.00          129.330          7.0807
 00017  11.50 %  2011               5.00          129.330          7.0807
 00017  11.50 %  2011               5.00          129.300          7.0845
 00017  11.50 %  2011               5.00          129.300          7.0845
 00017  11.50 %  2011               5.00          129.300          7.0845
 00017  11.50 %  2011               5.00          129.330          7.0807
 00017  11.50 %  2011               5.00          129.32           7.0819
 00017  11.50 %  2011               5.00          129.300          7.0845
 00017  11.50 %  2011              10.00          129.32           7.0819
 00017  11.50 %  2011               5.00          129.31           7.0832
 00017  11.50 %  2011               5.00          129.35           7.0781
 00017  11.50 %  2011               5.00          129.34           7.0794
 00017  11.50 %  2011               5.00          129.360          7.0769
 00017  11.50 %  2011               5.00          129.35           7.0781
 00017  11.50 %  2011               5.00          129.330          7.0807
 00017  11.50 %  2011              10.00          129.34           7.0794
 00017  11.50 %  2011               5.00          129.32           7.0819
 00017  11.50 %  2011               5.00          129.35           7.0781
 00017  11.50 %  2011               5.00          129.330          7.0807
 00017  11.50 %  2011               5.00          129.38           7.0743
 00017  11.50 %  2011               5.00          129.34           7.0794
 00017  11.50 %  2011               5.00          129.360          7.0769
 00017  11.50 %  2011               5.00          129.38           7.0743
 00017  11.50 %  2011               5.00          129.38           7.0743
 00017  11.50 %  2011               5.00          129.35           7.0781
 00017  11.50 %  2011               5.00          129.375          7.0750
 00017  11.50 %  2011              20.00          129.38           7.0743
 00017  11.50 %  2011              10.00          129.38           7.0743
 00017  11.50 %  2011               5.00          129.38           7.0743
 00017  11.50 %  2011               5.00          129.38           7.0743
 00017  11.50 %  2011               5.00          129.38           7.0743
 00017  11.50 %  2011               5.00          129.35           7.0781
 00017  11.50 %  2011               5.00          129.38           7.0743
 00017  11.50 %  2011              10.00          129.37           7.0756
 00017  11.50 %  2011               5.00          129.38           7.0743
 00017  11.50 %  2011               5.00          129.38           7.0743
 00017  11.50 %  2011               5.00          129.35           7.0781
 02006   6.85 %  2012               5.00           99.05           6.9885
 02009   7.40 %  2012               5.00          101.85           7.1289
 02009   7.40 %  2012               5.00          101.85           7.1289
 02009   7.40 %  2012               5.00          101.85           7.1289
 02009   7.40 %  2012              25.00          101.86           7.1274
 02009   7.40 %  2012               5.00          101.87           7.1260
 02009   7.40 %  2012              10.00          101.87           7.1260
 02009   7.40 %  2012               5.00          101.92           7.1188
 02009   7.40 %  2012               5.00          101.91           7.1202
 02009   7.40 %  2012               5.00          101.93           7.1173
 02009   7.40 %  2012               5.00          101.92           7.1188
 02009   7.40 %  2012               5.00          101.91           7.1202
 02009   7.40 %  2012               5.00          101.88           7.1246
 02009   7.40 %  2012               5.00          101.95           7.1145
 02009   7.40 %  2012               5.00          101.91           7.1202
 02009   7.40 %  2012               5.00          101.93           7.1173
 02009   7.40 %  2012               5.00          101.915          7.1195
 02009   7.40 %  2012               5.00          101.91           7.1202
 02009   7.40 %  2012               5.00          101.915          7.1195 02009   7.40 %  2012               5.00          101.915          7.1195
 02009   7.40 %  2012               5.00          101.92           7.1188
 02009   7.40 %  2012               5.00          101.92           7.1188
 02009   7.40 %  2012               5.00          101.915          7.1195
 02009   7.40 %  2012               5.00          101.92           7.1188
 02009   7.40 %  2012              25.00          101.90           7.1217
 02009   7.40 %  2012               5.00          101.90           7.1217
 02009   7.40 %  2012               5.00          101.95           7.1145
 02009   7.40 %  2012               5.00          101.95           7.1145
 02009   7.40 %  2012               5.00          101.93           7.1173
 02009   7.40 %  2012               5.00          101.92           7.1188
 02009   7.40 %  2012               5.00          101.91           7.1202
 02009   7.40 %  2012               5.00          101.91           7.1202
 02009   7.40 %  2012               5.00          101.915          7.1195
 02009   7.40 %  2012               5.00          101.94           7.1159
 02009   7.40 %  2012               5.00          101.93           7.1173
 02009   7.40 %  2012               5.00          101.92           7.1188
 02009   7.40 %  2012               5.00          101.92           7.1188
 02009   7.40 %  2012               5.00          101.93           7.1173
 02009   7.40 %  2012               5.00          101.92           7.1188
 02009   7.40 %  2012               5.00          101.95           7.1145
 02009   7.40 %  2012               5.00          101.92           7.1188
 02009   7.40 %  2012               5.00          101.92           7.1188
 02009   7.40 %  2012               5.00          101.93           7.1173
 02009   7.40 %  2012               5.00          101.93           7.1173
 02009   7.40 %  2012               5.00          101.93           7.1173
 02009   7.40 %  2012               0.25          101.91           7.1202
 02009   7.40 %  2012               5.00          101.93           7.1173
 02009   7.40 %  2012               5.00          101.94           7.1159
 02009   7.40 %  2012               5.00          101.95           7.1145
 02009   7.40 %  2012               5.00          101.93           7.1173
 02009   7.40 %  2012               5.00          101.93           7.1173
 02009   7.40 %  2012               5.00          101.95           7.1145
 02009   7.40 %  2012               5.00          101.96           7.1130
 02009   7.40 %  2012               5.00          101.96           7.1130
 02009   7.40 %  2012               5.00          101.96           7.1130
 02009   7.40 %  2012               5.00          101.935          7.1166
 02009   7.40 %  2012               5.00          101.95           7.1145
 02009   7.40 %  2012               5.00          101.96           7.1130
 02009   7.40 %  2012              10.00          101.94           7.1159
 02009   7.40 %  2012               5.00          101.95           7.1145
 02009   7.40 %  2012               5.00          101.94           7.1159
 02009   7.40 %  2012               5.00          101.96           7.1130
 02009   7.40 %  2012               5.00          101.95           7.1145
 02009   7.40 %  2012               5.00          101.95           7.1145
 02009   7.40 %  2012               5.00          101.95           7.1145
 02009   7.40 %  2012               5.00          101.95           7.1145
 02009   7.40 %  2012               5.00          101.92           7.1188
 02009   7.40 %  2012               5.00          101.95           7.1145
 02009   7.40 %  2012               5.00          101.94           7.1159
 02009   7.40 %  2012              10.00          101.95           7.1145
 02009   7.40 %  2012               5.00          101.95           7.1145
 02009   7.40 %  2012              10.00          101.96           7.1130
 02009   7.40 %  2012               5.00          101.96           7.1130
 02009   7.40 %  2012               5.00          101.95           7.1145
 02009   7.40 %  2012               5.00          101.90           7.1217
 02009   7.40 %  2012              10.00          101.95           7.1145 02009   7.40 %  2012               0.50          101.87           7.1260
 02009   7.40 %  2012               1.00          101.80           7.1361
 02009   7.40 %  2012              10.00          101.96           7.1130
 02009   7.40 %  2012               5.00          101.95           7.1145
 02009   7.40 %  2012              10.00          101.97           7.1116
 02009   7.40 %  2012               5.00          101.93           7.1173
 00012  11.03 %  2012              20.00          126.82           7.1653
 00012  11.03 %  2012              10.00          126.825          7.1647
 00012  11.03 %  2012               5.00          126.87           7.1591
 00012  11.03 %  2012               5.00          126.87           7.1591
 00012  11.03 %  2012               5.00          126.88           7.1579
 00012  11.03 %  2012               5.00          126.88           7.1579
 00012  11.03 %  2012               5.00          126.87           7.1591
 00012  11.03 %  2012               5.00          126.88           7.1579
 00012  11.03 %  2012              10.00          126.88           7.1579
 00012  11.03 %  2012               5.00          126.90           7.1555
 00012  11.03 %  2012               5.00          126.89           7.1567
 00012  11.03 %  2012               5.00          126.88           7.1579
 00012  11.03 %  2012               5.00          126.875          7.1585
 00012  11.03 %  2012               5.00          126.87           7.1591
 00012  11.03 %  2012               5.00          126.88           7.1579
 00012  11.03 %  2012               5.00          126.895          7.1561
 00012  11.03 %  2012               5.00          126.895          7.1561
 00012  11.03 %  2012               5.00          126.88           7.1579
 00012  11.03 %  2012               5.00          126.90           7.1555
 00012  11.03 %  2012               5.00          126.93           7.1518
 00012  11.03 %  2012              15.00          126.95           7.1493
 00012  11.03 %  2012               5.00          126.90           7.1555
 00012  11.03 %  2012               5.00          126.90           7.1555
 00012  11.03 %  2012               5.00          126.90           7.1555
 00012  11.03 %  2012               5.00          126.93           7.1518
 00012  11.03 %  2012               5.00          126.95           7.1493
 00012  11.03 %  2012               5.00          126.92           7.1530
 00012  11.03 %  2012               5.00          126.92           7.1530
 02013   6.72 %  2012               5.00          101.90           6.4532
 00012  11.03 %  2012               5.00          126.95           7.1493
 02013   6.72 %  2012              10.00          101.90           6.4532
 02013   6.72 %  2012              15.00          101.90           6.4532
 00012  11.03 %  2012               5.00          126.93           7.1518
 00012  11.03 %  2012               5.00          126.95           7.1493
 00012  11.03 %  2012              10.00          126.93           7.1518
 00012  11.03 %  2012               5.00          126.95           7.1493
 00012  11.03 %  2012               5.00          126.94           7.1505
 00012  11.03 %  2012               5.00          126.94           7.1505
 02013   6.72 %  2012              10.00          101.93           6.4490
 00012  11.03 %  2012               5.00          126.95           7.1493
 00012  11.03 %  2012               5.00          126.94           7.1505
 00012  11.03 %  2012               5.00          126.95           7.1493
 00012  11.03 %  2012               5.00          126.95           7.1493
 02013   6.72 %  2012              10.00          101.89           6.4546
 02013   6.72 %  2012              10.00          101.93           6.4490
 02013   6.72 %  2012               5.00          101.90           6.4532
 02013   6.72 %  2012              10.00          101.90           6.4532
 01009   9.40 %  2012               5.00          115.72           7.1593
 01009   9.40 %  2012               5.00          115.73           7.1580
 01009   9.40 %  2012               5.00          115.73           7.1580
 01009   9.40 %  2012               5.00          115.71           7.1606 01009   9.40 %  2012               5.00          115.73           7.1580
 01009   9.40 %  2012               5.00          115.73           7.1580
 01009   9.40 %  2012               5.00          115.74           7.1567
 01009   9.40 %  2012              10.00          115.72           7.1593
 01009   9.40 %  2012               5.00          115.80           7.1489
 01009   9.40 %  2012              10.00          115.80           7.1489
 01009   9.40 %  2012               5.00          115.80           7.1489
 01009   9.40 %  2012               5.00          115.79           7.1502
 01009   9.40 %  2012               5.00          115.79           7.1502
 01005   9.81 %  2013              10.00          119.17           7.1990
 01005   9.81 %  2013              10.00          119.17           7.1990
 01005   9.81 %  2013               5.00          119.17           7.1990
 01005   9.81 %  2013               5.00          119.21           7.1942
 01005   9.81 %  2013              10.00          119.22           7.1930
 01005   9.81 %  2013               5.00          119.20           7.1954
 01005   9.81 %  2013              10.00          119.20           7.1954
 01005   9.81 %  2013               5.00          119.20           7.1954
 01005   9.81 %  2013              10.00          119.20           7.1954
 01005   9.81 %  2013              10.00          119.19           7.1966
 01005   9.81 %  2013               5.00          119.20           7.1954
 01005   9.81 %  2013               5.00          119.22           7.1930
 01005   9.81 %  2013               5.00          119.195          7.1960
 01005   9.81 %  2013               5.00          119.21           7.1942
 01005   9.81 %  2013               5.00          119.20           7.1954
 01005   9.81 %  2013               5.00          119.21           7.1942
 01005   9.81 %  2013               5.00          119.22           7.1930
 01005   9.81 %  2013              10.00          119.21           7.1942
 01005   9.81 %  2013               5.00          119.21           7.1942
 01005   9.81 %  2013               5.00          119.21           7.1942
 01005   9.81 %  2013               5.00          119.21           7.1942
 01005   9.81 %  2013              10.00          119.22           7.1930
 01005   9.81 %  2013               5.00          119.22           7.1930
 01005   9.81 %  2013               5.00          119.26           7.1882
 01005   9.81 %  2013              10.00          119.21           7.1942
 01005   9.81 %  2013               5.00          119.23           7.1918
 01005   9.81 %  2013               5.00          119.19           7.1966
 01005   9.81 %  2013               5.00          119.22           7.1930
 01005   9.81 %  2013               5.00          119.24           7.1906
 01005   9.81 %  2013               5.00          119.235          7.1912
 01005   9.81 %  2013               5.00          119.27           7.1869
 01005   9.81 %  2013               5.00          119.26           7.1882
 01005   9.81 %  2013               5.00          119.25           7.1894
 01005   9.81 %  2013               5.00          119.26           7.1882
 01005   9.81 %  2013               5.00          119.27           7.1869
 01005   9.81 %  2013               5.00          119.25           7.1894
 01005   9.81 %  2013               5.00          119.24           7.1906
 01005   9.81 %  2013               5.00          119.28           7.1857
 01005   9.81 %  2013               5.00          119.21           7.1942
 01005   9.81 %  2013               5.00          119.265          7.1875
 01005   9.81 %  2013               5.00          119.20           7.1954
 01005   9.81 %  2013               5.00          119.20           7.1954
 01005   9.81 %  2013               5.00          119.25           7.1894
 01005   9.81 %  2013               5.00          119.26           7.1882
 01005   9.81 %  2013               5.00          119.20           7.1954
 01005   9.81 %  2013               5.00          119.25           7.1894
 99020  11.83 %  2014              10.00          134.36           7.4652
 99020  11.83 %  2014               1.00          134.50           7.4508 01001  10.47 %  2015              10.00          124.37           7.4195
 01001  10.47 %  2015               5.00          124.39           7.4174
 01001  10.47 %  2015               5.00          124.39           7.4174
 00009  10.79 %  2015               3.00          126.75           7.4761
 00009  10.79 %  2015               1.00          126.25           7.5287
 00015  11.43 %  2015               5.00          132.30           7.4705
 00015  11.43 %  2015               5.00          132.30           7.4705
 00015  11.43 %  2015              10.00          132.32           7.4685
 00015  11.43 %  2015               5.00          132.32           7.4685
 01011   9.85 %  2015               1.00          120.57           7.3664
 01011   9.85 %  2015               5.00          120.68           7.3548
 01011   9.85 %  2015              10.00          120.69           7.3537
 01011   9.85 %  2015              10.00          120.69           7.3537
 01011   9.85 %  2015              10.00          120.69           7.3537
 01011   9.85 %  2015               5.00          120.75           7.3473
 01011   9.85 %  2015               5.00          120.76           7.3463
 01011   9.85 %  2015               5.00          120.72           7.3505
 01011   9.85 %  2015               5.00          120.72           7.3505
 01011   9.85 %  2015               5.00          120.72           7.3505
 01011   9.85 %  2015               5.00          120.73           7.3495
 01011   9.85 %  2015               5.00          120.75           7.3473
 01011   9.85 %  2015               5.00          120.76           7.3463
 01011   9.85 %  2015               5.00          120.72           7.3505
 01011   9.85 %  2015               5.00          120.74           7.3484
 01011   9.85 %  2015               5.00          120.72           7.3505
 01011   9.85 %  2015               5.00          120.73           7.3495
 01011   9.85 %  2015               5.00          120.73           7.3495
 01011   9.85 %  2015               5.00          120.725          7.3500
 01011   9.85 %  2015               5.00          120.74           7.3484
 01011   9.85 %  2015               5.00          120.745          7.3479
 01011   9.85 %  2015               5.00          120.73           7.3495
 01011   9.85 %  2015               5.00          120.73           7.3495
 01011   9.85 %  2015               5.00          120.74           7.3484
 01011   9.85 %  2015              10.00          120.75           7.3473
 01011   9.85 %  2015               5.00          120.73           7.3495
 01011   9.85 %  2015               5.00          120.76           7.3463
 01011   9.85 %  2015               5.00          120.77           7.3452
 01011   9.85 %  2015               5.00          120.75           7.3473
 01011   9.85 %  2015               5.00          120.72           7.3505
 01011   9.85 %  2015               5.00          120.75           7.3473
 01011   9.85 %  2015              10.00          120.77           7.3452
 01011   9.85 %  2015               5.00          120.78           7.3442
 01011   9.85 %  2015               5.00          120.76           7.3463
 01011   9.85 %  2015               5.00          120.75           7.3473
 01011   9.85 %  2015               5.00          120.755          7.3468
 01011   9.85 %  2015               5.00          120.79           7.3431
 01011   9.85 %  2015               5.00          120.80           7.3421
 01011   9.85 %  2015               5.00          120.79           7.3431
 01011   9.85 %  2015               5.00          120.80           7.3421
 01011   9.85 %  2015               5.00          120.79           7.3431
 01011   9.85 %  2015               5.00          120.80           7.3421
 01011   9.85 %  2015               5.00          120.80           7.3421
 01011   9.85 %  2015               5.00          120.77           7.3452
 01011   9.85 %  2015               5.00          120.75           7.3473
 01011   9.85 %  2015               5.00          120.74           7.3484
 01011   9.85 %  2015               5.00          120.80           7.3421
 01011   9.85 %  2015               5.00          120.80           7.3421 01011   9.85 %  2015               5.00          120.80           7.3421
 01011   9.85 %  2015               5.00          120.80           7.3421
 01011   9.85 %  2015               5.00          120.80           7.3421
 01011   9.85 %  2015               5.00          120.79           7.3431
 01011   9.85 %  2015               5.00          120.72           7.3505
 01003  10.71 %  2016              10.00          127.53           7.4461
 01003  10.71 %  2016               5.00          127.58           7.4411
 01003  10.71 %  2016               5.00          127.59           7.4401
 01003  10.71 %  2016               5.00          127.59           7.4401
 01003  10.71 %  2016               5.00          127.62           7.4371
 01003  10.71 %  2016               5.00          127.62           7.4371
 01003  10.71 %  2016               5.00          127.65           7.4341
 01003  10.71 %  2016               5.00          127.65           7.4341
 01003  10.71 %  2016               5.00          127.70           7.4292
 01003  10.71 %  2016              10.00          127.70           7.4292
 01003  10.71 %  2016               5.00          127.65           7.4341
 01003  10.71 %  2016               5.00          127.62           7.4371
 01003  10.71 %  2016               5.00          127.62           7.4371
 01003  10.71 %  2016               5.00          127.65           7.4341
 01003  10.71 %  2016               5.00          127.63           7.4361
 01003  10.71 %  2016               5.00          127.63           7.4361
 01003  10.71 %  2016               5.00          127.63           7.4361
 01003  10.71 %  2016              25.00          127.60           7.4391
 02001   8.07 %  2017              10.00          105.35           7.4527
 02001   8.07 %  2017               5.00          105.32           7.4560
 02001   8.07 %  2017               5.00          105.34           7.4538
 02001   8.07 %  2017              25.00          105.34           7.4538
 02001   8.07 %  2017              10.00          105.33           7.4549
 02001   8.07 %  2017              25.00          105.33           7.4549
 02001   8.07 %  2017              15.00          105.32           7.4560
 02001   8.07 %  2017               5.00          105.33           7.4549
 02001   8.07 %  2017               5.00          105.37           7.4504
 02001   8.07 %  2017               5.00          105.37           7.4504
 02001   8.07 %  2017              10.00          105.38           7.4493
 02001   8.07 %  2017               5.00          105.37           7.4504
 02001   8.07 %  2017               5.00          105.36           7.4515
 02001   8.07 %  2017              10.00          105.38           7.4493
 02001   8.07 %  2017               5.00          105.38           7.4493
 02001   8.07 %  2017               5.00          105.36           7.4515
 02001   8.07 %  2017               5.00          105.32           7.4560
 02001   8.07 %  2017               0.50          105.29           7.4593
 02001   8.07 %  2017               5.00          105.39           7.4482
 02001   8.07 %  2017               5.00          105.39           7.4482
 02001   8.07 %  2017               5.00          105.40           7.4471
 02001   8.07 %  2017              10.00          105.40           7.4471
 02001   8.07 %  2017               5.00          105.36           7.4515
 02001   8.07 %  2017               5.00          105.40           7.4471
 02001   8.07 %  2017               5.00          105.37           7.4504
 02001   8.07 %  2017               5.00          105.36           7.4515
 02001   8.07 %  2017               5.00          105.37           7.4504
 02001   8.07 %  2017               5.00          105.40           7.4471
 02001   8.07 %  2017               5.00          105.385          7.4488
 02001   8.07 %  2017               5.00          105.42           7.4449
 02001   8.07 %  2017               5.00          105.37           7.4504
 02001   8.07 %  2017               5.00          105.42           7.4449
 02001   8.07 %  2017              10.00          105.38           7.4493
 02001   8.07 %  2017              10.00          105.40           7.4471 02001   8.07 %  2017               5.00          105.37           7.4504
 02001   8.07 %  2017               5.00          105.39           7.4482
 02001   8.07 %  2017               5.00          105.435          7.4432
 02001   8.07 %  2017               5.00          105.43           7.4438
 02001   8.07 %  2017               5.00          105.45           7.4416
 02001   8.07 %  2017               5.00          105.36           7.4515
 02001   8.07 %  2017               5.00          105.42           7.4449
 02001   8.07 %  2017               5.00          105.45           7.4416
 02001   8.07 %  2017               5.00          105.40           7.4471
 02001   8.07 %  2017               5.00          105.42           7.4449
 02001   8.07 %  2017               5.00          105.395          7.4477
 02001   8.07 %  2017               5.00          105.455          7.4410
 02001   8.07 %  2017               5.00          105.45           7.4416
 02001   8.07 %  2017               5.00          105.36           7.4515
 02001   8.07 %  2017               1.05          105.31           7.4571
 02001   8.07 %  2017               1.00          105.37           7.4504
 02001   8.07 %  2017               5.00          105.44           7.4427
 02001   8.07 %  2017               5.00          105.40           7.4471
 02001   8.07 %  2017               5.00          105.36           7.4515
 02001   8.07 %  2017              25.00          105.37           7.4504
 02001   8.07 %  2017               5.00          105.41           7.4460
 02007   7.49 %  2017               5.00          100.55           7.4271
 02014   7.46 %  2017               0.22          100.28           7.4273
 02014   7.46 %  2017               1.78          100.28           7.4273
 02014   7.46 %  2017               5.00          100.27           7.4284
 02014   7.46 %  2017               5.00          100.285          7.4268
 02014   7.46 %  2017               5.00          100.295          7.4256
 02014   7.46 %  2017               1.00          100.31           7.4240
 02014   7.46 %  2017               5.00          100.29           7.4262
 02014   7.46 %  2017               5.00          100.31           7.4240
 02014   7.46 %  2017               5.00          100.29           7.4262
 02014   7.46 %  2017               5.00          100.295          7.4256
 02014   7.46 %  2017               5.00          100.31           7.4240
 02014   7.46 %  2017               5.00          100.33           7.4217
 02014   7.46 %  2017               5.00          100.32           7.4228
 02014   7.46 %  2017               5.00          100.29           7.4262
 02014   7.46 %  2017               5.00          100.29           7.4262
 02014   7.46 %  2017               5.00          100.30           7.4251
 02014   7.46 %  2017               5.00          100.29           7.4262
 02014   7.46 %  2017               5.00          100.32           7.4228
 02014   7.46 %  2017               1.00          100.30           7.4251
 02014   7.46 %  2017               5.00          100.30           7.4251
 02014   7.46 %  2017               5.00          100.35           7.4195
 02014   7.46 %  2017               5.00          100.33           7.4217
 02014   7.46 %  2017               5.00          100.34           7.4206
 02014   7.46 %  2017               5.00          100.34           7.4206
 02014   7.46 %  2017               5.00          100.34           7.4206
 02014   7.46 %  2017               5.00          100.30           7.4251
 02014   7.46 %  2017               5.00          100.35           7.4195
 02014   7.46 %  2017               5.00          100.295          7.4256
 02014   7.46 %  2017               0.50          100.29           7.4262
 02014   7.46 %  2017               5.00          100.33           7.4217
 02014   7.46 %  2017               5.00          100.34           7.4206
 02014   7.46 %  2017              10.00          100.35           7.4195
 02014   7.46 %  2017              15.00          100.355          7.4189
 02014   7.46 %  2017               5.00          100.35           7.4195
 02014   7.46 %  2017               5.00          100.345          7.4200 01004  10.45 %  2018               0.22          120.20           8.1369
 01004  10.45 %  2018               5.00          125.70           7.6042
 00008  10.70 %  2020               0.50          128.60           7.7001
 01006  10.25 %  2021              10.00          124.95           7.7045
 01006  10.25 %  2021               5.00          125.00           7.7002
 01006  10.25 %  2021               5.00          125.00           7.7002
 01006  10.25 %  2021              10.00          125.00           7.7002
 01006  10.25 %  2021               5.00          125.05           7.6959
 01006  10.25 %  2021               5.00          125.08           7.6933
 01006  10.25 %  2021               5.00          125.12           7.6899
 01006  10.25 %  2021               5.00          125.10           7.6916
 01006  10.25 %  2021               5.00          125.10           7.6916
 01006  10.25 %  2021               5.00          125.10           7.6916
 01006  10.25 %  2021               5.00          125.10           7.6916
 01006  10.25 %  2021               0.45          124.88           7.7106
 01006  10.25 %  2021               5.00          125.10           7.6916
 01006  10.25 %  2021              10.00          125.13           7.6890
 02011   8.35 %  2022               5.00          106.68           7.6838
 02011   8.35 %  2022               5.00          106.68           7.6838
 02011   8.35 %  2022              10.00          106.67           7.6847
 02011   8.35 %  2022               5.00          106.72           7.6800
 02011   8.35 %  2022               0.50          106.74           7.6781
 02011   8.35 %  2022               5.00          106.71           7.6809
 02011   8.35 %  2022               5.00          106.74           7.6781
 02011   8.35 %  2022               3.00          106.74           7.6781
 02011   8.35 %  2022               2.00          106.74           7.6781
 02011   8.35 %  2022               5.00          106.70           7.6819
 02011   8.35 %  2022              10.00          106.76           7.6762
 02011   8.35 %  2022               5.00          106.74           7.6781
 02011   8.35 %  2022              15.00          106.77           7.6752
 02011   8.35 %  2022               5.00          106.72           7.6800
 02011   8.35 %  2022               5.00          106.63           7.6885
 01010  10.18 %  2026              20.00          124.915          7.8540
 01010  10.18 %  2026               1.25          124.86           7.8583
 01010  10.18 %  2026               5.00          124.97           7.8498
 01010  10.18 %  2026              20.00          125.00           7.8474
 01010  10.18 %  2026               5.00          125.00           7.8474
 01010  10.18 %  2026               5.00          125.00           7.8474
 01010  10.18 %  2026               0.30          124.45           7.8904
 01010  10.18 %  2026              10.00          125.00           7.8474
 01010  10.18 %  2026               5.00          125.00           7.8474
 01010  10.18 %  2026               5.00          125.05           7.8435
 01010  10.18 %  2026               5.00          125.05           7.8435
 01010  10.18 %  2026               9.21          125.10           7.8396
 02015   7.95 %  2032               0.17          100.35           7.9181
 02015   7.95 %  2032               0.35          100.35           7.9181
 02015   7.95 %  2032               0.01          100.35           7.9181
 02015   7.95 %  2032               0.02          100.35           7.9181
 02015   7.95 %  2032               0.03          100.35           7.9181
 02015   7.95 %  2032               5.00          100.50           7.9050
 02015   7.95 %  2032               5.00          100.51           7.9041
 02015   7.95 %  2032               2.00          100.55           7.9006
 02015   7.95 %  2032               5.00          100.64           7.8928
 02015   7.95 %  2032               5.00          100.55           7.9006
 02015   7.95 %  2032               5.00          100.51           7.9041
     Total                       3873.3979B. State Government Securities
          Contract Date : October 05, 2002
 97262 12.30% TAMILNADU LOAN
       2007                         0.143         118.80          7.7007
 97259 12.30%MADHYA PRADESH SDL
       2007                         0.0957        118.80          7.7007
 97263 12.30% UTTAR PRADESH SDL
       2007                         0.3303        115.50          8.4378
 97257 12.30 % KARNATAKA SDL
       2007                         0.0418        118.80          7.7007
          Contract Date : October 07, 2002
 95224 14% UTTAR PRADESH S.D.L.
       2005                         0.80          111.25          9.0748
 95222 14.00% TAMILNADU S.D.L.
       2005                         0.50          116.25          7.0964
 96210 13.85% GUJARAT SDL 2006      1.00          120.30          7.3339
 97224 13.75 % UTTAR PRADESH SDL
       2007                         0.15          114.20          9.6179
 97249 13.05% UTTAR PRADESH SDL
       2007                         0.35          112.10          9.7011
 97263 12.30% UTTAR PRADESH SDL
       2007                         0.1982        110.20          9.6774
 97262 12.30% TAMILNADU LOAN
       2007                         0.716         118.00          7.8733
 98223 12.15% UTTAR PRADESH SDL
       2008                         0.25          110.25          9.7106
 98248 12.50% UTTAR PRADESH
       SDL,2008                     0.50          113.50          9.5008
 99204 12.50% UTTAR PRADESH SDL
       2009                         0.30          113.75          9.5526
 99227 12.25% UTTAR PRADESH SDL
       2009                         0.20          112.20          9.6859
 89228 11.50% UTTAR PRADESH S.D.
       2009                         0.01          109.00          9.6607
 99252 11.85% UP SDL 2009           0.20          111.25          9.5848
 00205 11.30% UP SDL 2010           0.0596        108.25          9.6906
 00212 11% UP SDL 2010              0.2495        107.10          9.6414
 00262 12.00% UTTAR PRADESH SDL
       2010                         0.25          112.20          9.7606
 00248 12.00% GUJARAT SDL 2010      0.4407        125.46          7.6692
 00260 12.00% RAJASTHAN SDL 2010    1.30          125.46          7.6692
 01236 10.35% KARNATAKA SDL 2011    0.107         117.10          7.5999
 01233 10.35% H.P. SDL 2011         0.50          116.62          7.6689
 91244 12.00% UTTAR PRADESH S.D.
       2011                         0.05          113.10          9.7760
 01283 9.10% KARNATAKA STATE
       GOVT. STOCK 2011             1.4264        109.23          7.6678
 01289 8.37% MAHARASHTRA SDL
       2011(ON TAP)                 6.00          104.32          7.7024
 02223 8.30% TAMILNADU SDL 2012     1.894         104.13          7.6676
 02229 8.00% A.P. SDL 2012          0.50          101.50          7.7714
 02243 8.00% MAHARASHTRA SDL
       2012                         2.00          101.50          7.7714
 02250 8.00% RAJASTHAN SDL 2012     0.50          101.50          7.7714
 02243 8.00% MAHARASHTRA SDL
       2012                         0.25          100.50          7.9224
 02285 7.83% MAHARASTRA G.S.2012    0.013         101.00          7.6795 02281 7.90% ANDHRA PRADESH
       G.S.2012                     1.7744        101.55          7.6675
 02282 7.83% GUJARAT G.S 2012       3.932         101.07          7.6685
 02285 7.83% MAHARASTRA G.S.2012    0.0257        101.07          7.6685
 02285 7.83% MAHARASTRA G.S.2012    0.0148        101.20          7.6501
     Total                         27.0721
C. Treasury Bills
   (i) 14 Day Bills (Maturity-wise)
       (DD/MM/YYYY)
                                           NIL
   (ii) 91 Day Bills (Maturity-wise)
       (DD/MM/YYYY)
          Contract Date : October 07, 2002
        01/11/2002                  0.45           99.6111         5.6845
        29/11/2002                  0.035          99.1791         5.6845
        29/11/2002                  0.2575         99.1791         5.6845
        13/12/2002                  5.55           98.9645         5.6846
        13/12/2002                  3.50           98.9717         5.6446
        13/12/2002                 18.00           98.9645         5.6846
        13/12/2002                  1.00           98.9609         5.7045
        03/01/2003                  5.00           98.6280         5.7540
        03/01/2003                 15.00           98.6256         5.7642
     Total                         48.7925
   (iii) 182 Day Bills (Maturity-wise)
       (DD/MM/YYYY)
                                           NIL
   (iv) 364 Day Bills (Maturity-wise)
       (DD/MM/YYYY)
          Contract Date : October 05, 2002
        03/10/2003                 25.00           94.5350         5.7969
          Contract Date : October 07, 2002
        18/10/2002                 32.00           99.8300         5.6350
        18/10/2002                 50.00           99.8300         5.6350
        18/10/2002                 50.00           99.8300         5.6350
        16/11/2002                  3.25           99.3706         5.7638
        07/02/2003                  6.00           98.0927         5.7541
        21/02/2003                  2.00           97.8694         5.7841
        21/03/2003                  3.75           97.4450         5.7843
        18/04/2003                 10.00          100.0000         0.0000
        13/06/2003                 25.00           96.1939         5.7841
        08/08/2003                  9.00           95.3546         5.8141
        05/09/2003                 11.3525         94.9374         5.8290
        05/09/2003                 12.00           94.9497         5.8141
        19/09/2003                 18.855          94.7358         5.8289
        19/09/2003                  4.00           94.7486         5.8140
        19/09/2003                 15.00           94.7443         5.8190
        19/09/2003                 25.00           94.7486         5.8140
        19/09/2003                 25.00           94.7486         5.8140
        19/09/2003                 31.00           94.7486         5.8140
        03/10/2003                  3.00           94.5482         5.8141
        03/10/2003                 10.00           94.5394         5.8240
        03/10/2003                 15.00           94.5394         5.8240
        03/10/2003                 15.00           94.5394         5.8240
        03/10/2003                 25.00           94.5350         5.8290
        03/10/2003                 30.00           94.5372         5.8265
        03/10/2003                 25.00           94.5350         5.8290        03/10/2003                 25.00           94.5394         5.8240
        03/10/2003                 25.00           94.5372         5.8265
     Total                        531.2075
II.  REPO Transactions *
    (Other than with RBI)
---------------------------------------------------------------------------
 Loan  Nomenclature                Amount      Price *   Repo Rate   Repo
 Code                            (Face Value) Per Rs.100   (%pa)    Period
                                 (in Rs.Crore) Nominal              (Days)
           (1)                      (2)          (3)        (4)      (5)
---------------------------------------------------------------------------
A. Government of India Dated Securities
 94003  12.50 %  2004              70.00      109.10        5.55       2
 97007  12.59 %  2004             175.00      110.55        5.50       1
 97010  11.19 %  2005              50.00      113.35        5.60       7
 97010  11.19 %  2005             100.00      113.45        5.55       2
 00013  11.00 %  2006              14.50      116.35        5.50       1
 01012   6.23 %  2006              40.00      100.00        5.50       1
 01012   6.23 %  2006             100.00      100.00        5.60       7
 01012   6.23 %  2006             100.00      100.00        5.60       7
 01012   6.23 %  2006              46.00      100.00        5.50       1
 01012   6.23 %  2006              50.00      100.00        5.50       1
 01012   6.23 %  2006              30.00      100.00        5.50       1
 97002  13.05 %  2007              50.00      125.75        5.60       7
 88008  11.50 %  2008              90.00      122.70        5.50       7
 02005   6.65 %  2009              50.00      100.00        5.60       2
 99004  12.29 %  2010              50.00      130.00        5.50       1
 02010   7.55 %  2010             100.00      104.47        5.60       1
 00010  10.95 %  2011             110.00      124.20        5.50       7
 01007   9.39 %  2011             100.00      114.80        5.55       2
 01007   9.39 %  2011              19.80      114.85        5.50       1
 00017  11.50 %  2011              50.00      129.30        5.60       1
 00017  11.50 %  2011              20.00      129.30        5.55       1
 00017  11.50 %  2011              20.00      129.30        5.55       1
 00017  11.50 %  2011              40.00      129.30        5.50       1
 00017  11.50 %  2011               2.25      129.25        5.75       1
 02006   6.85 %  2012              33.00       99.00        5.60       7
 02006   6.85 %  2012              50.00       99.00        5.50       1
 02006   6.85 %  2012              60.00       99.00        5.60       2
 02006   6.85 %  2012              50.00       99.00        5.55       1
 02006   6.85 %  2012              12.35       99.00        5.00       1
 02006   6.85 %  2012               5.30       99.00        5.00       1
 02009   7.40 %  2012              20.00      101.90        5.60       3
 00012  11.03 %  2012              10.00      126.50        6.00      14
 02013   6.72 %  2012              40.00      101.80        5.60       2
 02013   6.72 %  2012              50.00      101.80        5.60       2
 02013   6.72 %  2012             215.00      101.80        5.55       2
 00012  11.03 %  2012               8.00      126.90        5.50       1
 02013   6.72 %  2012              25.00      101.80        5.55       1
 02013   6.72 %  2012              25.00      101.80        5.55       1
 02013   6.72 %  2012              50.00      101.80        5.50       1
 02013   6.72 %  2012              20.00      101.80        5.50       1
 01009   9.40 %  2012               5.00      115.00        6.00      14
 01005   9.81 %  2013               5.00      119.00        6.00      14
 02008   7.37 %  2014              40.00      101.00        5.55       1 01001  10.47 %  2015               5.00      124.00        6.00      14
 01011   9.85 %  2015              40.00      120.75        5.55       2
 01003  10.71 %  2016               5.00      127.00        6.25       1
 02001   8.07 %  2017              46.50      105.35        5.60       7
 02001   8.07 %  2017              25.00      105.35        5.75      16
 02001   8.07 %  2017              25.00      105.35        5.75      16
 02012   6.84 %  2017              25.00      100.00        5.75      15
 02014   7.46 %  2017              35.00      100.30        5.55       1
 02014   7.46 %  2017              40.00      100.35        5.50       1
 01006  10.25 %  2021              25.00      125.00        5.60       7
 01006  10.25 %  2021               5.00      112.00        6.85       1
 02011   8.35 %  2022              50.00      106.50        5.60       7
 02011   8.35 %  2022              50.00      106.50        5.60       2
 01010  10.18 %  2026              30.00      125.00        5.60       2
 02015   7.95 %  2032              20.00      100.50        5.55       1
     Total                       2627.70
B. State Government Securities
                                           NIL
C. Treasury Bills
   (i) 14 Day Bills (Maturity-wise)
      (DD/MM/YYYY)
                                           NIL
   (ii) 91 Day Bills (Maturity-wise)
      (DD/MM/YYYY)
        08/11/2002                 50.00       99.5028      5.55       1
     Total                         50.00
   (iii) 182 Day Bills (Maturity-wise)
      (DD/MM/YYYY)
                                           NIL
   (iv) 364 Day Bills (Maturity-wise)
       (DD/MM/YYYY)
        10/01/2003                100.00       98.5255      5.55       2
        18/04/2003                 50.00       97.0493      5.55       1
        30/05/2003                 25.00       96.3703      5.55       1
        30/05/2003                 25.00       96.3703      5.55       1
        30/05/2003                 25.00       96.3703      5.55       1
        30/05/2003                 25.00       96.3703      5.55       1
     Total                        250.00
---------------------------------------------------------------------------
  * Relate to the first leg of Repos
  # YTM(indicative) will depend upon assumed rate of inflation
Date :  07 October 2002