Subsidiary General Ledger Account Transactions
in Government Dated Securities and Treasury Bills
at RBI, Mumbai on 16 August 2002
---------------------------------------------------------------------------
 Loan  Nomenclature              Amount           Price *        YTM %
 Code                            (Face Value)     Per Rs.100   Indicative
                                 (in Rs.Crore)    nominal
---------------------------------------------------------------------------
I.  Outright Transactions
A.Government of India Dated Securities
          Contract Date : August 14, 2002
 01003  10.71 %  2016               0.075         127.10           7.5046
 02011   8.35 %  2022               0.50          106.05           7.7450
 02011   8.35 %  2022              25.00          105.58           7.7900
 01010  10.18 %  2026              25.00          123.62           7.9598
 01010  10.18 %  2026              25.00          123.50           7.9693
          Contract Date : August 16, 2002
 94003  12.50 %  2004               5.00          109.52           6.1610
 94003  12.50 %  2004               5.00          109.44           6.2109
 94003  12.50 %  2004               5.00          109.44           6.2109
 94003  12.50 %  2004               5.00          109.44           6.2109
 94003  12.50 %  2004               5.00          109.44           6.2109
 94003  12.50 %  2004              10.00          109.44           6.2109
 94003  12.50 %  2004              10.00          109.44           6.2109
 94003  12.50 %  2004               5.00          109.44           6.2109
 94003  12.50 %  2004               5.00          109.44           6.2109
 94003  12.50 %  2004               5.00          109.43           6.2171
 94003  12.50 %  2004               5.00          109.43           6.2171
 94003  12.50 %  2004              25.00          109.44           6.2109
 94003  12.50 %  2004              50.00          109.44           6.2109
 97007  12.59 %  2004              10.00          110.73           6.3062
 98011  11.75 %  2004              10.00          109.27           6.3269
 98022  11.98 %  2004               5.00          110.815          6.2976
 95006  14.00 %  2005               0.02          119.70           6.2410
 97010  11.19 %  2005               1.00          113.10           6.3114
 99008  11.68 %  2006              15.00          116.89           6.4106
 00013  11.00 %  2006               6.75          100.00          10.9958
 97002  13.05 %  2007              10.00          124.85           6.7643
 98009  11.90 %  2007              10.00          121.70           6.5381
 98009  11.90 %  2007               5.00          121.70           6.5381
 98009  11.90 %  2007              10.00          121.69           6.5403
 98009  11.90 %  2007              10.00          121.69           6.5403
 98009  11.90 %  2007               5.00          121.68           6.5425
 98009  11.90 %  2007              10.00          121.70           6.5381
 98009  11.90 %  2007               5.178         121.67           6.5447
 98009  11.90 %  2007               5.00          121.69           6.5403
 98007  12.00 %  2008               5.00          123.70           6.9029
 98007  12.00 %  2008               5.00          123.72           6.8992
 98007  12.00 %  2008              20.00          123.73           6.8973
 98007  12.00 %  2008               5.00          123.71           6.9011
 00016  11.40 %  2008               5.00          122.75           6.7507 00016  11.40 %  2008               5.00          122.82           6.7382
 00016  11.40 %  2008               5.00          122.83           6.7364
 00016  11.40 %  2008               5.00          122.845          6.7337
 00016  11.40 %  2008              10.00          122.82           6.7382
 00016  11.40 %  2008              25.00          122.85           6.7328
 00016  11.40 %  2008               5.00          122.85           6.7328
 00016  11.40 %  2008               5.00          122.83           6.7364
 00016  11.40 %  2008              10.00          122.81           6.7399
 00016  11.40 %  2008               5.00          122.82           6.7382
 00016  11.40 %  2008               5.00          122.82           6.7382
 00016  11.40 %  2008               5.00          122.83           6.7364
 00016  11.40 %  2008               5.00          122.835          6.7355
 00016  11.40 %  2008               5.00          122.83           6.7364
 00016  11.40 %  2008               5.00          122.82           6.7382
 00016  11.40 %  2008               5.00          122.825          6.7373
 00016  11.40 %  2008               5.00          122.85           6.7328
 98023  12.25 %  2008              10.00          125.80           6.9580
 98023  12.25 %  2008               5.30          125.80           6.9580
 98023  12.25 %  2008              10.00          125.90           6.9403
 98023  12.25 %  2008              10.00          125.95           6.9314
 02005   6.65 %  2009              25.00           98.60           6.9145
 02005   6.65 %  2009              10.00           98.60           6.9145
 02005   6.65 %  2009               4.15           98.60           6.9145
 99006  11.99 %  2009               5.00          126.35           6.9633
 99006  11.99 %  2009               5.00          126.35           6.9633
 99006  11.99 %  2009               5.00          126.35           6.9633
 99006  11.99 %  2009               5.00          126.45           6.9469
 99006  11.99 %  2009               5.00          126.32           6.9682
 99006  11.99 %  2009               5.00          126.45           6.9469
 99006  11.99 %  2009               5.00          126.45           6.9469
 99006  11.99 %  2009               5.00          126.42           6.9518
 89009  11.50 %  2009               0.15          118.88           7.8383
 80003   7.50 %  2010               3.00          102.45           7.0806
 02010   7.55 %  2010              25.00          103.30           6.9883
 02010   7.55 %  2010               5.00          103.37           6.9767
 02010   7.55 %  2010              25.00          103.30           6.9883
 02010   7.55 %  2010               5.00          103.30           6.9883
 02010   7.55 %  2010               5.00          103.30           6.9883
 02010   7.55 %  2010               5.00          103.35           6.9800
 02010   7.55 %  2010               5.00          103.27           6.9932
 02010   7.55 %  2010               5.00          103.32           6.9849
 02010   7.55 %  2010               5.00          103.32           6.9849
 02010   7.55 %  2010               5.00          103.37           6.9767
 00014  11.30 %  2010              10.00          124.95           7.1325
 00014  11.30 %  2010              10.00          124.95           7.1325
 00014  11.30 %  2010              25.00          124.93           7.1354
 99005  12.32 %  2011              10.00          131.050          7.3263
 00010  10.95 %  2011               5.00          122.90           7.3615
 00010  10.95 %  2011               5.00          123.06           7.3396
 00010  10.95 %  2011              10.00          123.10           7.3341
 00010  10.95 %  2011              15.00          123.10           7.3341
 01007   9.39 %  2011               5.00          114.00           7.2239
 01007   9.39 %  2011               5.00          114.00           7.2239
 01007   9.39 %  2011              10.00          113.98           7.2268
 01007   9.39 %  2011               5.00          113.98           7.2268
 01007   9.39 %  2011               5.00          114.00           7.2239
 01007   9.39 %  2011               5.00          114.03           7.2197 01007   9.39 %  2011               5.00          114.00           7.2239
 01007   9.39 %  2011               5.00          114.04           7.2182
 01007   9.39 %  2011               5.00          114.02           7.2211
 01007   9.39 %  2011               5.00          114.08           7.2126
 01007   9.39 %  2011               5.00          114.12           7.2069
 01007   9.39 %  2011               5.00          114.13           7.2055
 01007   9.39 %  2011               5.00          114.07           7.2140
 01007   9.39 %  2011               5.00          114.12           7.2069
 01007   9.39 %  2011               5.00          114.07           7.2140
 01007   9.39 %  2011              10.00          114.12           7.2069
 01007   9.39 %  2011               5.00          114.05           7.2168
 01007   9.39 %  2011               5.00          114.09           7.2112
 01007   9.39 %  2011               5.00          114.12           7.2069
 01007   9.39 %  2011               5.00          114.13           7.2055
 01007   9.39 %  2011               5.00          114.07           7.2140
 01007   9.39 %  2011               5.00          114.10           7.2097
 01007   9.39 %  2011              10.00          114.05           7.2168
 01007   9.39 %  2011               5.00          114.05           7.2168
 01007   9.39 %  2011               5.00          114.10           7.2097
 01007   9.39 %  2011               5.00          114.10           7.2097
 01007   9.39 %  2011               5.00          114.09           7.2112
 01007   9.39 %  2011               5.00          114.09           7.2112
 01007   9.39 %  2011               5.00          114.05           7.2168
 01007   9.39 %  2011               5.00          114.12           7.2069
 01007   9.39 %  2011               5.00          114.09           7.2112
 01007   9.39 %  2011               5.00          114.07           7.2140
 01007   9.39 %  2011               5.00          114.08           7.2126
 01007   9.39 %  2011               5.00          114.095          7.2104
 01007   9.39 %  2011               5.00          114.10           7.2097
 01007   9.39 %  2011              10.00          114.10           7.2097
 01007   9.39 %  2011               5.00          114.08           7.2126
 01007   9.39 %  2011               5.00          114.05           7.2168
 01007   9.39 %  2011               5.00          114.10           7.2097
 01007   9.39 %  2011               5.00          114.11           7.2083
 01007   9.39 %  2011               5.00          114.11           7.2083
 01007   9.39 %  2011               5.00          114.11           7.2083
 01007   9.39 %  2011               5.00          114.13           7.2055
 01007   9.39 %  2011               5.00          114.11           7.2083
 01007   9.39 %  2011               5.00          114.11           7.2083
 01007   9.39 %  2011               5.00          114.05           7.2168
 00017  11.50 %  2011              10.00          128.200          7.2637
 00017  11.50 %  2011               5.00          128.230          7.2598
 00017  11.50 %  2011               5.00          128.200          7.2637
 00017  11.50 %  2011               5.00          128.200          7.2637
 00017  11.50 %  2011               5.00          128.200          7.2637
 00017  11.50 %  2011               5.00          128.210          7.2624
 00017  11.50 %  2011              10.00          128.25           7.2573
 00017  11.50 %  2011               5.00          128.270          7.2548
 00017  11.50 %  2011              10.00          128.16           7.2687
 00017  11.50 %  2011               5.00          128.300          7.2509
 00017  11.50 %  2011               5.00          128.35           7.2446
 00017  11.50 %  2011               5.00          128.300          7.2509
 00017  11.50 %  2011               5.00          128.28           7.2535
 00017  11.50 %  2011               5.00          128.35           7.2446
 00017  11.50 %  2011               5.00          128.32           7.2484
 00017  11.50 %  2011               5.00          128.35           7.2446
 00017  11.50 %  2011               5.00          128.300          7.2509 00017  11.50 %  2011               5.00          128.35           7.2446
 00017  11.50 %  2011               5.00          128.32           7.2484
 00017  11.50 %  2011               5.00          128.32           7.2484
 02009   7.40 %  2012               5.00          101.24           7.2179
 02009   7.40 %  2012              10.00          101.23           7.2193
 02009   7.40 %  2012               5.00          101.28           7.2121
 02009   7.40 %  2012               5.00          101.33           7.2049
 02009   7.40 %  2012               5.00          101.31           7.2078
 02009   7.40 %  2012               5.00          101.35           7.2021
 02009   7.40 %  2012               5.00          101.36           7.2006
 02009   7.40 %  2012              10.00          101.35           7.2021
 02009   7.40 %  2012              10.00          101.35           7.2021
 02009   7.40 %  2012               5.00          101.33           7.2049
 02009   7.40 %  2012               5.00          101.36           7.2006
 02009   7.40 %  2012               5.00          101.33           7.2049
 02009   7.40 %  2012               5.00          101.33           7.2049
 02009   7.40 %  2012               5.00          101.34           7.2035
 02009   7.40 %  2012               5.00          101.32           7.2064
 02009   7.40 %  2012               5.00          101.30           7.2093
 02009   7.40 %  2012               5.00          101.35           7.2021
 02009   7.40 %  2012               5.00          101.30           7.2093
 02009   7.40 %  2012               5.00          101.32           7.2064
 02009   7.40 %  2012               5.00          101.32           7.2064
 02009   7.40 %  2012               1.00          101.35           7.2021
 02009   7.40 %  2012               5.00          101.36           7.2006
 02009   7.40 %  2012              10.00          101.36           7.2006
 02009   7.40 %  2012               5.00          101.35           7.2021
 02009   7.40 %  2012               5.00          101.31           7.2078
 02009   7.40 %  2012               5.00          101.35           7.2021
 02009   7.40 %  2012               5.00          101.33           7.2049
 02009   7.40 %  2012               5.00          101.35           7.2021
 02009   7.40 %  2012               5.00          101.35           7.2021
 02009   7.40 %  2012               5.00          101.35           7.2021
 02009   7.40 %  2012              15.00          101.35           7.2021
 02009   7.40 %  2012               5.00          101.34           7.2035
 02009   7.40 %  2012               5.00          101.35           7.2021
 02009   7.40 %  2012               5.00          101.35           7.2021
 02009   7.40 %  2012               0.25          101.36           7.2006
 02009   7.40 %  2012               0.50          101.41           7.1935
 02009   7.40 %  2012               1.00          101.30           7.2093
 02009   7.40 %  2012               5.00          101.34           7.2035
 02009   7.40 %  2012               5.00          101.34           7.2035
 02009   7.40 %  2012               2.50          101.32           7.2064
 02009   7.40 %  2012               5.00          101.36           7.2006
 02009   7.40 %  2012              25.00          101.32           7.2064
 02009   7.40 %  2012              25.00          101.35           7.2021
 02009   7.40 %  2012               0.15          101.40           7.1949
 02009   7.40 %  2012               4.00          101.38           7.1978
 00012  11.03 %  2012               5.00          126.00           7.2997
 00012  11.03 %  2012               5.00          126.12           7.2850
 00012  11.03 %  2012               5.00          126.05           7.2936
 00012  11.03 %  2012               5.00          126.01           7.2985
 02013   6.72 %  2012              15.00          100.33           6.6730
 00012  11.03 %  2012               5.00          126.13           7.2837
 00012  11.03 %  2012               5.00          126.10           7.2874
 00012  11.03 %  2012               5.00          126.11           7.2862
 00012  11.03 %  2012               5.00          126.12           7.2850 02013   6.72 %  2012              10.00          100.33           6.6730
 00012  11.03 %  2012               5.00          126.10           7.2874
 01009   9.40 %  2012               5.00          114.87           7.2886
 01009   9.40 %  2012               5.00          114.91           7.2834
 01009   9.40 %  2012               5.00          114.88           7.2873
 01009   9.40 %  2012               5.00          114.97           7.2757
 01009   9.40 %  2012               5.00          114.98           7.2744
 01009   9.40 %  2012               5.00          114.98           7.2744
 01009   9.40 %  2012               5.00          115.00           7.2718
 01005   9.81 %  2013               5.00          118.26           7.3289
 01005   9.81 %  2013               5.00          118.26           7.3289
 01005   9.81 %  2013              10.00          118.26           7.3289
 01005   9.81 %  2013              10.00          118.40           7.3119
 01005   9.81 %  2013               5.00          118.40           7.3119
 01005   9.81 %  2013               5.00          118.38           7.3144
 01005   9.81 %  2013               5.00          118.38           7.3144
 01005   9.81 %  2013               5.00          118.39           7.3131
 01005   9.81 %  2013               5.00          118.38           7.3144
 01005   9.81 %  2013               5.00          118.38           7.3144
 01005   9.81 %  2013               5.00          118.39           7.3131
 01005   9.81 %  2013               5.00          118.40           7.3119
 01005   9.81 %  2013               5.00          118.39           7.3131
 01005   9.81 %  2013               5.00          118.39           7.3131
 01005   9.81 %  2013               5.00          118.38           7.3144
 01005   9.81 %  2013               5.00          118.39           7.3131
 02008   7.37 %  2014               5.00          100.30           7.3294
 02008   7.37 %  2014               5.00          100.32           7.3268
 02008   7.37 %  2014               5.00          100.33           7.3255
 02008   7.37 %  2014               5.00          100.30           7.3294
 84010  10.50 %  2014               1.00          123.00           7.5756
 99020  11.83 %  2014               5.00          132.65           7.6669
 99020  11.83 %  2014              10.00          132.02           7.7330
 99020  11.83 %  2014              10.00          132.02           7.7330
 01001  10.47 %  2015               1.00          121.50           7.7518
 00015  11.43 %  2015              10.00          130.85           7.6400
 00015  11.43 %  2015               5.00          130.85           7.6400
 01011   9.85 %  2015               5.00          119.64           7.4774
 01011   9.85 %  2015               5.00          119.64           7.4774
 01011   9.85 %  2015              10.00          119.55           7.4870
 01011   9.85 %  2015               5.00          119.55           7.4870
 01011   9.85 %  2015               5.00          119.55           7.4870
 01011   9.85 %  2015               5.00          119.55           7.4870
 01011   9.85 %  2015               5.00          119.64           7.4774
 01011   9.85 %  2015               5.00          119.58           7.4838
 01011   9.85 %  2015               5.00          119.55           7.4870
 01011   9.85 %  2015               5.00          119.65           7.4764
 01011   9.85 %  2015               5.00          119.55           7.4870
 01011   9.85 %  2015              10.00          119.60           7.4817
 01011   9.85 %  2015              10.00          119.72           7.4689
 01011   9.85 %  2015              10.00          119.70           7.4711
 01011   9.85 %  2015               5.00          119.74           7.4668
 01011   9.85 %  2015               5.00          119.80           7.4604
 01011   9.85 %  2015               5.00          119.78           7.4625
 01011   9.85 %  2015               5.00          119.80           7.4604
 01011   9.85 %  2015               5.00          119.80           7.4604
 01011   9.85 %  2015               3.00          119.70           7.4711
 01003  10.71 %  2016               5.00          126.17           7.5973 01003  10.71 %  2016               5.00          126.00           7.6144
 01003  10.71 %  2016               5.00          126.00           7.6144
 01003  10.71 %  2016               5.00          126.10           7.6043
 01003  10.71 %  2016               5.00          126.10           7.6043
 01003  10.71 %  2016               5.00          126.05           7.6094
 01003  10.71 %  2016               5.00          126.01           7.6134
 01003  10.71 %  2016               5.00          126.10           7.6043
 01003  10.71 %  2016               5.00          126.15           7.5993
 01003  10.71 %  2016               5.00          126.24           7.5902
 01003  10.71 %  2016               5.00          126.24           7.5902
 01003  10.71 %  2016               5.00          126.19           7.5953
 01003  10.71 %  2016               5.00          126.25           7.5892
 01003  10.71 %  2016               5.00          126.22           7.5922
 01003  10.71 %  2016              10.00          126.25           7.5892
 01003  10.71 %  2016               5.00          126.26           7.5882
 01003  10.71 %  2016               5.00          126.27           7.5872
 01003  10.71 %  2016               5.00          126.29           7.5852
 02001   8.07 %  2017               1.00          105.15           7.4789
 02001   8.07 %  2017              10.00          104.78           7.5200
 02001   8.07 %  2017               5.00          104.72           7.5266
 02001   8.07 %  2017              10.00          104.65           7.5344
 02001   8.07 %  2017              10.00          104.78           7.5200
 02001   8.07 %  2017               5.00          104.80           7.5177
 02001   8.07 %  2017               5.00          104.815          7.5161
 02001   8.07 %  2017               5.00          104.85           7.5122
 02001   8.07 %  2017               0.50          105.15           7.4789
 02001   8.07 %  2017               0.50          105.19           7.4745
 02001   8.07 %  2017               5.00          104.80           7.5177
 02001   8.07 %  2017               5.00          104.80           7.5177
 02001   8.07 %  2017              25.00          104.80           7.5177
 02001   8.07 %  2017               5.00          104.80           7.5177
 02001   8.07 %  2017               1.00          104.88           7.5088
 02001   8.07 %  2017               3.50          104.80           7.5177
 02001   8.07 %  2017               0.50          104.95           7.5011
 02001   8.07 %  2017               5.00          104.80           7.5177
 02001   8.07 %  2017              10.00          104.785          7.5194
 02001   8.07 %  2017               5.00          104.80           7.5177
 02001   8.07 %  2017               5.00          104.78           7.5200
 02001   8.07 %  2017               5.00          104.80           7.5177
 02001   8.07 %  2017               5.00          104.80           7.5177
 02001   8.07 %  2017               1.00          104.90           7.5066
 02001   8.07 %  2017               5.00          104.81           7.5166
 02001   8.07 %  2017               5.00          104.83           7.5144
 02001   8.07 %  2017              10.00          104.78           7.5200
 02007   7.49 %  2017               5.50          100.40           7.4430
 02007   7.49 %  2017               0.25          100.40           7.4430
 02007   7.49 %  2017               0.50          100.10           7.4769
 02007   7.49 %  2017               2.00          100.43           7.4396
 02007   7.49 %  2017               0.19          100.50           7.4317
 02007   7.49 %  2017               0.50          100.42           7.4407
 02007   7.49 %  2017               1.00          100.25           7.4599
 02007   7.49 %  2017               0.50          100.33           7.4509
 00008  10.70 %  2020               5.00          125.60           7.9726
 00008  10.70 %  2020               5.00          125.60           7.9726
 01006  10.25 %  2021               5.00          123.50           7.8372
 01006  10.25 %  2021               5.00          123.45           7.8416
 01006  10.25 %  2021               5.00          123.45           7.8416 01006  10.25 %  2021               5.00          123.46           7.8407
 01006  10.25 %  2021               5.00          123.50           7.8372
 02011   8.35 %  2022               5.00          105.60           7.7880
 02011   8.35 %  2022               0.25          106.00           7.7497
 02011   8.35 %  2022               5.00          105.60           7.7880
 02011   8.35 %  2022               5.00          105.60           7.7880
 02011   8.35 %  2022               5.00          106.00           7.7497
 01010  10.18 %  2026               5.00          123.58           7.9629
 01010  10.18 %  2026               5.00          123.58           7.9629
 01010  10.18 %  2026               5.00          123.58           7.9629
 01010  10.18 %  2026              15.00          123.62           7.9597
 01010  10.18 %  2026              10.00          123.56           7.9645
 01010  10.18 %  2026              15.00          123.60           7.9613
 01010  10.18 %  2026              10.00          123.60           7.9613
 01010  10.18 %  2026              10.00          123.56           7.9645
 01010  10.18 %  2026              10.00          123.56           7.9645
 01010  10.18 %  2026              10.00          123.56           7.9645
 01010  10.18 %  2026               5.00          123.58           7.9629
 01010  10.18 %  2026              10.00          123.54           7.9661
 01010  10.18 %  2026               5.00          123.60           7.9613
 01010  10.18 %  2026               1.00          122.80           8.0250
     Total                       2220.2130
B. State Government Securities
          Contract Date : August 16, 2002
 94214 12.50% MAHARASHTRA SDL
       2004                         0.12          107.33          7.7742
 95206 14.00% GUJARAT S.D.L.
       2005                         0.50          116.23          7.3931
 99209 12.25% GUJRAT SDL 2009       0.05          121.33          8.0537
 99216 12.25% MAHARASHTRA SDL
       2009                         2.00          123.05          7.7583
 99240 11.85% MP SDL 2009           1.00          118.00          8.4147
 02243 8.00% MAHARASHTRA SDL
       2012                         0.50          100.40          7.9381
 02229 8.00% A.P. SDL 2012          5.00          100.60          7.9080
 02282 7.83% GUJARAT G.S 2012      10.00          100.00          7.8278
 02285 7.83% MAHARASTRA G.S.2012   10.00          100.00          7.8278
 02282 7.83% GUJARAT G.S 2012       5.00          100.00          7.8278
     Total                         34.17
C. Treasury Bills
   (i) 14 Day Bills (Maturity-wise)
       (DD/MM/YYYY)
                                           NIL
   (ii) 91 Day Bills (Maturity-wise)
       (DD/MM/YYYY)
          Contract Date : August 16, 2002
        11/10/2002                  0.95           99.1104         5.8343
        18/10/2002                  1.45           99.0019         5.8249
        15/11/2002                 45.00           98.5700         5.8030
        15/11/2002                  6.00           98.5700         5.8030
     Total                         53.40
   (iii) 182 Day Bills (Maturity-wise)
       (DD/MM/YYYY)
                                           NIL
   (iv) 364 Day Bills (Maturity-wise)       (DD/MM/YYYY)
          Contract Date : August 14, 2002
        08/08/2003                 50.00           94.4394         5.9700
          Contract Date : August 16, 2002
        18/10/2002                  5.00           99.0054         5.8043
        01/11/2002                 10.00           98.7933         5.7741
        13/12/2002                  5.00          100.0000         0.0000
        02/05/2003                  5.00           95.9163         5.9836
        25/07/2003                 10.00           94.6626         5.9835
     Total                         85.00
II.  REPO Transactions *
    (Other than with RBI)
---------------------------------------------------------------------------
 Loan  Nomenclature                Amount      Price *   Repo Rate   Repo
 Code                            (Face Value) Per Rs.100   (%pa )    Period
                                 (in Rs.Crore) Nominal              (Days)
           (1)                      (2)          (3)        (4)      (5)
---------------------------------------------------------------------------
A. Government of India Dated Securities
 97011  11.15 %  2002             100.00      100.21        5.60       5
 94003  12.50 %  2004              25.00      109.55        5.60       3
 94003  12.50 %  2004              25.00      109.55        5.60       3
 01012   6.23 %  2006              25.00      100.00        5.75      15
 01012   6.23 %  2006              50.00      100.00        5.50       1
 01012   6.23 %  2006              25.00      100.00        5.50       3
 01012   6.23 %  2006              95.00      100.00        5.50       1
 98007  12.00 %  2008              30.00      123.80        5.55       3
 88008  11.50 %  2008              60.00      122.00        5.60       3
 02005   6.65 %  2009              65.00       99.25        5.55       3
 02005   6.65 %  2009              45.00       99.25        5.50       3
 02005   6.65 %  2009               9.25       98.70        5.65       3
 99004  12.29 %  2010              40.00      128.75        5.55       3
 02010   7.55 %  2010              25.00      103.35        5.70       3
 02010   7.55 %  2010              25.00      103.35        5.50       3
 90010  11.50 %  2010              10.00      114.00        7.15       6
 99005  12.32 %  2011              30.00      131.00        5.55       3
 02006   6.85 %  2012              60.00       98.00        5.60       3
 02006   6.85 %  2012              50.00       98.00        5.55       4
 02006   6.85 %  2012              35.00       98.00        5.50       3
 02006   6.85 %  2012              22.00       97.60        5.65       1
 01001  10.47 %  2015              10.00      109.00        7.15       6
 01011   9.85 %  2015               5.00      108.00        7.40       8
 01003  10.71 %  2016              50.00      126.10        5.55       3
 01003  10.71 %  2016              10.00      113.00        7.40       8
 02001   8.07 %  2017               5.00       95.00        7.40       8
 02001   8.07 %  2017              45.00      104.80        5.60       3
 02007   7.49 %  2017              40.00      100.25        5.60       3
 02012   6.84 %  2017              60.00      100.00        5.50       3
 02012   6.84 %  2017              80.00      100.00        5.50       3
 02012   6.84 %  2017              40.00      100.00        5.50       1
 02012   6.84 %  2017              25.00      100.00        5.75      17
 01006  10.25 %  2021              40.00      124.00        5.60       3
 01006  10.25 %  2021              40.00      123.75        5.55       3
 01006  10.25 %  2021              35.00      123.75        5.55       3
 01006  10.25 %  2021               5.00      111.00        7.40       8 01006  10.25 %  2021              20.00      123.75        5.50       1
 01010  10.18 %  2026              27.00      123.75        5.50       3
     Total                       1388.25
B. State Government Securities
                                           NIL
C. Treasury Bills
   (i) 14 Day Bills (Maturity-wise)
      (DD/MM/YYYY)
                                           NIL
   (ii) 91 Day Bills (Maturity-wise)
      (DD/MM/YYYY)
        23/08/2002                 20.00       99.8889      5.55       3
        01/11/2002                 30.00       98.7912      5.55       3
        08/11/2002                 50.00       98.6828      5.55       3
     Total                        100.00
   (iii) 182 Day Bills (Maturity-wise)
      (DD/MM/YYYY)
                                           NIL
   (iv) 364 Day Bills (Maturity-wise)
       (DD/MM/YYYY)
        10/01/2003                100.00       97.6598      5.55       3
        24/01/2003                 25.00       97.4426      5.55       3
        16/05/2003                 50.00       95.7393      5.55       3
        11/07/2003                 50.00       94.9098      5.55       3
     Total                        225.00
--------------------------------------------------------------------------
  * Relate to the first leg of Repos
  # YTM(indicative) will depend upon assumed rate of inflation
Date :  16 August 2002