Subsidiary General Ledger Account Transactions
in Government Dated Securities and Treasury Bills
at RBI, Mumbai on 18 May 2002
---------------------------------------------------------------------------
 Loan  Nomenclature              Amount           Price *        YTM %
 Code                            (Face Value)     Per Rs.100   Indicative
                                 (in Rs.Crore)    nominal
---------------------------------------------------------------------------
I.  Outright Transactions
A.Government of India Dated Securities
          Contract Date : May 17, 2002
 97011  11.15 %  2002              10.00          101.085          7.2023
 97011  11.15 %  2002               5.00          101.085          7.2023
 96016  13.82 %  2002              10.00          102.12           7.2393
 98004  11.10 %  2003               4.25          103.85           6.5527
 97007  12.59 %  2004              10.00          110.25           7.2021
 00017  11.50 %  2011               5.00          123.85           7.8896
 00017  11.50 %  2011               5.00          124.65           7.7851
 02009   7.40 %  2012               5.00           95.85           8.0119
 02009   7.40 %  2012               0.90           97.45           7.7717
 02009   7.40 %  2012               5.00           95.80           8.0194
 02009   7.40 %  2012               5.00           96.15           7.9664
 02009   7.40 %  2012               5.00           96.00           7.9891
 02009   7.40 %  2012               5.00           95.85           8.0119
 00012  11.03 %  2012               5.00          120.85           7.9927
 00012  11.03 %  2012               2.53          121.00           7.9736
 00012  11.03 %  2012               5.00          120.65           8.0184
 00012  11.03 %  2012               1.59          120.00           8.1021
 01005   9.81 %  2013               5.00          111.62           8.1896
 00015  11.43 %  2015              40.00          124.01           8.3870
 01006  10.25 %  2021               5.00          117.25           8.4158
          Contract Date : May 18, 2002
 94003  12.50 %  2004              10.00          109.35           7.0026
 94003  12.50 %  2004               1.50          109.40           6.9750
 94003  12.50 %  2004               5.00          109.35           7.0026
 94003  12.50 %  2004               5.00          109.30           7.0302
 94003  12.50 %  2004               5.00          109.32           7.0191
 94003  12.50 %  2004               5.00          109.13           7.1241
 94003  12.50 %  2004               5.00          109.17           7.1020
 94003  12.50 %  2004               5.00          109.20           7.0854
 94003  12.50 %  2004              25.00          109.462          6.9406
 94003  12.50 %  2004              25.00          109.47           6.9364
 94003  12.50 %  2004              25.00          109.475          6.9337
 94003  12.50 %  2004              25.00          109.48           6.9309
 94003  12.50 %  2004               5.00          109.20           7.0854
 98022  11.98 %  2004              20.00          110.31           7.0453
 97010  11.19 %  2005               5.00          111.00           7.3004
 00013  11.00 %  2006              15.00          113.58           7.1861
 00016  11.40 %  2008               5.00          119.00           7.5436
 00016  11.40 %  2008              10.00          119.00           7.5436
 00016  11.40 %  2008              10.00          118.80           7.5799 00016  11.40 %  2008               5.00          118.40           7.6527
 02005   6.65 %  2009               1.00           93.50           7.8901
 99006  11.99 %  2009               5.00          120.75           8.0075
 02010   7.55 %  2010              15.00           97.95           7.9007
 02010   7.55 %  2010              10.00           98.00           7.8920
 02010   7.55 %  2010               5.00           98.00           7.8920
 02010   7.55 %  2010               5.00           98.01           7.8903
 02010   7.55 %  2010               5.00           98.00           7.8920
 02010   7.55 %  2010               5.00           97.45           7.9876
 02010   7.55 %  2010               5.00           97.00           8.0664
 02010   7.55 %  2010               5.00           97.55           7.9702
 02010   7.55 %  2010               5.00           97.35           8.0051
 02010   7.55 %  2010               5.00           97.55           7.9702
 02010   7.55 %  2010               5.00           97.20           8.0314
 02010   7.55 %  2010               5.00           97.20           8.0314
 02010   7.55 %  2010               5.00           97.46           7.9859
 02010   7.55 %  2010               5.00           97.35           8.0051
 02010   7.55 %  2010               5.00           97.10           8.0489
 02010   7.55 %  2010               5.00           97.10           8.0489
 02010   7.55 %  2010               5.00           97.10           8.0489
 02010   7.55 %  2010               5.00           97.60           7.9615
 02010   7.55 %  2010               5.00           97.60           7.9615
 02010   7.55 %  2010               5.00           97.55           7.9702
 02010   7.55 %  2010               5.00           97.95           7.9007
 00014  11.30 %  2010              20.00          120.00           7.9302
 00014  11.30 %  2010              10.00          120.00           7.9302
 99005  12.32 %  2011               0.055         126.80           7.9827
 00010  10.95 %  2011              15.00          117.25           8.2075
 00017  11.50 %  2011               5.00          124.15           7.8497
 00017  11.50 %  2011               5.00          124.15           7.8497
 00017  11.50 %  2011               5.00          123.75           7.9022
 00017  11.50 %  2011               5.00          123.75           7.9022
 00017  11.50 %  2011              10.00          123.70           7.9087
 00017  11.50 %  2011               5.00          123.88           7.8851
 00017  11.50 %  2011               5.00          123.85           7.8890
 00017  11.50 %  2011               5.00          123.70           7.9087
 00017  11.50 %  2011               5.00          123.70           7.9087
 00017  11.50 %  2011               5.00          123.70           7.9087
 00017  11.50 %  2011               5.00          123.70           7.9087
 00017  11.50 %  2011               5.00          123.90           7.8825
 00017  11.50 %  2011               5.00          123.70           7.9087
 00017  11.50 %  2011               5.00          124.05           7.8628
 00017  11.50 %  2011               5.00          122.90           8.0143
 00017  11.50 %  2011               5.00          123.00           8.0010
 00017  11.50 %  2011               5.00          123.25           7.9680
 00017  11.50 %  2011               5.00          123.25           7.9680
 00017  11.50 %  2011               5.00          123.05           7.9944
 00017  11.50 %  2011               5.00          122.70           8.0408
 00017  11.50 %  2011               5.00          122.65           8.0475
 00017  11.50 %  2011              10.00          122.80           8.0275
 00017  11.50 %  2011               5.00          122.90           8.0143
 00017  11.50 %  2011               5.00          123.88           7.8851
 00017  11.50 %  2011              10.00          123.40           7.9482
 00017  11.50 %  2011               5.00          123.45           7.9416
 00017  11.50 %  2011               5.00          122.75           8.0342
 00017  11.50 %  2011               5.00          122.80           8.0275
 02009   7.40 %  2012               5.00           96.05           7.9816 02009   7.40 %  2012               5.00           96.10           7.9741
 02009   7.40 %  2012              10.00           95.80           8.0195
 02009   7.40 %  2012               5.00           95.80           8.0195
 02009   7.40 %  2012               1.004          96.10           7.9741
 02009   7.40 %  2012               5.00           94.60           8.2032
 02009   7.40 %  2012               5.00           94.75           8.1801
 02009   7.40 %  2012               5.00           94.60           8.2032
 02009   7.40 %  2012               5.00           95.00           8.1416
 02009   7.40 %  2012               5.00           95.88           8.0074
 00012  11.03 %  2012               5.00          120.05           8.0952
 00012  11.03 %  2012              10.00          119.50           8.1664
 00012  11.03 %  2012               5.00          120.05           8.0952
 00012  11.03 %  2012               5.00          120.30           8.0629
 00012  11.03 %  2012               5.00          120.25           8.0694
 00012  11.03 %  2012               5.00          119.95           8.1081
 00012  11.03 %  2012               5.00          119.65           8.1469
 00012  11.03 %  2012               5.00          120.10           8.0887
 00012  11.03 %  2012              20.00          119.45           8.1729
 00012  11.03 %  2012               5.00          120.35           8.0565
 00012  11.03 %  2012               5.00          100.00          11.0245
 00012  11.03 %  2012               5.00          120.25           8.0694
 01005   9.81 %  2013              10.00          109.75           8.4341
 01005   9.81 %  2013               5.00          110.00           8.4011
 01005   9.81 %  2013              10.00          109.75           8.4341
 99020  11.83 %  2014               0.20          126.95           8.3183
 99020  11.83 %  2014              10.00          122.00           8.8785
 01001  10.47 %  2015              10.00          114.25           8.6029
 01011   9.85 %  2015              10.00          111.25           8.4316
 02001   8.07 %  2017               1.00           98.00           8.3063
 02001   8.07 %  2017               5.00           96.60           8.4773
 02001   8.07 %  2017               5.00           96.25           8.5206
 02007   7.49 %  2017               0.50           94.35           8.1502
 02007   7.49 %  2017               0.25           94.15           8.1746
 02007   7.49 %  2017               0.50           94.15           8.1746
 02007   7.49 %  2017               1.00           94.75           8.1016
 02007   7.49 %  2017               2.00           93.10           8.3040
 02007   7.49 %  2017               1.00           93.90           8.2053
 02007   7.49 %  2017               0.412          92.90           8.3289
 00018  11.60 %  2020               1.159         129.00           8.4736
 01006  10.25 %  2021               5.00          114.00           8.7281
 02011   8.35 %  2022               2.50           99.95           8.3550
 02011   8.35 %  2022               0.25          100.00           8.3498
 02011   8.35 %  2022               0.01          100.16           8.3332
 01010  10.18 %  2026               1.50          116.00           8.5979
 01010  10.18 %  2026               3.50          116.00           8.5979
     Total                        898.61
B. State Government Securities
                                           NIL
C. Treasury Bills
   (i) 14 Day Bills (Maturity-wise)
       (DD/MM/YYYY)
                                           NIL
   (ii) 91 Day Bills (Maturity-wise)
       (DD/MM/YYYY)
          Contract Date : May 18, 2002        12/07/2002                  5.00           98.9710         6.8809
        02/08/2002                 36.0275         98.5634         6.9808
        16/08/2002                 40.00           98.3033         6.9806
     Total                         81.0275
   (iii) 182 Day Bills (Maturity-wise)
       (DD/MM/YYYY)
                                           NIL
   (iv) 364 Day Bills (Maturity-wise)
       (DD/MM/YYYY)
          Contract Date : May 17, 2002
        16/05/2003                 15.00           93.6220         6.8125
        16/05/2003                 75.00           93.5280         6.9199
          Contract Date : May 18, 2002
        18/10/2002                  5.00          100.0000         0.0000
        13/12/2002                 10.00           96.1700         6.9361
        16/05/2003                 20.00           93.5300         6.9366
        16/05/2003                  5.00           93.6700         6.7764
        16/05/2003                 35.00           93.5300         6.9366
        16/05/2003                  5.00           93.5300         6.9366
        16/05/2003                 50.00           93.5300         6.9366
        16/05/2003                 10.00           93.5300         6.9366
        16/05/2003                 35.00           93.5349         6.9310
     Total                        265.00
II.  REPO Transactions *
    (Other than with RBI)
---------------------------------------------------------------------------
 Loan  Nomenclature                Amount      Price *   Repo Rate   Repo
 Code                            (Face Value) Per Rs.100   (%pa)    Period
                                 (in Rs.Crore) Nominal              (Days)
           (1)                      (2)          (3)        (4)      (5)
---------------------------------------------------------------------------
A. Government of India Dated Securities
 94003  12.50 %  2004              25.00      109.30        6.75       6
 94003  12.50 %  2004              25.00      109.30        6.75       6
 94003  12.50 %  2004              10.00      109.50        8.00      99
 01007   9.39 %  2011              10.00      109.25        8.00      22
 01007   9.39 %  2011               5.10      109.25        8.00      22
 01007   9.39 %  2011              10.00      109.25        8.00      22
 02001   8.07 %  2017              22.00       92.00        8.25      54
 02001   8.07 %  2017              22.00       92.00        8.25      54
 02001   8.07 %  2017              22.00       92.00        8.25      54
 02007   7.49 %  2017              20.00       89.00        8.25      68
 02007   7.49 %  2017              15.00       89.00        8.25      68
 97011  11.15 %  2002              15.00      101.53        6.65       2
 97011  11.15 %  2002              15.00      101.53        6.65       2
 97011  11.15 %  2002              90.00      101.08        6.60       2
 97011  11.15 %  2002              18.00      101.53        6.65       2
 98004  11.10 %  2003              25.00      103.42        7.00      14
 94003  12.50 %  2004              75.00      109.30        6.60       2
 94003  12.50 %  2004              25.00      109.30        7.00      14
 94003  12.50 %  2004              30.00      109.30        6.75       5
 94003  12.50 %  2004              50.00      109.30        6.95      14
 94003  12.50 %  2004              75.00      109.30        6.65       2
 94003  12.50 %  2004              70.00      109.30        6.95      14
 94003  12.50 %  2004              30.00      109.25        6.40       2 98008  11.50 %  2004              30.00      108.00        6.80      14
 98008  11.50 %  2004              25.00      108.00        6.80      14
 98008  11.50 %  2004              10.00      108.00        6.70       2
 00016  11.40 %  2008              16.50      118.00        6.50       2
 00014  11.30 %  2010              30.00      119.25        6.90       2
 01007   9.39 %  2011               5.00      106.00        7.75       2
 91012  11.50 %  2011               3.00      119.50        7.75       2
 02009   7.40 %  2012              25.00       94.50        6.90       2
 01011   9.85 %  2015              50.00      112.40        7.25      21
 01011   9.85 %  2015              25.00      112.40        7.50      21
 01011   9.85 %  2015              25.00      110.50        6.75       5
 01011   9.85 %  2015              25.00      110.50        6.75       5
     Total                        973.60
B. State Government Securities
                                           NIL
C. Treasury Bills
   (i) 14 Day Bills (Maturity-wise)
      (DD/MM/YYYY)
                                           NIL
   (ii) 91 Day Bills (Maturity-wise)
      (DD/MM/YYYY)
                                           NIL
   (iii) 182 Day Bills (Maturity-wise)
      (DD/MM/YYYY)
                                           NIL
   (iv) 364 Day Bills (Maturity-wise)
       (DD/MM/YYYY)
                                           NIL
---------------------------------------------------------------------------
  * Relate to the first leg of Repos
  # YTM(indicative) will depend upon assumed rate of inflation
Date :  18 May 2002