Subsidiary General Ledger Account Transactions
in Government Dated Securities and Treasury Bills
at RBI, Mumbai on 04 March 2002
---------------------------------------------------------------------------
 Loan  Nomenclature              Amount           Price *        YTM %
 Code                            (Face Value)     Per Rs.100   Indicative
                                 (in Rs.Crore)    nominal
---------------------------------------------------------------------------
I.  Outright Transactions
A.Government of India Dated Securities
          Contract Date : February 27, 2002
 00014  11.30 %  2010              15.00          125.99           7.1379
 00017  11.50 %  2011               5.00          129.490          7.2272
 00017  11.50 %  2011               5.00          129.490          7.2272
 00017  11.50 %  2011              10.00          129.490          7.2272
 00012  11.03 %  2012              15.00          127.31           7.2426
 00012  11.03 %  2012               5.00          127.31           7.2426
          Contract Date : February 28, 2002
 01005   9.81 %  2013               5.00          117.77           7.4476
 01005   9.81 %  2013               5.00          116.83           7.5599
 01011   9.85 %  2015               0.50          117.25           7.7735
 01011   9.85 %  2015               5.00          118.10           7.6825
 01011   9.85 %  2015               5.00          116.50           7.8545
 01011   9.85 %  2015               5.00          117.45           7.7520
 01011   9.85 %  2015               5.00          121.10           7.3687
 01011   9.85 %  2015               5.00          117.65           7.7306
 01011   9.85 %  2015               5.00          120.20           7.4617
 01011   9.85 %  2015               5.00          121.10           7.3687
 01006  10.25 %  2021               5.00          121.00           8.0789
          Contract Date : March 01, 2002
 00017  11.50 %  2011               5.00          126.30           7.6196
 00017  11.50 %  2011               5.00          126.30           7.6196
 00017  11.50 %  2011               5.00          126.30           7.6196
 00017  11.50 %  2011               5.00          125.30           7.7463
 00017  11.50 %  2011               5.00          125.00           7.7846
 01003  10.71 %  2016               5.00          124.00           7.8644
          Contract Date : March 02, 2002
 92005  12.75 %  2002               0.15          102.95           5.6021
 98022  11.98 %  2004               0.09          112.00           6.7166
 00007   9.90 %  2005               5.00          108.92           6.6961
 84002   9.50 %  2008               0.015         113.50           6.7156
 00016  11.40 %  2008               5.00          122.10           7.0954
 00016  11.40 %  2008               5.00          122.00           7.1126
 00016  11.40 %  2008              10.00          122.00           7.1126
 80003   7.50 %  2010               0.04          102.20           7.1382
 98015  12.25 %  2010               0.03          128.00           7.6415
 81005   8.00 %  2011               0.20          104.70           7.2851
 81005   8.00 %  2011               5.00          104.95           7.2484
 81005   8.00 %  2011               0.20          104.75           7.2778
 01007   9.39 %  2011               3.00          114.28           7.2547
 01007   9.39 %  2011               5.00          112.70           7.4729 01007   9.39 %  2011               5.00          113.25           7.3965
 00017  11.50 %  2011               5.00          127.64           7.4513
 00017  11.50 %  2011               5.00          127.30           7.4936
 00017  11.50 %  2011               5.00          127.20           7.5061
 00017  11.50 %  2011               5.00          127.65           7.4501
 00017  11.50 %  2011               5.00          127.65           7.4501
 00012  11.03 %  2012               2.00          125.55           7.4490
 00012  11.03 %  2012               5.00          125.25           7.4851
 00012  11.03 %  2012               5.00          125.35           7.4730
 00012  11.03 %  2012               5.00          125.70           7.4310
 00012  11.03 %  2012              10.00          125.45           7.4610
 00012  11.03 %  2012               5.00          125.55           7.4490
 00012  11.03 %  2012               5.00          125.50           7.4550
 00012  11.03 %  2012               5.00          125.35           7.4730
 00012  11.03 %  2012               5.00          125.45           7.4610
 01009   9.40 %  2012               5.00          114.05           7.4499
 01009   9.40 %  2012               5.00          114.25           7.4245
 01009   9.40 %  2012               5.00          114.20           7.4309
 01009   9.40 %  2012               5.00          114.25           7.4245
 01009   9.40 %  2012               5.00          114.25           7.4245
 01009   9.40 %  2012               5.00          114.25           7.4245
 01005   9.81 %  2013               5.00          119.00           7.3009
 01005   9.81 %  2013               5.00          117.50           7.4784
 01005   9.81 %  2013               1.00          119.30           7.2658
 01005   9.81 %  2013               5.00          117.18           7.5166
 01005   9.81 %  2013               5.00          117.00           7.5382
 01005   9.81 %  2013               1.00          118.80           7.3244
 99020  11.83 %  2014              10.00          131.25           7.8860
 01001  10.47 %  2015              10.00          122.50           7.6931
 01001  10.47 %  2015               5.00          122.40           7.7039
 01001  10.47 %  2015               5.00          122.40           7.7039
 01001  10.47 %  2015              10.00          122.40           7.7039
 01001  10.47 %  2015               5.00          122.40           7.7039
 01001  10.47 %  2015               5.00          122.50           7.6931
 01001  10.47 %  2015               5.00          122.50           7.6931
 00015  11.43 %  2015               5.00          129.700          7.8174
 00015  11.43 %  2015               5.00          129.700          7.8174
 00015  11.43 %  2015               5.00          129.700          7.8174
 01011   9.85 %  2015               5.00          118.25           7.6658
 01011   9.85 %  2015               5.00          119.00           7.5864
 01011   9.85 %  2015               5.00          119.00           7.5864
 01011   9.85 %  2015              10.00          118.15           7.6764
 01011   9.85 %  2015               4.50          118.65           7.6234
 01011   9.85 %  2015               5.00          118.90           7.5969
 01011   9.85 %  2015               5.00          119.05           7.5811
 01011   9.85 %  2015               5.00          119.00           7.5864
 01011   9.85 %  2015               5.00          118.955          7.5911
 01003  10.71 %  2016               5.00          125.57           7.7061
 01003  10.71 %  2016               5.00          125.60           7.7031
 01003  10.71 %  2016               5.00          125.50           7.7131
 01003  10.71 %  2016               5.00          125.00           7.7632
 01003  10.71 %  2016               5.00          125.60           7.7031
 01003  10.71 %  2016               5.00          125.60           7.7031
 01003  10.71 %  2016               5.00          125.60           7.7031
 02001   8.07 %  2017               5.00          105.90           7.4072
 02001   8.07 %  2017               5.00          105.90           7.4072
 02001   8.07 %  2017               4.00          105.05           7.4992 02001   8.07 %  2017               5.00          107.05           7.2843
 02001   8.07 %  2017               1.00          107.20           7.2684
 02001   8.07 %  2017               1.00          106.00           7.3964
 02001   8.07 %  2017               5.00          105.50           7.4504
 02001   8.07 %  2017               5.00          105.20           7.4829
 01006  10.25 %  2021               5.00          122.00           7.9898
 01006  10.25 %  2021               0.25          120.00           8.1683
 01006  10.25 %  2021               1.50          120.00           8.1683
 01006  10.25 %  2021               0.50          125.15           7.7174
 01006  10.25 %  2021               5.00          121.75           8.0118
 01006  10.25 %  2021               5.00          121.75           8.0118
 01006  10.25 %  2021               5.00          122.25           7.9678
 01010  10.18 %  2026               5.00          122.35           8.0728
          Contract Date : March 04, 2002
 87006  11.00 %  2002               0.10          101.07           5.0633
 97011  11.15 %  2002              25.00          102.30           6.3224
 97011  11.15 %  2002               0.40          102.00           6.9390
 98004  11.10 %  2003               0.02          105.30           6.0000
 94003  12.50 %  2004               5.00          111.26           6.5439
 94003  12.50 %  2004               5.00          111.29           6.5291
 94003  12.50 %  2004               5.00          111.31           6.5193
 94003  12.50 %  2004               5.00          111.38           6.4849
 94003  12.50 %  2004               5.00          111.27           6.5390
 94003  12.50 %  2004               5.00          111.32           6.5144
 94003  12.50 %  2004               5.00          111.31           6.5193
 94003  12.50 %  2004               5.00          111.31           6.5193
 94003  12.50 %  2004               5.00          111.31           6.5193
 97010  11.19 %  2005               5.00          113.90           6.6025
 99008  11.68 %  2006               5.00          117.85           6.6320
 99008  11.68 %  2006               5.00          117.75           6.6575
 00013  11.00 %  2006               5.00          115.10           6.9536
 00013  11.00 %  2006               5.00          116.25           6.6734
 00013  11.00 %  2006              10.00          116.25           6.6734
 00013  11.00 %  2006               5.00          116.25           6.6734
 00013  11.00 %  2006               5.00          116.20           6.6855
 00013  11.00 %  2006               5.00          116.20           6.6855
 98009  11.90 %  2007               5.00          122.00           6.8246
 98002  12.15 %  2008               0.20          123.70           7.2452
 98007  12.00 %  2008              10.00          123.00           7.2941
 98007  12.00 %  2008               0.10          125.15           6.9134
 00016  11.40 %  2008               5.00          122.20           7.0755
 00016  11.40 %  2008               5.00          122.15           7.0841
 00016  11.40 %  2008               5.00          122.15           7.0841
 00016  11.40 %  2008               5.00          122.15           7.0841
 00016  11.40 %  2008               5.00          122.15           7.0841
 00016  11.40 %  2008               5.00          122.15           7.0841
 00016  11.40 %  2008               5.00          122.15           7.0841
 00016  11.40 %  2008               5.00          122.18           7.0789
 00016  11.40 %  2008               5.00          122.18           7.0789
 00016  11.40 %  2008               5.00          122.20           7.0755
 00016  11.40 %  2008               5.00          122.18           7.0789
 00016  11.40 %  2008               5.00          122.20           7.0755
 00016  11.40 %  2008               5.00          122.28           7.0618
 00016  11.40 %  2008               5.00          122.33           7.0532
 00016  11.40 %  2008               5.00          122.25           7.0669
 00016  11.40 %  2008               5.00          122.60           7.0071
 00016  11.40 %  2008               5.00          122.45           7.0327 00016  11.40 %  2008               5.00          122.28           7.0618
 00016  11.40 %  2008               5.00          123.27           6.8931
 00016  11.40 %  2008               5.00          122.60           7.0071
 00016  11.40 %  2008               5.00          122.28           7.0618
 00016  11.40 %  2008               5.00          122.29           7.0601
 00016  11.40 %  2008               5.00          122.29           7.0601
 00016  11.40 %  2008               5.00          122.15           7.0841
 00016  11.40 %  2008              25.00          122.20           7.0755
 00016  11.40 %  2008              10.00          122.20           7.0755
 00016  11.40 %  2008              10.00          122.20           7.0755
 00016  11.40 %  2008               5.00          122.20           7.0755
 00016  11.40 %  2008               5.00          122.20           7.0755
 00016  11.40 %  2008               5.00          122.15           7.0841
 00016  11.40 %  2008               5.00          122.15           7.0841
 00016  11.40 %  2008               5.00          122.00           7.1098
 00016  11.40 %  2008              10.00          122.20           7.0755
 00016  11.40 %  2008               5.00          122.20           7.0755
 00016  11.40 %  2008               5.00          122.16           7.0824
 99006  11.99 %  2009              10.00          125.20           7.3620
 99006  11.99 %  2009              10.00          125.21           7.3604
 99004  12.29 %  2010               0.08          127.65           7.5734
 80003   7.50 %  2010               0.25          102.70           7.0578
 80003   7.50 %  2010               2.00          102.05           7.1622
 80003   7.50 %  2010               0.50          103.50           6.9303
 98015  12.25 %  2010               2.00          130.82           7.2512
 98015  12.25 %  2010               5.00          128.40           7.5838
 00014  11.30 %  2010              10.00          123.65           7.4579
 00014  11.30 %  2010              10.00          123.66           7.4565
 00014  11.30 %  2010               5.00          124.45           7.3454
 00014  11.30 %  2010              25.00          124.40           7.3524
 00014  11.30 %  2010              10.00          124.50           7.3384
 00014  11.30 %  2010              10.00          124.45           7.3454
 00014  11.30 %  2010              10.00          124.50           7.3384
 00014  11.30 %  2010               0.175         125.10           7.2547
 00014  11.30 %  2010               5.00          124.78           7.2993
 00014  11.30 %  2010               5.00          124.70           7.3104
 00014  11.30 %  2010               5.00          125.10           7.2547
 00014  11.30 %  2010               5.00          124.50           7.3384
 00010  10.95 %  2011              30.00          123.70           7.3649
 00010  10.95 %  2011              15.00          123.80           7.3517
 00010  10.95 %  2011               5.00          123.70           7.3649
 01007   9.39 %  2011               5.00          113.33           7.3846
 01007   9.39 %  2011               5.00          113.65           7.3404
 01007   9.39 %  2011               5.00          113.30           7.3887
 01007   9.39 %  2011               1.00          114.38           7.2401
 01007   9.39 %  2011               5.00          113.35           7.3818
 01007   9.39 %  2011               5.00          113.33           7.3846
 01007   9.39 %  2011               5.00          113.35           7.3818
 01007   9.39 %  2011               5.00          113.10           7.4165
 01007   9.39 %  2011               5.00          113.10           7.4165
 01007   9.39 %  2011               5.00          113.60           7.3473
 01007   9.39 %  2011               5.00          113.40           7.3749
 01007   9.39 %  2011               5.00          113.31           7.3873
 01007   9.39 %  2011               5.00          113.20           7.4026
 01007   9.39 %  2011               5.00          113.34           7.3832
 01007   9.39 %  2011               5.00          113.15           7.4095
 00017  11.50 %  2011               5.00          125.60           7.7063 00017  11.50 %  2011               5.00          126.50           7.5925
 00017  11.50 %  2011              25.00          127.10           7.5173
 00017  11.50 %  2011               5.00          127.50           7.4674
 00017  11.50 %  2011               5.00          127.80           7.4301
 00017  11.50 %  2011               5.00          127.50           7.4674
 00017  11.50 %  2011               5.00          127.75           7.4363
 00017  11.50 %  2011               5.00          127.65           7.4488
 00017  11.50 %  2011               5.00          127.60           7.4550
 00017  11.50 %  2011               5.00          127.10           7.5173
 00017  11.50 %  2011              10.00          127.65           7.4488
 00017  11.50 %  2011               5.00          127.80           7.4301
 00017  11.50 %  2011              10.00          127.65           7.4488
 00017  11.50 %  2011               5.00          127.60           7.4550
 00017  11.50 %  2011               5.00          127.55           7.4612
 00017  11.50 %  2011               5.00          127.75           7.4363
 00017  11.50 %  2011               5.00          126.15           7.6366
 00017  11.50 %  2011               5.00          126.35           7.6114
 00017  11.50 %  2011               5.00          127.60           7.4550
 00017  11.50 %  2011               5.00          127.70           7.4425
 00017  11.50 %  2011               5.00          127.65           7.4488
 00017  11.50 %  2011               5.00          127.65           7.4488
 00017  11.50 %  2011               5.00          127.69           7.4438
 00017  11.50 %  2011               5.00          127.72           7.4401
 00017  11.50 %  2011               5.00          127.75           7.4363
 00017  11.50 %  2011               5.00          127.70           7.4425
 00017  11.50 %  2011               5.00          127.74           7.4376
 00017  11.50 %  2011               5.00          127.70           7.4425
 00017  11.50 %  2011               5.00          127.70           7.4425
 00017  11.50 %  2011               5.00          127.89           7.4190
 00017  11.50 %  2011              10.00          127.72           7.4401
 00017  11.50 %  2011               5.00          127.77           7.4338
 00017  11.50 %  2011               5.00          127.70           7.4425
 00017  11.50 %  2011               5.00          127.85           7.4239
 00017  11.50 %  2011               5.00          127.75           7.4363
 00017  11.50 %  2011              10.00          127.70           7.4425
 00017  11.50 %  2011               5.00          127.70           7.4425
 00017  11.50 %  2011               5.00          127.65           7.4488
 00017  11.50 %  2011               5.00          127.91           7.4165
 00017  11.50 %  2011               5.00          127.90           7.4177
 00017  11.50 %  2011               5.00          127.55           7.4612
 00017  11.50 %  2011               5.00          127.90           7.4177
 00017  11.50 %  2011               5.00          127.86           7.4227
 00017  11.50 %  2011               5.00          127.85           7.4239
 00017  11.50 %  2011               5.00          127.75           7.4363
 00017  11.50 %  2011               5.00          127.81           7.4289
 00017  11.50 %  2011               5.00          127.82           7.4276
 00017  11.50 %  2011               5.00          127.84           7.4252
 00017  11.50 %  2011               5.00          127.87           7.4214
 00017  11.50 %  2011               5.00          127.90           7.4177
 00017  11.50 %  2011               5.00          127.85           7.4239
 00017  11.50 %  2011               5.00          127.90           7.4177
 00017  11.50 %  2011               5.00          127.85           7.4239
 00017  11.50 %  2011              10.00          127.78           7.4326
 00017  11.50 %  2011               5.00          127.90           7.4177
 00017  11.50 %  2011               5.00          127.92           7.4152
 00017  11.50 %  2011               5.00          127.90           7.4177
 00017  11.50 %  2011               5.00          127.92           7.4152 00017  11.50 %  2011               5.00          127.87           7.4214
 00017  11.50 %  2011               5.00          127.91           7.4165
 00017  11.50 %  2011              10.00          127.90           7.4177
 00017  11.50 %  2011               5.00          127.88           7.4202
 00017  11.50 %  2011               5.00          127.92           7.4152
 00017  11.50 %  2011               5.00          127.90           7.4177
 00017  11.50 %  2011               5.00          127.91           7.4165
 00017  11.50 %  2011               5.00          127.84           7.4252
 00017  11.50 %  2011               5.00          127.70           7.4425
 00017  11.50 %  2011               5.00          127.80           7.4301
 00017  11.50 %  2011               5.00          128.10           7.3930
 00017  11.50 %  2011               5.00          128.080          7.3954
 00017  11.50 %  2011               5.714         128.18           7.3831
 00017  11.50 %  2011               5.00          128.22           7.3781
 00017  11.50 %  2011              10.00          127.91           7.4165
 00017  11.50 %  2011               5.00          128.50           7.3436
 00017  11.50 %  2011               5.00          128.200          7.3806
 00017  11.50 %  2011               5.00          128.12           7.3905
 00017  11.50 %  2011               5.00          128.13           7.3892
 00017  11.50 %  2011               5.00          128.60           7.3313
 00017  11.50 %  2011               5.00          128.10           7.3930
 00017  11.50 %  2011               5.00          128.00           7.4053
 00017  11.50 %  2011               5.00          128.050          7.3991
 00017  11.50 %  2011               5.00          128.25           7.3744
 00017  11.50 %  2011               5.00          128.25           7.3744
 00017  11.50 %  2011               5.00          128.18           7.3831
 00017  11.50 %  2011               5.00          128.140          7.3880
 00017  11.50 %  2011               5.00          128.200          7.3806
 00017  11.50 %  2011              10.00          128.25           7.3744
 00017  11.50 %  2011               5.00          128.00           7.4053
 00017  11.50 %  2011               5.00          128.90           7.2944
 00017  11.50 %  2011               5.00          128.270          7.3720
 00017  11.50 %  2011               5.00          128.140          7.3880
 00017  11.50 %  2011               5.00          124.80           7.8083
 00017  11.50 %  2011               5.00          127.70           7.4425
 00017  11.50 %  2011               5.00          127.65           7.4488
 00017  11.50 %  2011               5.00          127.70           7.4425
 00017  11.50 %  2011               5.00          127.75           7.4363
 00017  11.50 %  2011              25.00          127.70           7.4425
 00017  11.50 %  2011               5.00          127.70           7.4425
 00017  11.50 %  2011               5.00          127.58           7.4575
 00017  11.50 %  2011               5.00          127.91           7.4165
 00017  11.50 %  2011               5.00          127.88           7.4202
 00017  11.50 %  2011               5.00          127.83           7.4264
 00017  11.50 %  2011               5.00          128.200          7.3806
 00017  11.50 %  2011              10.00          128.140          7.3880
 00017  11.50 %  2011               5.00          127.85           7.4239
 00017  11.50 %  2011               5.00          127.82           7.4276
 00017  11.50 %  2011               5.00          127.85           7.4239
 00017  11.50 %  2011               5.00          127.97           7.4091
 00017  11.50 %  2011               5.00          128.25           7.3744
 00017  11.50 %  2011               5.00          128.25           7.3744
 00017  11.50 %  2011               5.00          127.72           7.4401
 00017  11.50 %  2011               5.00          128.140          7.3880
 00017  11.50 %  2011               5.00          128.200          7.3806
 00017  11.50 %  2011               5.00          128.040          7.4004
 00017  11.50 %  2011               5.00          127.75           7.4363 00017  11.50 %  2011              10.00          125.00           7.7827
 00017  11.50 %  2011              10.00          127.895          7.4183
 00017  11.50 %  2011               5.00          127.85           7.4239
 00017  11.50 %  2011               5.00          127.80           7.4301
 00017  11.50 %  2011               5.00          127.79           7.4314
 00017  11.50 %  2011               5.00          127.90           7.4177
 00017  11.50 %  2011               5.00          127.82           7.4276
 00017  11.50 %  2011              10.00          127.75           7.4363
 00017  11.50 %  2011               5.00          128.10           7.3930
 00017  11.50 %  2011               5.00          127.82           7.4276
 00017  11.50 %  2011               5.00          127.80           7.4301
 00017  11.50 %  2011               5.00          127.70           7.4425
 00017  11.50 %  2011               5.00          127.82           7.4276
 00017  11.50 %  2011               5.00          128.050          7.3991
 00017  11.50 %  2011               5.00          128.50           7.3436
 00017  11.50 %  2011               5.00          127.72           7.4401
 00017  11.50 %  2011               5.00          128.050          7.3991
 00017  11.50 %  2011               5.00          127.85           7.4239
 00017  11.50 %  2011               5.00          128.25           7.3744
 00017  11.50 %  2011               5.00          128.300          7.3682
 00017  11.50 %  2011               5.00          128.40           7.3559
 00017  11.50 %  2011               5.00          127.62           7.4525
 00017  11.50 %  2011               5.00          127.70           7.4425
 00017  11.50 %  2011               5.00          127.70           7.4425
 00017  11.50 %  2011               5.00          127.97           7.4091
 00017  11.50 %  2011               5.00          128.550          7.3374
 00017  11.50 %  2011               5.00          127.99           7.4066
 00017  11.50 %  2011               5.00          128.15           7.3868
 00017  11.50 %  2011               5.00          127.65           7.4488
 00017  11.50 %  2011               5.00          127.65           7.4488
 00017  11.50 %  2011               5.00          127.70           7.4425
 00017  11.50 %  2011               5.00          128.550          7.3374
 00017  11.50 %  2011               5.00          127.70           7.4425
 00017  11.50 %  2011               5.00          127.70           7.4425
 00017  11.50 %  2011              10.00          127.60           7.4550
 00017  11.50 %  2011               5.00          128.90           7.2944
 00017  11.50 %  2011               5.00          127.78           7.4326
 00017  11.50 %  2011               5.00          128.50           7.3436
 00017  11.50 %  2011              10.00          127.905          7.4171
 00017  11.50 %  2011               5.00          127.65           7.4488
 00012  11.03 %  2012               5.00          125.25           7.4839
 00012  11.03 %  2012               5.00          125.40           7.4659
 00012  11.03 %  2012               5.00          125.40           7.4659
 00012  11.03 %  2012              10.00          125.48           7.4562
 00012  11.03 %  2012               5.00          125.45           7.4599
 00012  11.03 %  2012              10.00          125.40           7.4659
 00012  11.03 %  2012               5.00          125.54           7.4490
 00012  11.03 %  2012               5.00          125.70           7.4298
 00012  11.03 %  2012               5.00          125.60           7.4418
 00012  11.03 %  2012               5.00          125.60           7.4418
 00012  11.03 %  2012               5.00          125.90           7.4058
 00012  11.03 %  2012               5.00          125.35           7.4719
 00012  11.03 %  2012               5.00          126.05           7.3879
 00012  11.03 %  2012               5.00          126.20           7.3700
 00012  11.03 %  2012               5.00          126.30           7.3581
 00012  11.03 %  2012               5.00          126.03           7.3903
 00012  11.03 %  2012               5.00          125.63           7.4382 00012  11.03 %  2012               5.00          126.08           7.3843
 00012  11.03 %  2012               5.00          125.64           7.4370
 00012  11.03 %  2012               5.00          125.62           7.4394
 00012  11.03 %  2012               5.00          125.40           7.4659
 00012  11.03 %  2012               5.00          125.45           7.4599
 00012  11.03 %  2012               5.00          125.39           7.4671
 00012  11.03 %  2012              20.00          125.45           7.4599
 00012  11.03 %  2012               5.00          125.70           7.4298
 00012  11.03 %  2012               5.00          125.35           7.4719
 00012  11.03 %  2012               5.00          125.59           7.4430
 00012  11.03 %  2012               5.00          125.63           7.4382
 00012  11.03 %  2012               5.00          125.42           7.4635
 00012  11.03 %  2012              10.00          125.60           7.4418
 00012  11.03 %  2012               5.00          125.60           7.4418
 00012  11.03 %  2012               5.00          125.60           7.4418
 00012  11.03 %  2012               5.00          125.60           7.4418
 00012  11.03 %  2012               5.00          125.40           7.4659
 00012  11.03 %  2012               5.00          125.45           7.4599
 00012  11.03 %  2012               5.00          125.45           7.4599
 00012  11.03 %  2012               5.00          126.05           7.3879
 00012  11.03 %  2012               5.00          126.15           7.3759
 00012  11.03 %  2012               5.00          125.40           7.4659
 00012  11.03 %  2012               5.00          125.60           7.4418
 00012  11.03 %  2012               5.00          125.78           7.4202
 00012  11.03 %  2012               5.00          126.25           7.3640
 00012  11.03 %  2012               5.00          126.02           7.3915
 00012  11.03 %  2012              10.00          125.60           7.4418
 00012  11.03 %  2012               5.00          125.62           7.4394
 01009   9.40 %  2012               5.00          114.20           7.4304
 01009   9.40 %  2012               5.00          114.30           7.4177
 01009   9.40 %  2012               5.00          114.32           7.4151
 01009   9.40 %  2012               5.00          114.35           7.4113
 01009   9.40 %  2012               5.00          114.25           7.4240
 01009   9.40 %  2012               5.00          114.30           7.4177
 01009   9.40 %  2012               5.00          114.33           7.4139
 01009   9.40 %  2012               5.00          114.30           7.4177
 01009   9.40 %  2012               5.00          114.30           7.4177
 82005   9.00 %  2013               1.00          109.70           7.6912
 82005   9.00 %  2013               0.17          112.25           7.3736
 01005   9.81 %  2013              10.00          114.75           7.8112
 01005   9.81 %  2013               5.00          116.02           7.6559
 01005   9.81 %  2013               5.00          116.02           7.6559
 01005   9.81 %  2013               5.00          117.36           7.4944
 01005   9.81 %  2013              10.00          117.60           7.4658
 01005   9.81 %  2013               5.00          117.60           7.4658
 01005   9.81 %  2013               5.00          117.95           7.4241
 01005   9.81 %  2013               5.00          118.35           7.3768
 01005   9.81 %  2013              25.00          119.10           7.2885
 01005   9.81 %  2013               5.00          117.44           7.4849
 01005   9.81 %  2013              25.00          119.11           7.2873
 01005   9.81 %  2013               5.00          117.25           7.5076
 01005   9.81 %  2013               5.00          117.74           7.4491
 01005   9.81 %  2013               5.00          117.95           7.4241
 01005   9.81 %  2013               5.00          117.45           7.4837
 01005   9.81 %  2013               5.00          117.35           7.4956
 01005   9.81 %  2013               5.00          118.25           7.3886
 01005   9.81 %  2013               5.00          117.70           7.4539 01005   9.81 %  2013               5.00          117.36           7.4944
 01005   9.81 %  2013               5.00          117.70           7.4539
 01005   9.81 %  2013               5.00          117.90           7.4301
 01005   9.81 %  2013               5.00          117.40           7.4897
 01005   9.81 %  2013               5.00          117.65           7.4598
 01005   9.81 %  2013               5.00          117.80           7.4420
 99020  11.83 %  2014               0.22          133.15           7.6894
 01001  10.47 %  2015              10.00          122.55           7.6871
 01001  10.47 %  2015               5.00          123.05           7.6337
 01001  10.47 %  2015              10.00          122.55           7.6871
 01001  10.47 %  2015               5.00          122.62           7.6796
 01001  10.47 %  2015               5.00          122.62           7.6796
 01001  10.47 %  2015               5.00          122.62           7.6796
 01001  10.47 %  2015               5.00          122.62           7.6796
 01001  10.47 %  2015               5.00          122.50           7.6924
 01001  10.47 %  2015               5.00          122.50           7.6924
 01001  10.47 %  2015               5.00          122.60           7.6817
 01001  10.47 %  2015               5.00          123.10           7.6284
 01001  10.47 %  2015               5.00          122.90           7.6497
 00015  11.43 %  2015               5.00          129.950          7.7913
 00015  11.43 %  2015               5.00          130.00           7.7863
 00015  11.43 %  2015               5.00          130.450          7.7411
 00015  11.43 %  2015               5.00          130.10           7.7762
 01011   9.85 %  2015               5.00          117.75           7.7187
 01011   9.85 %  2015               5.00          116.25           7.8806
 01011   9.85 %  2015               5.00          118.05           7.6867
 01011   9.85 %  2015               5.00          119.05           7.5807
 01011   9.85 %  2015               5.00          119.00           7.5860
 01011   9.85 %  2015               5.00          119.06           7.5797
 01011   9.85 %  2015               5.00          119.05           7.5807
 01011   9.85 %  2015               5.00          119.05           7.5807
 01011   9.85 %  2015               5.00          118.15           7.6760
 01011   9.85 %  2015               5.00          118.80           7.6071
 01011   9.85 %  2015               5.00          118.85           7.6018
 01011   9.85 %  2015               5.00          118.93           7.5934
 01011   9.85 %  2015               1.00          119.15           7.5702
 01011   9.85 %  2015               5.00          118.90           7.5965
 01011   9.85 %  2015               5.00          118.90           7.5965
 01011   9.85 %  2015               5.00          118.90           7.5965
 01011   9.85 %  2015               5.00          118.90           7.5965
 01011   9.85 %  2015               5.00          118.90           7.5965
 01011   9.85 %  2015               5.00          118.90           7.5965
 01011   9.85 %  2015               5.00          118.90           7.5965
 01011   9.85 %  2015               5.00          119.00           7.5860
 01011   9.85 %  2015               5.00          118.90           7.5965
 01011   9.85 %  2015               5.00          119.15           7.5702
 01011   9.85 %  2015               5.00          119.16           7.5691
 01011   9.85 %  2015               5.00          119.15           7.5702
 01011   9.85 %  2015              10.00          119.15           7.5702
 01011   9.85 %  2015               5.00          119.10           7.5755
 01011   9.85 %  2015               5.00          119.15           7.5702
 01011   9.85 %  2015               5.00          119.00           7.5860
 01011   9.85 %  2015               5.00          118.90           7.5965
 01011   9.85 %  2015               5.00          119.25           7.5597
 01011   9.85 %  2015               5.00          119.23           7.5618
 01011   9.85 %  2015               5.00          119.15           7.5702
 01011   9.85 %  2015               5.00          119.30           7.5544 01011   9.85 %  2015               5.00          119.10           7.5755
 01011   9.85 %  2015               5.00          118.90           7.5965
 01011   9.85 %  2015               5.00          119.50           7.5334
 01011   9.85 %  2015               3.00          119.06           7.5797
 01011   9.85 %  2015               5.00          119.25           7.5597
 01011   9.85 %  2015               5.00          119.12           7.5733
 01011   9.85 %  2015               5.00          119.08           7.5776
 01011   9.85 %  2015               5.00          119.55           7.5282
 01011   9.85 %  2015               5.00          118.80           7.6071
 01011   9.85 %  2015               5.00          119.14           7.5712
 01011   9.85 %  2015               5.00          118.85           7.6018
 01011   9.85 %  2015               5.00          119.25           7.5597
 01011   9.85 %  2015               5.00          119.30           7.5544
 01011   9.85 %  2015               5.00          118.90           7.5965
 01011   9.85 %  2015               5.00          118.95           7.5913
 01011   9.85 %  2015               5.00          119.45           7.5387
 01011   9.85 %  2015               5.00          119.45           7.5387
 01011   9.85 %  2015               2.00          119.06           7.5797
 01011   9.85 %  2015               5.00          119.25           7.5597
 01011   9.85 %  2015               0.50          119.20           7.5649
 01011   9.85 %  2015               5.00          118.90           7.5965
 01011   9.85 %  2015               5.00          116.00           7.9079
 01011   9.85 %  2015               5.00          117.43           7.7530
 01011   9.85 %  2015               5.00          118.85           7.6018
 01011   9.85 %  2015               5.00          118.90           7.5965
 01011   9.85 %  2015               5.00          119.19           7.5660
 01011   9.85 %  2015               5.00          119.15           7.5702
 01011   9.85 %  2015               5.00          117.60           7.7348
 01011   9.85 %  2015               5.00          117.73           7.7208
 01011   9.85 %  2015               5.00          118.90           7.5965
 01011   9.85 %  2015               0.50          119.20           7.5649
 01011   9.85 %  2015               5.00          119.00           7.5860
 01011   9.85 %  2015              10.00          119.02           7.5839
 01011   9.85 %  2015               5.00          119.10           7.5755
 01011   9.85 %  2015               5.00          118.90           7.5965
 01011   9.85 %  2015               5.00          118.50           7.6388
 01011   9.85 %  2015               5.00          119.00           7.5860
 01011   9.85 %  2015               5.00          119.55           7.5282
 01011   9.85 %  2015               5.00          119.15           7.5702
 01011   9.85 %  2015               5.00          118.90           7.5965
 01011   9.85 %  2015               5.00          119.80           7.5021
 01011   9.85 %  2015               5.00          118.90           7.5965
 01011   9.85 %  2015               5.00          118.90           7.5965
 01011   9.85 %  2015               5.00          119.15           7.5702
 01011   9.85 %  2015               5.00          118.90           7.5965
 01011   9.85 %  2015               5.00          118.90           7.5965
 01011   9.85 %  2015               5.00          119.20           7.5649
 01011   9.85 %  2015               5.00          118.98           7.5881
 01011   9.85 %  2015               5.00          119.80           7.5021
 01011   9.85 %  2015               5.00          119.60           7.5230
 01011   9.85 %  2015              10.00          118.90           7.5965
 01011   9.85 %  2015               4.75          119.02           7.5839
 01011   9.85 %  2015               5.00          119.45           7.5387
 01011   9.85 %  2015               5.00          119.05           7.5807
 01003  10.71 %  2016               5.00          125.60           7.7026
 01003  10.71 %  2016               5.00          125.25           7.7376
 01003  10.71 %  2016               5.00          125.45           7.7176 01003  10.71 %  2016               5.00          125.62           7.7006
 01003  10.71 %  2016               5.00          125.45           7.7176
 01003  10.71 %  2016               5.00          125.74           7.6886
 01003  10.71 %  2016               5.00          125.55           7.7076
 01003  10.71 %  2016               5.00          125.73           7.6896
 01003  10.71 %  2016              10.00          125.60           7.7026
 01003  10.71 %  2016               5.00          125.72           7.6906
 01003  10.71 %  2016               5.00          126.22           7.6409
 01003  10.71 %  2016               5.00          126.20           7.6429
 01003  10.71 %  2016               5.00          125.60           7.7026
 01003  10.71 %  2016               5.00          125.70           7.6926
 01003  10.71 %  2016              10.00          125.60           7.7026
 01003  10.71 %  2016               5.00          125.40           7.7226
 01003  10.71 %  2016               5.00          125.75           7.6876
 01003  10.71 %  2016               5.00          125.77           7.6856
 01003  10.71 %  2016               5.00          125.70           7.6926
 01003  10.71 %  2016               5.00          125.60           7.7026
 01003  10.71 %  2016               5.00          126.20           7.6429
 01003  10.71 %  2016               5.00          125.76           7.6866
 01003  10.71 %  2016               5.00          126.20           7.6429
 01003  10.71 %  2016               5.00          125.59           7.7036
 02001   8.07 %  2017               5.00          105.75           7.4232
 02001   8.07 %  2017               2.703         105.25           7.4773
 02001   8.07 %  2017               0.50          106.90           7.3000
 02001   8.07 %  2017               0.75          106.70           7.3213
 02001   8.07 %  2017               2.00          105.40           7.4610
 02001   8.07 %  2017               1.00          104.70           7.5373
 02001   8.07 %  2017               0.30          107.65           7.2207
 02001   8.07 %  2017               0.49          107.73           7.2123
 02001   8.07 %  2017              10.00          106.10           7.3855
 02001   8.07 %  2017               1.00          105.65           7.4340
 02001   8.07 %  2017               5.00          105.15           7.4882
 02001   8.07 %  2017               2.00          106.12           7.3833
 02001   8.07 %  2017               1.00          106.17           7.3780
 02001   8.07 %  2017               5.00          106.10           7.3855
 02001   8.07 %  2017               5.00          106.05           7.3909
 02001   8.07 %  2017               1.00          106.20           7.3748
 02001   8.07 %  2017              10.00          106.05           7.3909
 01006  10.25 %  2021               5.00          122.00           7.9895
 01006  10.25 %  2021               5.00          122.00           7.9895
 01006  10.25 %  2021               5.00          122.45           7.9500
 01006  10.25 %  2021               5.00          122.70           7.9281
 01006  10.25 %  2021               5.00          122.90           7.9106
 01006  10.25 %  2021              10.00          123.00           7.9019
 01006  10.25 %  2021               1.00          121.95           7.9939
 01006  10.25 %  2021               0.37          122.50           7.9456
 01006  10.25 %  2021               5.00          122.80           7.9194
 01006  10.25 %  2021               5.00          122.50           7.9456
 01006  10.25 %  2021               0.59          122.50           7.9456
 01006  10.25 %  2021              10.00          121.75           8.0116
 01006  10.25 %  2021               5.00          121.75           8.0116
 01006  10.25 %  2021               1.00          124.40           7.7811
 01006  10.25 %  2021               5.00          122.45           7.9500
 01006  10.25 %  2021               5.00          123.50           7.8585
 01006  10.25 %  2021               5.00          122.35           7.9588
 01006  10.25 %  2021               5.00          123.15           7.8889
 01006  10.25 %  2021               5.00          121.90           7.9984 01006  10.25 %  2021               5.00          121.95           7.9939
 01006  10.25 %  2021              25.00          122.15           7.9763
 01006  10.25 %  2021               5.00          122.00           7.9895
 01006  10.25 %  2021              10.00          122.00           7.9895
 01006  10.25 %  2021               5.00          123.50           7.8585
 01006  10.25 %  2021               5.00          122.75           7.9237
 01006  10.25 %  2021               5.00          122.15           7.9763
 01006  10.25 %  2021               5.00          122.25           7.9675
     Total                       3337.357
B. State Government Securities
          Contract Date : March 02, 2002
 00234 10.52% TAMILNADU SDL 2010   10.00          116.00          7.8237
          Contract Date : March 04, 2002
 95224 14% UTTAR PRADESH S.D.L.
       2005                         0.05          117.05          7.8838
 95225 14% WEST BENGAL S.D.L.
       2005                         7.00          116.00          8.2254
 00225 10.52% MAHARASHTRA SDL
       2010                         0.03          117.35          7.6178
 00225 10.52% MAHARASHTRA SDL
       2010                         1.00          118.00          7.5203
 01222 10.50% TAMILNADU SDL 2011   10.00          116.40          7.9244
 02228 7.80% KARNATAKA S.D.L
       2012                         0.10          100.75          7.6906
     Total                         28.18
C. Treasury Bills
   (i) 14 Day Bills (Maturity-wise)
       (DD/MM/YYYY)
                                           NIL
   (ii) 91 Day Bills (Maturity-wise)
       (DD/MM/YYYY)
          Contract Date : March 04, 2002
        15/03/2002                  2.30           99.8270         5.7346
        29/03/2002                  2.00           99.6043         5.7843
        19/04/2002                  3.00           99.2247         6.1829
        31/05/2002                  6.32           98.5272         6.1831
     Total                         13.62
   (iii) 182 Day Bills (Maturity-wise)
       (DD/MM/YYYY)
                                           NIL
   (iv) 364 Day Bills (Maturity-wise)
       (DD/MM/YYYY)
          Contract Date : March 04, 2002
        07/03/2002                  2.00           99.9466         6.4827
        02/05/2002                  5.00           99.0078         6.1827
     Total                          7.00
II.  REPO Transactions *
    (Other than with RBI)
---------------------------------------------------------------------------
 Loan  Nomenclature                Amount      Price *   Repo Rate   Repo
 Code                            (Face Value) Per Rs.100   (%pa)    Period
                                 (in Rs.Crore) Nominal              (Days)
           (1)                      (2)          (3)        (4)      (5)---------------------------------------------------------------------------
A. Government of India Dated Securities
 97004  12.69 %  2002             200.00      101.10        6.55       0
 87006  11.00 %  2002              50.00      100.83        6.30       1
 98019  11.68 %  2002              45.00      102.35        6.30       1
 98019  11.68 %  2002              25.00      102.25        7.05      24
 97011  11.15 %  2002              25.00      102.30        6.50       1
 97011  11.15 %  2002              25.00      102.30        6.50       7
 97011  11.15 %  2002              25.00      102.30        6.50       7
 97011  11.15 %  2002              25.00      102.30        6.50       7
 97011  11.15 %  2002              25.00      102.30        6.50       1
 97011  11.15 %  2002              25.00      102.30        6.50       1
 97011  11.15 %  2002              25.00      102.30        6.00       1
 97011  11.15 %  2002              25.00      102.30        6.45       1
 97011  11.15 %  2002              25.00      102.30        6.45       1
 97011  11.15 %  2002              26.00      102.30        6.45       1
 97011  11.15 %  2002              26.00      102.30        6.45       1
 97011  11.15 %  2002              26.00      102.30        6.45       1
 97011  11.15 %  2002              15.00      102.27        6.50       2
 97011  11.15 %  2002              25.00      102.30        6.50       1
 97011  11.15 %  2002              25.00      102.30        6.50       1
 98020  11.78 %  2003               5.00      107.08        6.80       0
 98020  11.78 %  2003               5.00      107.08        6.80       0
 98020  11.78 %  2003               5.00      107.08        6.80       0
 98020  11.78 %  2003               5.00      107.08        6.80       0
 98020  11.78 %  2003               5.00      107.08        6.80       0
 94003  12.50 %  2004              25.00      111.45        7.85       1
 94003  12.50 %  2004              25.00      111.45        7.85       1
 94003  12.50 %  2004              25.00      111.45        7.85       1
 94003  12.50 %  2004              25.00      111.45        7.85       1
 94003  12.50 %  2004              25.00      111.45        7.85       1
 94003  12.50 %  2004              15.00      111.45        7.85       1
 97007  12.59 %  2004             200.00      112.51        6.50       1
 00011  10.20 %  2005              25.00      111.05        6.50       0
 00011  10.20 %  2005              10.00      111.06        6.50       0
 00011  10.20 %  2005              40.00      110.60        6.70       1
 00011  10.20 %  2005              90.00      110.60        6.70       1
 00011  10.20 %  2005               6.00      110.50        6.45       1
 00011  10.20 %  2005              10.00      110.50        6.45       1
 00011  10.20 %  2005              10.00      110.50        6.45       1
 98005  11.75 %  2006              22.00      117.64        6.70       0
 98005  11.75 %  2006              20.00      117.64        6.70       0
 98005  11.75 %  2006              50.00      117.90        6.75       1
 98005  11.75 %  2006              25.00      117.90        6.75       1
 98005  11.75 %  2006              25.00      117.90        6.60       1
 98005  11.75 %  2006              50.00      117.90        6.75       1
 97002  13.05 %  2007              25.00      126.50        6.50       7
 97002  13.05 %  2007              10.00      126.50        6.50       7
 98007  12.00 %  2008              25.00      123.00        6.50       7
 98012  12.10 %  2008              25.00      123.75        6.50       7
 01013   6.99 %  2009              30.00       99.95        6.75       0
 01013   6.99 %  2009              30.00       99.95        6.75       0
 01013   6.99 %  2009              40.00       99.95        6.65       0
 01013   6.99 %  2009             100.00       99.95        6.85       0
 01013   6.99 %  2009              30.00       99.95        6.75       0
 01013   6.99 %  2009              60.00      100.00        6.40       1
 01013   6.99 %  2009             140.00      100.00        6.30       1 99004  12.29 %  2010             100.00      125.84        6.30       0
 99005  12.32 %  2011              25.00      130.10        6.15       3
 00010  10.95 %  2011              39.10      121.47        6.50       0
 00010  10.95 %  2011              10.00      122.75        6.60       4
 00010  10.95 %  2011              10.00      122.75        6.60       4
 00010  10.95 %  2011              10.00      122.75        6.60       4
 00010  10.95 %  2011              10.00      122.75        6.60       4
 00010  10.95 %  2011              10.00      122.75        6.60       4
 00010  10.95 %  2011              10.00      122.00        6.75       2
 01007   9.39 %  2011               4.50      103.00        8.30       5
 00017  11.50 %  2011              25.00      127.80        7.85       1
 00017  11.50 %  2011              25.00      127.80        7.85       1
 00012  11.03 %  2012              25.00      125.49        8.40       0
 00012  11.03 %  2012              25.00      125.49        8.40       0
 00012  11.03 %  2012              25.00      125.49        8.40       0
 00012  11.03 %  2012              25.00      125.49        8.40       0
 00012  11.03 %  2012              25.00      125.49        8.40       0
 00012  11.03 %  2012              25.00      125.49        8.40       0
 00012  11.03 %  2012              50.00      127.50        6.40       1
 00012  11.03 %  2012              25.00      125.30        6.85       1
 00012  11.03 %  2012              25.00      125.30        6.85       1
 00012  11.03 %  2012              20.00      125.40        6.90       7
 00012  11.03 %  2012              31.00      127.50        6.40       2
 00012  11.03 %  2012              28.00      126.50        6.00       1
 01005   9.81 %  2013              25.00      117.40        8.40       0
 01005   9.81 %  2013              25.00      117.40        8.40       0
 01005   9.81 %  2013              20.00      117.40        8.40       0
 01005   9.81 %  2013               5.00      115.00        7.75       2
 98021  12.40 %  2013              18.00      136.00        6.84       1
 99020  11.83 %  2014             100.00      130.36        6.30       0
 01001  10.47 %  2015               5.00      122.00        7.00       1
 01001  10.47 %  2015              20.00      121.60        6.90       7
 01001  10.47 %  2015              15.00      113.00        8.50       5
 01001  10.47 %  2015              20.00      121.60        6.90       7
 01001  10.47 %  2015              20.00      121.60        6.90       7
 01001  10.47 %  2015              20.00      121.60        6.90       7
 00015  11.43 %  2015               5.00      126.00        7.75       2
 01011   9.85 %  2015               5.00      107.00        8.30       5
 01003  10.71 %  2016              20.00      125.25        6.25       3
 02001   8.07 %  2017              50.00      106.10        6.00       4
 02001   8.07 %  2017              50.00      106.10        6.00       4
 02001   8.07 %  2017              25.00      106.00        6.00       3
 02001   8.07 %  2017              25.00      106.00        6.00       3
 02001   8.07 %  2017              20.00      106.00        6.60       3
 01008  10.03 %  2019              10.00      120.50        6.60       4
 01008  10.03 %  2019              10.00      120.50        6.60       4
 01008  10.03 %  2019              10.00      120.50        6.60       4
 01008  10.03 %  2019              10.00      120.50        6.60       4
 01008  10.03 %  2019              10.00      120.50        6.60       4
 01006  10.25 %  2021               5.00      110.00        8.30       5
 01006  10.25 %  2021               5.00      122.35        6.50       1
 01006  10.25 %  2021               5.00      121.00        7.00       1
 01006  10.25 %  2021              10.00      122.35        6.50       1
 01006  10.25 %  2021              10.00      122.35        6.50       1
 01006  10.25 %  2021              10.00      122.35        6.50       1
     Total                       3146.60
B. State Government Securities                                           NIL
C. Treasury Bills
   (i) 14 Day Bills (Maturity-wise)
      (DD/MM/YYYY)
                                           NIL
   (ii) 91 Day Bills (Maturity-wise)
      (DD/MM/YYYY)
                                           NIL
   (iii) 182 Day Bills (Maturity-wise)
      (DD/MM/YYYY)
                                           NIL
   (iv) 364 Day Bills (Maturity-wise)
       (DD/MM/YYYY)
        31/05/2002                 25.00       98.4687      7.00       7
        10/01/2003                 40.00       94.7747      6.80       1
        10/01/2003                 30.00       94.8515      6.80       1
        10/01/2003                 40.00       94.8899      6.90       4
        24/01/2003                 40.00       94.5530      6.85       2
     Total                        175.00
-----------------------------------------------------------------------------
-------
  * Relate to the first leg of Repos
  # YTM(indicative) will depend upon assumed rate of inflation
Date :  05 March 2002