Subsidiary General Ledger Account Transactions
in Government Dated Securities and Treasury Bills
at RBI, Mumbai on 29 August 2002
---------------------------------------------------------------------------
 Loan  Nomenclature              Amount           Price *        YTM %
 Code                            (Face Value)     Per Rs.100   Indicative
                                 (in Rs.Crore)    nominal
---------------------------------------------------------------------------
I.  Outright Transactions
A.Government of India Dated Securities
          Contract Date : August 28, 2002
 99005  12.32 %  2011              25.00          131.43           7.2624
 02009   7.40 %  2012              10.00          101.57           7.1701
 02013   6.72 %  2012              25.00          100.78           6.6100
 02001   8.07 %  2017               0.45          105.27           7.4646
 02014   7.46 %  2017              10.00          100.09           7.4499
 02014   7.46 %  2017              25.00          100.15           7.4432
 02014   7.46 %  2017               1.00          100.18           7.4399
 02014   7.46 %  2017               5.00          100.27           7.4298
 02014   7.46 %  2017               3.567         100.00           7.4600
 02014   7.46 %  2017               1.00          100.30           7.4265
 01010  10.18 %  2026               0.031         124.70           7.8743
          Contract Date : August 29, 2002
 98004  11.10 %  2003               5.00          103.025          5.9180
 94003  12.50 %  2004               5.00          109.49           6.0524
 94003  12.50 %  2004               5.00          109.50           6.0460
 94003  12.50 %  2004               5.00          109.50           6.0460
 94003  12.50 %  2004               5.00          109.51           6.0396
 94003  12.50 %  2004               5.00          109.51           6.0396
 94003  12.50 %  2004              10.00          109.51           6.0396
 94003  12.50 %  2004               5.00          109.50           6.0460
 94003  12.50 %  2004              10.00          109.51           6.0396
 94003  12.50 %  2004               5.00          109.51           6.0396
 94003  12.50 %  2004               0.02          109.56           6.0078
 98011  11.75 %  2004              10.00          109.43           6.1402
 98011  11.75 %  2004              10.00          109.43           6.1402
 98011  11.75 %  2004              10.00          109.45           6.1290
 98022  11.98 %  2004               5.00          110.91           6.1643
 98022  11.98 %  2004              10.00          110.91           6.1643
 98022  11.98 %  2004              10.00          110.91           6.1643
 98022  11.98 %  2004              10.00          110.905          6.1668
 98022  11.98 %  2004              10.00          110.895          6.1717
 98022  11.98 %  2004              10.00          110.925          6.1568
 98022  11.98 %  2004              10.00          110.935          6.1518
 97010  11.19 %  2005               5.00          113.38           6.1620
 99008  11.68 %  2006              10.00          117.28           6.2583
 99008  11.68 %  2006               5.00          117.30           6.2526
 00013  11.00 %  2006               5.00          116.08           6.2969
 00013  11.00 %  2006              10.00          116.10           6.2916
 97002  13.05 %  2007               5.00          125.50           6.5857 97002  13.05 %  2007              15.00          125.55           6.5747
 98009  11.90 %  2007              10.00          121.91           6.4613
 98009  11.90 %  2007              10.00          121.99           6.4438
 98009  11.90 %  2007              10.00          122.01           6.4394
 98009  11.90 %  2007              10.00          121.95           6.4525
 98009  11.90 %  2007               5.00          121.99           6.4438
 98009  11.90 %  2007               5.00          122.00           6.4416
 98009  11.90 %  2007               5.00          122.01           6.4394
 98009  11.90 %  2007               5.00          122.04           6.4328
 98009  11.90 %  2007               5.00          122.05           6.4306
 98009  11.90 %  2007               5.00          122.04           6.4328
 98007  12.00 %  2008               5.00          124.21           6.7841
 98007  12.00 %  2008               5.00          124.25           6.7766
 02005   6.65 %  2009              10.00           99.05           6.8295
 02005   6.65 %  2009               5.00           99.05           6.8295
 02005   6.65 %  2009               5.00           99.07           6.8257
 02005   6.65 %  2009               5.00           99.075          6.8247
 02005   6.65 %  2009               5.00           99.05           6.8295
 02005   6.65 %  2009               5.00           99.15           6.8103
 02005   6.65 %  2009              10.00           99.24           6.7931
 02005   6.65 %  2009               5.00           99.25           6.7912
 02005   6.65 %  2009               5.00           99.30           6.7816
 02005   6.65 %  2009              10.00           99.18           6.8046
 02005   6.65 %  2009               5.00           99.15           6.8103
 02005   6.65 %  2009               5.00           99.25           6.7912
 02005   6.65 %  2009               5.00           99.35           6.7721
 02005   6.65 %  2009               5.00           99.20           6.8008
 02005   6.65 %  2009               5.00           99.37           6.7682
 02005   6.65 %  2009               5.00           99.15           6.8103
 02005   6.65 %  2009              25.00           99.25           6.7912
 02005   6.65 %  2009              25.00           99.25           6.7912
 99006  11.99 %  2009               5.00          126.67           6.8926
 99006  11.99 %  2009               5.00          126.75           6.8795
 99006  11.99 %  2009               5.00          126.79           6.8729
 99006  11.99 %  2009               5.00          126.78           6.8746
 99006  11.99 %  2009               5.00          126.79           6.8729
 99006  11.99 %  2009               5.00          126.80           6.8713
 99006  11.99 %  2009              10.00          126.79           6.8729
 99006  11.99 %  2009               5.00          126.79           6.8729
 99006  11.99 %  2009               5.00          126.80           6.8713
 99006  11.99 %  2009              15.00          126.80           6.8713
 99006  11.99 %  2009               5.00          126.795          6.8721
 99006  11.99 %  2009               5.00          126.79           6.8729
 99006  11.99 %  2009               5.00          126.83           6.8664
 99006  11.99 %  2009              10.00          126.92           6.8516
 99006  11.99 %  2009               5.00          126.84           6.8647
 99006  11.99 %  2009              10.00          126.90           6.8549
 99006  11.99 %  2009               5.00          126.84           6.8647
 99006  11.99 %  2009               5.00          126.90           6.8549
 99006  11.99 %  2009               5.00          127.02           6.8352
 02010   7.55 %  2010               5.00          103.565          6.9423
 02010   7.55 %  2010              10.00          103.55           6.9448
 02010   7.55 %  2010              25.00          103.63           6.9315
 02010   7.55 %  2010               5.00          103.60           6.9365
 02010   7.55 %  2010               5.00          103.64           6.9299
 02010   7.55 %  2010               5.00          103.60           6.9365
 02010   7.55 %  2010              20.00          103.60           6.9365 02010   7.55 %  2010               5.00          103.60           6.9365
 02010   7.55 %  2010               5.00          103.66           6.9266
 02010   7.55 %  2010               5.00          103.56           6.9432
 02010   7.55 %  2010               5.00          103.70           6.9199
 02010   7.55 %  2010               5.00          103.60           6.9365
 02010   7.55 %  2010               5.00          103.64           6.9299
 02010   7.55 %  2010               5.00          103.60           6.9365
 02010   7.55 %  2010               5.00          103.70           6.9199
 02010   7.55 %  2010               5.00          103.60           6.9365
 02010   7.55 %  2010               5.00          103.63           6.9315
 02010   7.55 %  2010               5.00          103.61           6.9349
 02010   7.55 %  2010               5.00          103.60           6.9365
 02010   7.55 %  2010               5.00          103.62           6.9332
 02010   7.55 %  2010               5.00          103.70           6.9199
 02010   7.55 %  2010               5.00          103.59           6.9382
 02010   7.55 %  2010               5.00          103.61           6.9349
 02010   7.55 %  2010               5.00          103.71           6.9183
 02010   7.55 %  2010               5.00          103.60           6.9365
 02010   7.55 %  2010               5.00          103.70           6.9199
 02010   7.55 %  2010               5.00          103.60           6.9365
 02010   7.55 %  2010              10.00          103.55           6.9448
 02010   7.55 %  2010               5.00          103.61           6.9349
 02010   7.55 %  2010               5.00          103.70           6.9199
 02010   7.55 %  2010               5.00          103.69           6.9216
 02010   7.55 %  2010               5.00          103.60           6.9365
 02010   7.55 %  2010               5.00          103.68           6.9233
 02010   7.55 %  2010               5.00          103.71           6.9183
 02010   7.55 %  2010               5.00          103.58           6.9398
 02010   7.55 %  2010               5.00          103.61           6.9349
 02010   7.55 %  2010               5.00          103.59           6.9382
 02010   7.55 %  2010               5.00          103.63           6.9315
 02010   7.55 %  2010               5.00          103.62           6.9332
 02010   7.55 %  2010               5.00          103.60           6.9365
 02010   7.55 %  2010               5.00          103.67           6.9249
 02010   7.55 %  2010               5.00          103.68           6.9233
 02010   7.55 %  2010              20.00          103.70           6.9199
 02010   7.55 %  2010               5.00          103.65           6.9282
 02010   7.55 %  2010               5.00          103.70           6.9199
 02010   7.55 %  2010               5.00          103.72           6.9166
 02010   7.55 %  2010               5.00          103.63           6.9315
 02010   7.55 %  2010               5.00          103.72           6.9166
 02010   7.55 %  2010               5.00          103.73           6.9150
 02010   7.55 %  2010               5.00          103.67           6.9249
 02010   7.55 %  2010               5.00          103.72           6.9166
 02010   7.55 %  2010               5.00          103.60           6.9365
 02010   7.55 %  2010              10.00          103.60           6.9365
 02010   7.55 %  2010               5.00          103.74           6.9133
 02010   7.55 %  2010              25.00          103.70           6.9199
 00014  11.30 %  2010              10.00          125.55           7.0328
 00014  11.30 %  2010               5.00          125.55           7.0328
 00014  11.30 %  2010               5.00          125.55           7.0328
 00014  11.30 %  2010               5.00          125.55           7.0328
 00014  11.30 %  2010              10.00          125.55           7.0328
 00014  11.30 %  2010               5.00          125.56           7.0314
 00014  11.30 %  2010               5.00          125.65           7.0184
 00014  11.30 %  2010              10.00          125.75           7.0040
 00014  11.30 %  2010               5.00          125.65           7.0184 00014  11.30 %  2010               5.00          125.72           7.0083
 00014  11.30 %  2010               5.00          125.72           7.0083
 00014  11.30 %  2010               5.00          125.70           7.0112
 00014  11.30 %  2010               5.00          125.72           7.0083
 00014  11.30 %  2010              10.00          125.71           7.0098
 00014  11.30 %  2010               5.00          125.70           7.0112
 00014  11.30 %  2010               5.00          125.72           7.0083
 00014  11.30 %  2010               5.00          125.78           6.9997
 99005  12.32 %  2011               5.00          131.42           7.2626
 99005  12.32 %  2011               5.00          131.44           7.2600
 99005  12.32 %  2011               5.00          131.44           7.2600
 99005  12.32 %  2011               5.00          131.43           7.2613
 99005  12.32 %  2011               5.00          131.55           7.2452
 99005  12.32 %  2011              10.00          131.55           7.2452
 99005  12.32 %  2011               5.00          131.50           7.2519
 99005  12.32 %  2011              10.00          131.60           7.2385
 99005  12.32 %  2011              10.00          131.60           7.2385
 99005  12.32 %  2011              10.00          131.50           7.2519
 00010  10.95 %  2011               5.00          123.56           7.2620
 00010  10.95 %  2011              10.00          123.60           7.2565
 00010  10.95 %  2011               5.00          123.60           7.2565
 00010  10.95 %  2011              10.00          123.75           7.2362
 00010  10.95 %  2011               5.00          123.67           7.2470
 00010  10.95 %  2011               5.00          123.68           7.2457
 00010  10.95 %  2011               5.00          123.65           7.2497
 00010  10.95 %  2011               5.00          123.64           7.2511
 00010  10.95 %  2011               5.00          123.75           7.2362
 00010  10.95 %  2011               5.00          123.64           7.2511
 00010  10.95 %  2011               5.00          123.76           7.2348
 00010  10.95 %  2011               5.00          123.68           7.2457
 00010  10.95 %  2011               5.00          123.70           7.2429
 00010  10.95 %  2011               5.00          123.77           7.2334
 00010  10.95 %  2011               5.00          123.70           7.2429
 00010  10.95 %  2011               5.00          123.77           7.2334
 00010  10.95 %  2011               5.00          123.68           7.2457
 00010  10.95 %  2011               5.00          123.65           7.2497
 00010  10.95 %  2011               5.00          123.76           7.2348
 00010  10.95 %  2011              10.00          123.80           7.2294
 00010  10.95 %  2011              10.00          123.77           7.2334
 00010  10.95 %  2011               5.00          123.78           7.2321
 00010  10.95 %  2011               5.00          123.78           7.2321
 00010  10.95 %  2011               1.00          123.40           7.2838
 01007   9.39 %  2011               5.00          114.39           7.1623
 01007   9.39 %  2011              10.00          114.39           7.1623
 01007   9.39 %  2011              10.00          114.39           7.1623
 01007   9.39 %  2011               5.00          114.39           7.1623
 01007   9.39 %  2011               5.00          114.39           7.1623
 01007   9.39 %  2011               5.00          114.39           7.1623
 01007   9.39 %  2011               5.00          114.39           7.1623
 01007   9.39 %  2011               5.00          114.38           7.1637
 01007   9.39 %  2011              10.00          114.385          7.1630
 01007   9.39 %  2011               5.00          114.39           7.1623
 01007   9.39 %  2011               5.00          114.41           7.1595
 01007   9.39 %  2011               5.00          114.41           7.1595
 01007   9.39 %  2011               5.00          114.43           7.1567
 01007   9.39 %  2011               5.00          114.46           7.1524
 01007   9.39 %  2011               5.00          114.50           7.1467 01007   9.39 %  2011               5.00          114.48           7.1496
 01007   9.39 %  2011               5.00          114.46           7.1524
 01007   9.39 %  2011              15.00          114.43           7.1567
 01007   9.39 %  2011               5.00          114.46           7.1524
 01007   9.39 %  2011               5.00          114.395          7.1616
 01007   9.39 %  2011               5.00          114.43           7.1567
 01007   9.39 %  2011               5.00          114.42           7.1581
 01007   9.39 %  2011               5.00          114.43           7.1567
 01007   9.39 %  2011               5.00          114.40           7.1609
 01007   9.39 %  2011               5.00          114.40           7.1609
 01007   9.39 %  2011               5.00          114.50           7.1467
 01007   9.39 %  2011               5.00          114.49           7.1482
 01007   9.39 %  2011               5.00          114.44           7.1552
 01007   9.39 %  2011               5.00          114.49           7.1482
 01007   9.39 %  2011               5.00          114.49           7.1482
 01007   9.39 %  2011               5.00          114.49           7.1482
 01007   9.39 %  2011              10.00          114.49           7.1482
 01007   9.39 %  2011               5.00          114.49           7.1482
 01007   9.39 %  2011               5.00          114.40           7.1609
 01007   9.39 %  2011               5.00          114.45           7.1538
 01007   9.39 %  2011               5.00          114.51           7.1453
 01007   9.39 %  2011               5.00          114.50           7.1467
 01007   9.39 %  2011               5.00          114.48           7.1496
 01007   9.39 %  2011               5.00          114.41           7.1595
 01007   9.39 %  2011               5.00          114.42           7.1581
 01007   9.39 %  2011              10.00          114.50           7.1467
 01007   9.39 %  2011               5.00          114.42           7.1581
 01007   9.39 %  2011               5.00          114.44           7.1552
 01007   9.39 %  2011               5.00          114.42           7.1581
 01007   9.39 %  2011              10.00          114.475          7.1503
 01007   9.39 %  2011               5.00          114.43           7.1567
 01007   9.39 %  2011               5.00          114.42           7.1581
 01007   9.39 %  2011               5.00          114.47           7.1510
 01007   9.39 %  2011               1.00          114.35           7.1680
 01007   9.39 %  2011               5.00          114.44           7.1552
 01007   9.39 %  2011               5.00          114.50           7.1467
 01007   9.39 %  2011               5.00          114.45           7.1538
 01007   9.39 %  2011               5.00          114.44           7.1552
 01007   9.39 %  2011               5.00          114.48           7.1496
 01007   9.39 %  2011               5.00          114.44           7.1552
 01007   9.39 %  2011               5.00          114.42           7.1581
 01007   9.39 %  2011               5.00          114.46           7.1524
 01007   9.39 %  2011               1.00          114.42           7.1581
 01007   9.39 %  2011               0.50          114.45           7.1538
 01007   9.39 %  2011               5.00          114.48           7.1496
 01007   9.39 %  2011               5.00          114.49           7.1482
 01007   9.39 %  2011              10.00          114.51           7.1453
 01007   9.39 %  2011               5.00          114.44           7.1552
 01007   9.39 %  2011               5.00          114.42           7.1581
 01007   9.39 %  2011               5.00          114.47           7.1510
 01007   9.39 %  2011              15.00          114.50           7.1467
 01007   9.39 %  2011               5.00          114.44           7.1552
 01007   9.39 %  2011               5.00          114.45           7.1538
 01007   9.39 %  2011               5.00          114.51           7.1453
 01007   9.39 %  2011               5.00          114.50           7.1467
 01007   9.39 %  2011               5.00          114.44           7.1552
 01007   9.39 %  2011               5.00          114.53           7.1425 01007   9.39 %  2011               5.00          114.54           7.1411
 01007   9.39 %  2011               5.00          114.55           7.1397
 01007   9.39 %  2011               5.00          114.53           7.1425
 01007   9.39 %  2011               5.00          114.56           7.1383
 01007   9.39 %  2011               5.00          114.52           7.1439
 01007   9.39 %  2011               5.00          114.50           7.1467
 01007   9.39 %  2011               5.00          114.50           7.1467
 01007   9.39 %  2011               5.00          114.55           7.1397
 01007   9.39 %  2011               5.00          114.49           7.1482
 01007   9.39 %  2011              10.00          114.55           7.1397
 01007   9.39 %  2011               5.00          114.55           7.1397
 01007   9.39 %  2011               5.00          114.55           7.1397
 01007   9.39 %  2011               5.00          114.58           7.1354
 01007   9.39 %  2011              10.00          114.54           7.1411
 01007   9.39 %  2011              10.00          114.56           7.1383
 01007   9.39 %  2011               5.00          114.55           7.1397
 01007   9.39 %  2011               5.00          114.41           7.1595
 01007   9.39 %  2011               5.00          114.50           7.1467
 01007   9.39 %  2011               5.00          114.565          7.1375
 01007   9.39 %  2011               5.00          114.55           7.1397
 01007   9.39 %  2011               1.00          114.33           7.1708
 01007   9.39 %  2011               5.00          114.47           7.1510
 01007   9.39 %  2011               5.00          114.54           7.1411
 01007   9.39 %  2011               5.00          114.41           7.1595
 01007   9.39 %  2011               5.00          114.50           7.1467
 01007   9.39 %  2011               5.00          114.50           7.1467
 01007   9.39 %  2011              25.00          114.43           7.1567
 01007   9.39 %  2011              25.00          114.50           7.1467
 01007   9.39 %  2011              25.00          114.45           7.1538
 01007   9.39 %  2011               5.00          114.43           7.1567
 00017  11.50 %  2011               5.00          100.00          11.4929
 00017  11.50 %  2011              10.00          128.65           7.1965
 00017  11.50 %  2011               5.00          128.65           7.1965
 00017  11.50 %  2011               5.00          128.65           7.1965
 00017  11.50 %  2011               5.00          128.65           7.1965
 00017  11.50 %  2011               5.00          128.68           7.1927
 00017  11.50 %  2011              10.00          128.68           7.1927
 00017  11.50 %  2011              10.00          128.69           7.1914
 00017  11.50 %  2011               5.00          128.69           7.1914
 00017  11.50 %  2011               5.00          128.68           7.1927
 00017  11.50 %  2011              10.00          128.740          7.1850
 00017  11.50 %  2011              10.00          128.69           7.1914
 00017  11.50 %  2011               5.00          128.710          7.1888
 00017  11.50 %  2011               5.00          128.69           7.1914
 00017  11.50 %  2011               5.00          128.66           7.1952
 00017  11.50 %  2011               5.00          128.69           7.1914
 00017  11.50 %  2011               5.00          128.69           7.1914
 00017  11.50 %  2011              10.00          128.760          7.1825
 00017  11.50 %  2011              10.00          128.75           7.1838
 00017  11.50 %  2011               5.00          128.770          7.1812
 00017  11.50 %  2011               5.00          128.72           7.1876
 00017  11.50 %  2011               5.00          128.68           7.1927
 00017  11.50 %  2011               5.00          128.770          7.1812
 00017  11.50 %  2011              10.00          128.755          7.1831
 00017  11.50 %  2011               5.00          128.75           7.1838
 00017  11.50 %  2011               5.00          128.730          7.1863
 00017  11.50 %  2011               5.00          128.740          7.1850 00017  11.50 %  2011               5.00          128.730          7.1863
 00017  11.50 %  2011               5.00          128.760          7.1825
 00017  11.50 %  2011               5.00          128.740          7.1850
 00017  11.50 %  2011               5.00          128.78           7.1800
 00017  11.50 %  2011               5.00          128.75           7.1838
 00017  11.50 %  2011               5.00          128.670          7.1939
 00017  11.50 %  2011               5.00          128.68           7.1927
 00017  11.50 %  2011               5.00          128.75           7.1838
 00017  11.50 %  2011               5.00          128.790          7.1787
 00017  11.50 %  2011               5.00          128.740          7.1850
 00017  11.50 %  2011               5.00          128.640          7.1977
 00017  11.50 %  2011               5.00          128.65           7.1965
 00017  11.50 %  2011               5.00          128.760          7.1825
 00017  11.50 %  2011               5.00          128.66           7.1952
 00017  11.50 %  2011              10.00          128.69           7.1914
 00017  11.50 %  2011               5.00          128.72           7.1876
 00017  11.50 %  2011               5.00          128.710          7.1888
 00017  11.50 %  2011               5.00          128.770          7.1812
 00017  11.50 %  2011               5.00          128.800          7.1774
 00017  11.50 %  2011               5.00          128.81           7.1762
 00017  11.50 %  2011              10.00          128.770          7.1812
 00017  11.50 %  2011              10.00          128.800          7.1774
 00017  11.50 %  2011               5.00          128.84           7.1724
 00017  11.50 %  2011               5.00          128.81           7.1762
 00017  11.50 %  2011               5.00          128.85           7.1711
 00017  11.50 %  2011              10.00          128.800          7.1774
 00017  11.50 %  2011               5.00          128.855          7.1705
 00017  11.50 %  2011               5.00          128.66           7.1952
 00017  11.50 %  2011               5.00          128.72           7.1876
 00017  11.50 %  2011               5.00          128.81           7.1762
 00017  11.50 %  2011               5.00          128.790          7.1787
 00017  11.50 %  2011               5.00          128.72           7.1876
 00017  11.50 %  2011               5.00          128.790          7.1787
 00017  11.50 %  2011               5.00          128.770          7.1812
 00017  11.50 %  2011               5.00          128.85           7.1711
 00017  11.50 %  2011               5.00          128.85           7.1711
 00017  11.50 %  2011               5.00          128.84           7.1724
 00017  11.50 %  2011               5.00          128.800          7.1774
 00017  11.50 %  2011               5.00          128.84           7.1724
 00017  11.50 %  2011              10.00          128.85           7.1711
 00017  11.50 %  2011               5.00          128.85           7.1711
 00017  11.50 %  2011               1.00          128.68           7.1927
 00017  11.50 %  2011              15.00          128.85           7.1711
 00017  11.50 %  2011               5.00          128.85           7.1711
 00017  11.50 %  2011              10.00          128.860          7.1698
 00017  11.50 %  2011               5.00          128.730          7.1863
 00017  11.50 %  2011               5.00          128.84           7.1724
 00017  11.50 %  2011               5.00          128.82           7.1749
 00017  11.50 %  2011               5.00          128.830          7.1736
 00017  11.50 %  2011              10.00          128.830          7.1736
 00017  11.50 %  2011              15.00          128.82           7.1749
 00017  11.50 %  2011               5.00          128.730          7.1863
 00017  11.50 %  2011               5.00          128.85           7.1711
 00017  11.50 %  2011              25.00          128.85           7.1711
 00017  11.50 %  2011              25.00          128.85           7.1711
 00017  11.50 %  2011              25.00          128.84           7.1724
 00017  11.50 %  2011              25.00          128.84           7.1724 02006   6.85 %  2012               5.00           98.25           7.1032
 02009   7.40 %  2012               5.00          100.00           7.3977
 02009   7.40 %  2012              10.00          101.57           7.1701
 02009   7.40 %  2012               5.00          101.575          7.1694
 02009   7.40 %  2012               5.00          101.57           7.1701
 02009   7.40 %  2012               5.00          101.57           7.1701
 02009   7.40 %  2012               5.00          101.57           7.1701
 02009   7.40 %  2012               5.00          101.57           7.1701
 02009   7.40 %  2012               5.00          101.57           7.1701
 02009   7.40 %  2012               5.00          101.57           7.1701
 02009   7.40 %  2012               5.00          101.57           7.1701
 02009   7.40 %  2012               5.00          101.58           7.1686
 02009   7.40 %  2012               5.00          101.58           7.1686
 02009   7.40 %  2012               5.00          101.56           7.1715
 02009   7.40 %  2012               5.00          101.58           7.1686
 02009   7.40 %  2012               5.00          101.58           7.1686
 02009   7.40 %  2012               5.00          101.61           7.1643
 02009   7.40 %  2012               5.00          101.62           7.1629
 02009   7.40 %  2012               5.00          101.65           7.1586
 02009   7.40 %  2012               5.00          101.625          7.1622
 02009   7.40 %  2012               5.00          101.64           7.1600
 02009   7.40 %  2012               5.00          101.64           7.1600
 02009   7.40 %  2012               5.00          101.65           7.1586
 02009   7.40 %  2012               5.00          101.60           7.1658
 02009   7.40 %  2012               5.00          101.62           7.1629
 02009   7.40 %  2012               5.00          101.61           7.1643
 02009   7.40 %  2012               5.00          101.67           7.1557
 02009   7.40 %  2012               5.00          101.62           7.1629
 02009   7.40 %  2012               5.00          101.65           7.1586
 02009   7.40 %  2012               5.00          101.64           7.1600
 02009   7.40 %  2012               5.00          101.67           7.1557
 02009   7.40 %  2012               5.00          101.61           7.1643
 02009   7.40 %  2012               5.00          101.62           7.1629
 02009   7.40 %  2012               5.00          101.67           7.1557
 02009   7.40 %  2012               5.00          101.62           7.1629
 02009   7.40 %  2012               5.00          101.63           7.1615
 02009   7.40 %  2012               5.00          101.68           7.1543
 02009   7.40 %  2012               5.00          101.62           7.1629
 02009   7.40 %  2012               5.00          101.64           7.1600
 02009   7.40 %  2012               5.00          101.61           7.1643
 02009   7.40 %  2012               5.00          101.69           7.1529
 02009   7.40 %  2012               5.00          101.61           7.1643
 02009   7.40 %  2012              10.00          101.60           7.1658
 02009   7.40 %  2012               5.00          101.64           7.1600
 02009   7.40 %  2012              10.00          101.62           7.1629
 02009   7.40 %  2012               5.00          101.60           7.1658
 02009   7.40 %  2012              10.00          101.68           7.1543
 02009   7.40 %  2012               5.00          101.63           7.1615
 02009   7.40 %  2012               5.00          101.67           7.1557
 02009   7.40 %  2012              10.00          101.68           7.1543
 02009   7.40 %  2012               5.00          101.69           7.1529
 02009   7.40 %  2012               5.00          101.68           7.1543
 02009   7.40 %  2012              20.00          101.68           7.1543
 02009   7.40 %  2012               5.00          101.615          7.1636
 02009   7.40 %  2012               5.00          101.67           7.1557
 02009   7.40 %  2012               5.00          101.62           7.1629
 02009   7.40 %  2012               5.00          101.65           7.1586 02009   7.40 %  2012               4.00          101.65           7.1586
 02009   7.40 %  2012               5.00          101.63           7.1615
 02009   7.40 %  2012               5.00          101.69           7.1529
 02009   7.40 %  2012               5.00          101.68           7.1543
 02009   7.40 %  2012              10.00          101.68           7.1543
 02009   7.40 %  2012               5.00          101.65           7.1586
 02009   7.40 %  2012               5.00          101.65           7.1586
 02009   7.40 %  2012               5.00          101.62           7.1629
 02009   7.40 %  2012               5.00          101.68           7.1543
 02009   7.40 %  2012               5.00          101.61           7.1643
 02009   7.40 %  2012              10.00          101.68           7.1543
 02009   7.40 %  2012              15.00          101.68           7.1543
 02009   7.40 %  2012               5.00          101.68           7.1543
 02009   7.40 %  2012               5.00          101.67           7.1557
 02009   7.40 %  2012               5.00          101.67           7.1557
 02009   7.40 %  2012               5.00          101.70           7.1514
 02009   7.40 %  2012               5.00          101.57           7.1701
 02009   7.40 %  2012               5.00          101.60           7.1658
 02009   7.40 %  2012               5.00          101.65           7.1586
 02009   7.40 %  2012               5.00          101.68           7.1543
 02009   7.40 %  2012               5.00          101.72           7.1486
 02009   7.40 %  2012               5.00          101.70           7.1514
 02009   7.40 %  2012               5.00          101.71           7.1500
 02009   7.40 %  2012               5.00          101.72           7.1486
 02009   7.40 %  2012               5.00          101.74           7.1457
 02009   7.40 %  2012               5.00          101.67           7.1557
 02009   7.40 %  2012               5.00          101.70           7.1514
 02009   7.40 %  2012               0.30          101.64           7.1600
 02009   7.40 %  2012               5.00          101.64           7.1600
 02009   7.40 %  2012               5.00          101.67           7.1557
 02009   7.40 %  2012               5.00          101.67           7.1557
 02009   7.40 %  2012               1.00          101.62           7.1629
 02009   7.40 %  2012              10.00          101.68           7.1543
 02009   7.40 %  2012               5.00          101.70           7.1514
 02009   7.40 %  2012               5.00          101.70           7.1514
 02009   7.40 %  2012               5.00          101.65           7.1586
 02009   7.40 %  2012               5.00          101.65           7.1586
 02009   7.40 %  2012               0.04          101.58           7.1686
 02009   7.40 %  2012              10.00          101.71           7.1500
 02009   7.40 %  2012               5.00          101.71           7.1500
 02009   7.40 %  2012               5.00          101.72           7.1486
 02009   7.40 %  2012               5.00          101.69           7.1529
 02009   7.40 %  2012               5.00          101.70           7.1514
 02009   7.40 %  2012               5.00          101.66           7.1572
 02009   7.40 %  2012              25.00          101.70           7.1514
 02009   7.40 %  2012               5.00          101.64           7.1600
 84005  10.25 %  2012               5.00          120.00           7.3398
 00012  11.03 %  2012               5.00          126.375          7.2450
 00012  11.03 %  2012               5.00          126.38           7.2444
 00012  11.03 %  2012               5.00          126.38           7.2444
 00012  11.03 %  2012              10.00          126.38           7.2444
 00012  11.03 %  2012               5.00          126.38           7.2444
 00012  11.03 %  2012               5.00          126.38           7.2444
 00012  11.03 %  2012               5.00          126.38           7.2444
 00012  11.03 %  2012               5.00          126.39           7.2432
 00012  11.03 %  2012              10.00          126.375          7.2450
 02013   6.72 %  2012               5.00          100.78           6.6099 00012  11.03 %  2012               5.00          126.36           7.2469
 02013   6.72 %  2012               5.00          100.84           6.6016
 00012  11.03 %  2012               5.00          126.40           7.2420
 00012  11.03 %  2012               5.00          126.40           7.2420
 02013   6.72 %  2012               5.00          100.90           6.5933
 02013   6.72 %  2012               5.00          100.87           6.5975
 00012  11.03 %  2012               5.00          126.43           7.2383
 02013   6.72 %  2012               5.00          100.90           6.5933
 02013   6.72 %  2012               5.00          100.83           6.6030
 00012  11.03 %  2012               5.00          126.42           7.2395
 02013   6.72 %  2012               5.00          100.95           6.5864
 00012  11.03 %  2012               5.00          126.44           7.2371
 00012  11.03 %  2012               5.00          126.40           7.2420
 00012  11.03 %  2012               5.00          126.40           7.2420
 00012  11.03 %  2012               5.00          126.50           7.2297
 00012  11.03 %  2012               5.00          126.45           7.2359
 00012  11.03 %  2012               5.00          126.47           7.2334
 00012  11.03 %  2012               5.00          126.40           7.2420
 00012  11.03 %  2012              10.00          126.50           7.2297
 00012  11.03 %  2012               5.00          126.42           7.2395
 00012  11.03 %  2012               5.00          126.50           7.2297
 00012  11.03 %  2012               5.00          126.40           7.2420
 00012  11.03 %  2012               5.00          126.40           7.2420
 00012  11.03 %  2012               5.00          126.50           7.2297
 00012  11.03 %  2012               5.00          126.43           7.2383
 00012  11.03 %  2012               5.00          126.40           7.2420
 00012  11.03 %  2012               5.00          126.45           7.2359
 00012  11.03 %  2012               5.00          126.51           7.2285
 00012  11.03 %  2012               5.00          126.50           7.2297
 02013   6.72 %  2012               5.00          100.96           6.5850
 00012  11.03 %  2012               5.00          126.45           7.2359
 00012  11.03 %  2012               5.00          126.50           7.2297
 00012  11.03 %  2012               5.00          126.52           7.2273
 00012  11.03 %  2012              10.00          126.50           7.2297
 00012  11.03 %  2012               5.00          126.40           7.2420
 00012  11.03 %  2012               5.00          126.40           7.2420
 00012  11.03 %  2012               5.00          126.40           7.2420
 00012  11.03 %  2012               5.00          126.50           7.2297
 00012  11.03 %  2012               5.00          126.48           7.2322
 00012  11.03 %  2012               5.00          126.50           7.2297
 02013   6.72 %  2012               5.00          100.83           6.6030
 00012  11.03 %  2012               5.00          126.50           7.2297
 00012  11.03 %  2012               5.00          126.495          7.2303
 00012  11.03 %  2012               5.00          126.525          7.2267
 00012  11.03 %  2012               5.00          126.505          7.2291
 00012  11.03 %  2012               5.00          126.44           7.2371
 00012  11.03 %  2012               5.00          126.52           7.2273
 00012  11.03 %  2012               5.00          126.49           7.2309
 00012  11.03 %  2012               5.00          126.42           7.2395
 00012  11.03 %  2012              20.00          126.38           7.2444
 00012  11.03 %  2012               5.00          126.46           7.2346
 00012  11.03 %  2012               5.00          126.45           7.2359
 00012  11.03 %  2012               5.00          126.45           7.2359
 00012  11.03 %  2012               5.00          126.48           7.2322
 00012  11.03 %  2012               5.00          126.42           7.2395
 00012  11.03 %  2012              10.00          126.40           7.2420
 02013   6.72 %  2012               5.00          100.92           6.5906 02013   6.72 %  2012               5.00          100.92           6.5906
 00012  11.03 %  2012               5.00          126.51           7.2285
 00012  11.03 %  2012               5.00          126.42           7.2395
 00012  11.03 %  2012               5.00          126.50           7.2297
 00012  11.03 %  2012               5.00          126.43           7.2383
 00012  11.03 %  2012               5.00          126.40           7.2420
 00012  11.03 %  2012               5.00          126.48           7.2322
 00012  11.03 %  2012               5.00          126.52           7.2273
 02013   6.72 %  2012              10.00          100.95           6.5864
 00012  11.03 %  2012               5.00          126.47           7.2334
 00012  11.03 %  2012               5.00          126.50           7.2297
 00012  11.03 %  2012               5.00          126.48           7.2322
 00012  11.03 %  2012               5.00          126.53           7.2260
 00012  11.03 %  2012               5.00          126.52           7.2273
 00012  11.03 %  2012               5.00          126.50           7.2297
 00012  11.03 %  2012               5.00          126.53           7.2260
 00012  11.03 %  2012               5.00          126.54           7.2248
 00012  11.03 %  2012               5.00          126.53           7.2260
 00012  11.03 %  2012               5.00          126.40           7.2420
 00012  11.03 %  2012               5.00          126.53           7.2260
 00012  11.03 %  2012               2.00          126.44           7.2371
 00012  11.03 %  2012               5.00          126.50           7.2297
 00012  11.03 %  2012               5.00          126.56           7.2224
 00012  11.03 %  2012               5.00          126.46           7.2346
 00012  11.03 %  2012               0.50          126.45           7.2359
 00012  11.03 %  2012               5.00          126.55           7.2236
 02013   6.72 %  2012               5.00          100.95           6.5864
 00012  11.03 %  2012               5.00          126.55           7.2236
 00012  11.03 %  2012               5.00          126.48           7.2322
 00012  11.03 %  2012              10.00          126.55           7.2236
 00012  11.03 %  2012               5.00          126.50           7.2297
 00012  11.03 %  2012               5.00          126.55           7.2236
 00012  11.03 %  2012               5.00          126.45           7.2359
 01009   9.40 %  2012              10.00          115.30           7.2288
 01009   9.40 %  2012               5.00          115.29           7.2301
 01009   9.40 %  2012               5.00          115.29           7.2301
 01009   9.40 %  2012               5.00          115.30           7.2288
 01009   9.40 %  2012               5.00          115.295          7.2295
 01009   9.40 %  2012              10.00          115.29           7.2301
 01009   9.40 %  2012               5.00          115.35           7.2224
 01009   9.40 %  2012               5.00          115.35           7.2224
 01009   9.40 %  2012               5.00          115.35           7.2224
 01009   9.40 %  2012               5.00          115.39           7.2172
 01009   9.40 %  2012               5.00          115.40           7.2159
 01009   9.40 %  2012               5.00          115.43           7.2120
 01009   9.40 %  2012               5.00          115.38           7.2185
 01009   9.40 %  2012               5.00          115.38           7.2185
 01009   9.40 %  2012               5.00          115.36           7.2211
 01009   9.40 %  2012               5.00          115.43           7.2120
 01009   9.40 %  2012               5.00          115.38           7.2185
 01009   9.40 %  2012               5.00          115.43           7.2120
 01009   9.40 %  2012               5.00          115.48           7.2056
 01009   9.40 %  2012               5.00          115.48           7.2056
 01009   9.40 %  2012               5.00          115.49           7.2043
 01009   9.40 %  2012               5.00          115.49           7.2043
 01009   9.40 %  2012               5.00          115.48           7.2056
 01009   9.40 %  2012               5.00          115.485          7.2049 01009   9.40 %  2012               5.00          115.48           7.2056
 01009   9.40 %  2012               2.00          115.25           7.2353
 01005   9.81 %  2013              10.00          118.78           7.2609
 01005   9.81 %  2013               5.00          118.77           7.2621
 01005   9.81 %  2013               5.00          118.81           7.2573
 01005   9.81 %  2013               5.00          118.81           7.2573
 01005   9.81 %  2013               5.00          118.81           7.2573
 01005   9.81 %  2013               5.00          118.79           7.2597
 01005   9.81 %  2013               5.00          118.79           7.2597
 01005   9.81 %  2013               5.00          118.81           7.2573
 01005   9.81 %  2013               5.00          118.80           7.2585
 01005   9.81 %  2013               5.00          118.81           7.2573
 01005   9.81 %  2013               5.00          118.80           7.2585
 01005   9.81 %  2013               5.00          118.78           7.2609
 01005   9.81 %  2013               5.00          118.80           7.2585
 01005   9.81 %  2013               5.00          118.82           7.2561
 01005   9.81 %  2013               5.00          118.83           7.2549
 01005   9.81 %  2013               5.00          118.83           7.2549
 01005   9.81 %  2013               5.00          118.85           7.2524
 01005   9.81 %  2013               5.00          118.84           7.2536
 01005   9.81 %  2013               5.00          118.90           7.2464
 01005   9.81 %  2013               5.00          118.90           7.2464
 01005   9.81 %  2013               5.00          118.84           7.2536
 01005   9.81 %  2013               5.00          118.90           7.2464
 01005   9.81 %  2013               2.00          118.75           7.2645
 01005   9.81 %  2013               5.00          118.90           7.2464
 01005   9.81 %  2013               5.00          118.91           7.2452
 01005   9.81 %  2013               5.00          118.84           7.2536
 01005   9.81 %  2013               5.00          118.82           7.2561
 01005   9.81 %  2013               5.00          118.83           7.2549
 01005   9.81 %  2013              10.00          118.91           7.2452
 01005   9.81 %  2013               5.00          118.83           7.2549
 01005   9.81 %  2013               5.00          118.84           7.2536
 01005   9.81 %  2013               5.00          118.90           7.2464
 01005   9.81 %  2013               5.00          118.90           7.2464
 01005   9.81 %  2013               5.00          118.83           7.2549
 01005   9.81 %  2013               5.00          118.85           7.2524
 01005   9.81 %  2013               5.00          118.83           7.2549
 01005   9.81 %  2013               5.00          118.82           7.2561
 01005   9.81 %  2013              15.00          118.87           7.2500
 01005   9.81 %  2013               5.00          118.91           7.2452
 01005   9.81 %  2013               5.00          118.84           7.2536
 01005   9.81 %  2013               5.00          118.90           7.2464
 01005   9.81 %  2013               5.00          118.91           7.2452
 01005   9.81 %  2013               5.00          118.90           7.2464
 01005   9.81 %  2013               5.00          118.84           7.2536
 01005   9.81 %  2013               5.00          118.895          7.2470
 01005   9.81 %  2013               5.00          118.90           7.2464
 01005   9.81 %  2013               5.00          118.90           7.2464
 01005   9.81 %  2013               5.00          118.84           7.2536
 01005   9.81 %  2013               5.00          118.89           7.2476
 01005   9.81 %  2013               5.00          118.84           7.2536
 01005   9.81 %  2013              10.00          118.88           7.2488
 01005   9.81 %  2013               5.00          118.90           7.2464
 01005   9.81 %  2013               5.00          118.85           7.2524
 01005   9.81 %  2013              10.00          118.92           7.2440
 01005   9.81 %  2013               5.00          118.85           7.2524 01005   9.81 %  2013               5.00          118.84           7.2536
 01005   9.81 %  2013               5.00          118.85           7.2524
 01005   9.81 %  2013               5.00          118.84           7.2536
 01005   9.81 %  2013               5.00          118.88           7.2488
 01005   9.81 %  2013               5.00          118.92           7.2440
 01005   9.81 %  2013               5.00          118.92           7.2440
 01005   9.81 %  2013               5.00          118.865          7.2506
 01005   9.81 %  2013               5.00          118.92           7.2440
 01005   9.81 %  2013               5.00          118.90           7.2464
 01005   9.81 %  2013               5.00          118.90           7.2464
 01005   9.81 %  2013               5.00          118.83           7.2549
 01005   9.81 %  2013               5.00          118.92           7.2440
 01005   9.81 %  2013              10.00          118.95           7.2404
 01005   9.81 %  2013               5.00          118.95           7.2404
 01005   9.81 %  2013               5.00          118.92           7.2440
 01005   9.81 %  2013               5.00          118.94           7.2416
 01005   9.81 %  2013               5.00          118.90           7.2464
 01005   9.81 %  2013               5.00          118.95           7.2404
 01005   9.81 %  2013               5.00          118.84           7.2536
 01005   9.81 %  2013               5.00          118.94           7.2416
 01005   9.81 %  2013               5.00          118.91           7.2452
 01005   9.81 %  2013               5.00          118.92           7.2440
 01005   9.81 %  2013               5.00          118.95           7.2404
 01005   9.81 %  2013               5.00          118.95           7.2404
 01005   9.81 %  2013               5.00          118.95           7.2404
 01005   9.81 %  2013               5.00          118.95           7.2404
 01005   9.81 %  2013               5.00          118.90           7.2464
 01005   9.81 %  2013               5.00          118.94           7.2416
 01005   9.81 %  2013               5.00          118.94           7.2416
 01005   9.81 %  2013               5.00          118.93           7.2428
 01005   9.81 %  2013               5.00          118.92           7.2440
 01005   9.81 %  2013              25.00          118.92           7.2440
 98021  12.40 %  2013               0.03          136.80           7.4354
 98021  12.40 %  2013               0.0995        135.60           7.5667
 02008   7.37 %  2014               5.00          100.58           7.2935
 02008   7.37 %  2014              10.00          100.75           7.2717
 02008   7.37 %  2014              10.00          100.70           7.2781
 02008   7.37 %  2014              10.00          100.77           7.2691
 02008   7.37 %  2014               5.00          100.73           7.2743
 02008   7.37 %  2014               5.00          100.66           7.2833
 99020  11.83 %  2014               5.00          133.40           7.5826
 99020  11.83 %  2014               5.00          133.39           7.5836
 99020  11.83 %  2014               5.00          133.60           7.5618
 99020  11.83 %  2014               5.00          133.68           7.5536
 99020  11.83 %  2014               5.00          133.65           7.5567
 99020  11.83 %  2014               5.00          133.70           7.5515
 99020  11.83 %  2014               5.00          133.65           7.5567
 99020  11.83 %  2014              10.00          133.68           7.5536
 99020  11.83 %  2014               5.00          133.75           7.5463
 99020  11.83 %  2014              10.00          133.75           7.5463
 01001  10.47 %  2015               5.00          124.15           7.4581
 01001  10.47 %  2015               5.00          124.15           7.4581
 01001  10.47 %  2015               5.00          124.15           7.4581
 01001  10.47 %  2015               5.00          124.15           7.4581
 01001  10.47 %  2015               5.00          124.15           7.4581
 01001  10.47 %  2015               5.00          124.15           7.4581
 01001  10.47 %  2015               5.00          124.18           7.4549 01001  10.47 %  2015               5.00          124.26           7.4463
 01001  10.47 %  2015               5.00          124.26           7.4463
 01001  10.47 %  2015               5.00          124.23           7.4496
 01001  10.47 %  2015               5.00          124.26           7.4463
 85007  11.50 %  2015              15.00          131.90           7.5521
 85007  11.50 %  2015               5.00          131.90           7.5521
 85007  11.50 %  2015               5.00          131.90           7.5521
 85007  11.50 %  2015               5.00          132.05           7.5369
 00015  11.43 %  2015               5.00          131.75           7.5430
 00015  11.43 %  2015               5.00          131.75           7.5430
 00015  11.43 %  2015               5.00          131.75           7.5430
 00015  11.43 %  2015               5.00          132.05           7.5128
 00015  11.43 %  2015               5.00          131.95           7.5229
 00015  11.43 %  2015               5.00          132.08           7.5098
 00015  11.43 %  2015               5.00          131.80           7.5380
 00015  11.43 %  2015               5.00          131.85           7.5329
 00015  11.43 %  2015               5.00          131.85           7.5329
 00015  11.43 %  2015               5.00          131.89           7.5289
 00015  11.43 %  2015               5.00          132.00           7.5178
 00015  11.43 %  2015               5.00          132.13           7.5048
 00015  11.43 %  2015               5.00          132.15           7.5028
 00015  11.43 %  2015              10.00          132.15           7.5028
 00015  11.43 %  2015               5.00          132.15           7.5028
 00015  11.43 %  2015               5.00          131.90           7.5279
 01011   9.85 %  2015               5.00          100.00           9.8469
 01011   9.85 %  2015               5.00          120.40           7.3936
 01011   9.85 %  2015               1.00          120.32           7.4020
 01011   9.85 %  2015               5.00          120.40           7.3936
 01011   9.85 %  2015               5.00          120.40           7.3936
 01011   9.85 %  2015               5.00          120.37           7.3967
 01011   9.85 %  2015               5.00          120.40           7.3936
 01011   9.85 %  2015              10.00          120.40           7.3936
 01011   9.85 %  2015               5.00          120.39           7.3946
 01011   9.85 %  2015               5.00          120.39           7.3946
 01011   9.85 %  2015              10.00          120.37           7.3967
 01011   9.85 %  2015              10.00          120.37           7.3967
 01011   9.85 %  2015              10.00          120.39           7.3946
 01011   9.85 %  2015               5.00          120.43           7.3904
 01011   9.85 %  2015               5.00          120.42           7.3914
 01011   9.85 %  2015               5.00          120.45           7.3883
 01011   9.85 %  2015              10.00          120.48           7.3851
 01011   9.85 %  2015               5.00          120.46           7.3872
 01011   9.85 %  2015               5.00          120.45           7.3883
 01011   9.85 %  2015               5.00          120.41           7.3925
 01011   9.85 %  2015               5.00          120.45           7.3883
 01011   9.85 %  2015               5.00          120.50           7.3830
 01011   9.85 %  2015               5.00          120.40           7.3936
 01011   9.85 %  2015               5.00          120.45           7.3883
 01011   9.85 %  2015               5.00          120.44           7.3893
 01011   9.85 %  2015              10.00          120.44           7.3893
 01011   9.85 %  2015              10.00          120.45           7.3883
 01011   9.85 %  2015               5.00          120.50           7.3830
 01011   9.85 %  2015               5.00          120.41           7.3925
 01011   9.85 %  2015               5.00          120.42           7.3914
 01011   9.85 %  2015               5.00          120.50           7.3830
 01011   9.85 %  2015               5.00          120.43           7.3904
 01011   9.85 %  2015               5.00          120.43           7.3904 01011   9.85 %  2015               5.00          120.50           7.3830
 01011   9.85 %  2015               5.00          120.45           7.3883
 01011   9.85 %  2015               5.00          120.49           7.3840
 01011   9.85 %  2015               5.00          120.45           7.3883
 01011   9.85 %  2015               5.00          120.48           7.3851
 01011   9.85 %  2015               5.00          120.50           7.3830
 01011   9.85 %  2015               5.00          120.49           7.3840
 01011   9.85 %  2015               5.00          120.50           7.3830
 01011   9.85 %  2015              10.00          120.37           7.3967
 01011   9.85 %  2015               5.00          120.45           7.3883
 01011   9.85 %  2015               5.00          120.50           7.3830
 01011   9.85 %  2015               5.00          120.50           7.3830
 01011   9.85 %  2015               5.00          120.50           7.3830
 01011   9.85 %  2015               5.00          120.44           7.3893
 01011   9.85 %  2015               5.00          120.40           7.3936
 01011   9.85 %  2015               5.00          120.42           7.3914
 01011   9.85 %  2015               5.00          120.50           7.3830
 01011   9.85 %  2015               5.00          120.54           7.3788
 01011   9.85 %  2015               5.00          120.52           7.3809
 01011   9.85 %  2015               5.00          120.42           7.3914
 01011   9.85 %  2015               5.00          120.41           7.3925
 01011   9.85 %  2015               5.00          120.42           7.3914
 01011   9.85 %  2015               5.00          120.50           7.3830
 01011   9.85 %  2015               5.00          120.45           7.3883
 01011   9.85 %  2015              10.00          120.47           7.3862
 01011   9.85 %  2015               5.00          120.55           7.3777
 01011   9.85 %  2015               5.00          120.53           7.3798
 01011   9.85 %  2015               5.00          120.52           7.3809
 01011   9.85 %  2015               5.00          120.50           7.3830
 01011   9.85 %  2015               5.00          120.54           7.3788
 01011   9.85 %  2015               5.00          120.42           7.3914
 01011   9.85 %  2015               5.00          120.45           7.3883
 01011   9.85 %  2015               5.00          120.57           7.3756
 01011   9.85 %  2015               0.50          120.35           7.3989
 01011   9.85 %  2015               5.00          120.57           7.3756
 01011   9.85 %  2015               5.00          120.50           7.3830
 01011   9.85 %  2015               5.00          120.55           7.3777
 01011   9.85 %  2015               5.00          120.50           7.3830
 01011   9.85 %  2015               5.00          120.55           7.3777
 01011   9.85 %  2015               5.00          120.50           7.3830
 01011   9.85 %  2015               5.00          120.50           7.3830
 01011   9.85 %  2015               5.00          120.52           7.3809
 01011   9.85 %  2015               5.00          120.58           7.3745
 01011   9.85 %  2015               5.00          120.55           7.3777
 01011   9.85 %  2015               5.00          120.55           7.3777
 01011   9.85 %  2015               5.00          120.49           7.3840
 01011   9.85 %  2015               5.00          120.56           7.3767
 01011   9.85 %  2015               5.00          120.56           7.3767
 01011   9.85 %  2015               5.00          120.49           7.3840
 01011   9.85 %  2015               5.00          120.57           7.3756
 01011   9.85 %  2015               5.00          120.55           7.3777
 01011   9.85 %  2015               5.00          120.56           7.3767
 01011   9.85 %  2015               5.00          120.53           7.3798
 01011   9.85 %  2015               5.00          120.495          7.3835
 01011   9.85 %  2015               5.00          120.46           7.3872
 01011   9.85 %  2015               5.00          120.44           7.3893
 01011   9.85 %  2015               5.00          120.42           7.3914 01011   9.85 %  2015              10.00          120.55           7.3777
 01011   9.85 %  2015               1.00          120.40           7.3936
 01003  10.71 %  2016               5.00          127.17           7.4931
 01003  10.71 %  2016               5.00          127.10           7.5001
 01003  10.71 %  2016               5.00          127.16           7.4941
 01003  10.71 %  2016               5.00          127.35           7.4751
 01003  10.71 %  2016               5.00          127.35           7.4751
 01003  10.71 %  2016               5.00          127.36           7.4742
 01003  10.71 %  2016               5.00          127.38           7.4722
 01003  10.71 %  2016              10.00          127.33           7.4771
 01003  10.71 %  2016               5.00          127.30           7.4801
 01003  10.71 %  2016              20.00          127.30           7.4801
 01003  10.71 %  2016               5.00          127.35           7.4751
 01003  10.71 %  2016               5.00          127.35           7.4751
 01003  10.71 %  2016               5.00          127.38           7.4722
 01003  10.71 %  2016               5.00          127.36           7.4742
 01003  10.71 %  2016               5.00          127.37           7.4732
 01003  10.71 %  2016              10.00          127.40           7.4702
 01003  10.71 %  2016              10.00          127.43           7.4672
 01003  10.71 %  2016               5.00          127.35           7.4751
 01003  10.71 %  2016               5.00          127.40           7.4702
 01003  10.71 %  2016              10.00          127.35           7.4751
 01003  10.71 %  2016              15.00          127.49           7.4612
 01003  10.71 %  2016               5.00          127.46           7.4642
 01003  10.71 %  2016               5.00          127.49           7.4612
 01003  10.71 %  2016               5.00          127.37           7.4732
 01003  10.71 %  2016              20.00          127.35           7.4751
 01003  10.71 %  2016               5.00          127.45           7.4652
 01003  10.71 %  2016               5.00          127.47           7.4632
 01003  10.71 %  2016               5.00          127.49           7.4612
 01003  10.71 %  2016               5.00          127.24           7.4861
 01003  10.71 %  2016               5.00          127.24           7.4861
 01003  10.71 %  2016               5.00          127.42           7.4682
 01003  10.71 %  2016               5.00          127.50           7.4602
 01003  10.71 %  2016               5.00          127.38           7.4722
 01003  10.71 %  2016               5.00          127.49           7.4612
 01003  10.71 %  2016               5.00          127.45           7.4652
 01003  10.71 %  2016               5.00          127.25           7.4851
 01003  10.71 %  2016              25.00          127.485          7.4617
 01003  10.71 %  2016               5.00          127.30           7.4801
 01003  10.71 %  2016              25.00          127.22           7.4881
 02001   8.07 %  2017               5.00          105.24           7.4678
 02001   8.07 %  2017               5.00          105.23           7.4689
 02001   8.07 %  2017              10.00          105.23           7.4689
 02001   8.07 %  2017               5.00          105.225          7.4695
 02001   8.07 %  2017              10.00          105.23           7.4689
 02001   8.07 %  2017               5.00          105.34           7.4568
 02001   8.07 %  2017               5.00          105.36           7.4546
 02001   8.07 %  2017              10.00          105.30           7.4612
 02001   8.07 %  2017               5.00          105.35           7.4557
 02001   8.07 %  2017               5.00          105.39           7.4512
 02001   8.07 %  2017               5.00          105.30           7.4612
 02001   8.07 %  2017               5.00          105.37           7.4534
 02001   8.07 %  2017              10.00          105.31           7.4601
 02001   8.07 %  2017               5.00          105.35           7.4557
 02001   8.07 %  2017               5.00          105.37           7.4534
 02001   8.07 %  2017               5.00          105.39           7.4512 02001   8.07 %  2017               5.00          105.38           7.4523
 02001   8.07 %  2017               5.00          105.28           7.4634
 02001   8.07 %  2017               5.00          105.38           7.4523
 02001   8.07 %  2017               5.00          105.35           7.4557
 02001   8.07 %  2017               5.00          105.30           7.4612
 02001   8.07 %  2017               5.00          105.29           7.4623
 02001   8.07 %  2017               5.00          105.25           7.4667
 02001   8.07 %  2017               5.00          105.35           7.4557
 02001   8.07 %  2017               5.00          105.37           7.4534
 02001   8.07 %  2017               5.00          105.35           7.4557
 02001   8.07 %  2017               5.00          105.37           7.4534
 02001   8.07 %  2017               5.00          105.35           7.4557
 02001   8.07 %  2017               5.00          105.36           7.4546
 02001   8.07 %  2017               1.50          105.30           7.4612
 02001   8.07 %  2017               5.50          105.35           7.4557
 02001   8.07 %  2017               5.00          105.28           7.4634
 02001   8.07 %  2017               5.00          105.38           7.4523
 02001   8.07 %  2017               5.00          105.28           7.4634
 02001   8.07 %  2017               5.00          105.39           7.4512
 02001   8.07 %  2017               5.00          105.34           7.4568
 02001   8.07 %  2017               5.00          105.27           7.4645
 02001   8.07 %  2017               5.00          105.32           7.4590
 02001   8.07 %  2017               5.00          105.30           7.4612
 02001   8.07 %  2017               5.00          105.385          7.4518
 02001   8.07 %  2017               5.00          105.35           7.4557
 02001   8.07 %  2017               5.00          105.39           7.4512
 02001   8.07 %  2017               5.00          105.35           7.4557
 02001   8.07 %  2017               5.00          105.39           7.4512
 02001   8.07 %  2017               5.00          105.38           7.4523
 02001   8.07 %  2017               5.00          105.38           7.4523
 02001   8.07 %  2017               5.00          105.38           7.4523
 02001   8.07 %  2017               5.00          105.40           7.4501
 02001   8.07 %  2017              15.00          105.40           7.4501
 02001   8.07 %  2017               5.00          105.40           7.4501
 02001   8.07 %  2017               5.00          105.39           7.4512
 02001   8.07 %  2017               5.00          105.40           7.4501
 02001   8.07 %  2017               5.00          105.40           7.4501
 02001   8.07 %  2017               5.00          105.41           7.4490
 02001   8.07 %  2017               5.00          105.43           7.4468
 02001   8.07 %  2017               5.00          105.43           7.4468
 02001   8.07 %  2017               0.50          105.37           7.4534
 02001   8.07 %  2017               0.50          105.37           7.4534
 02001   8.07 %  2017               5.00          105.38           7.4523
 02001   8.07 %  2017               5.00          105.39           7.4512
 02001   8.07 %  2017               5.00          105.40           7.4501
 02001   8.07 %  2017               5.00          105.40           7.4501
 02001   8.07 %  2017               5.00          105.43           7.4468
 02001   8.07 %  2017              10.00          105.38           7.4523
 02001   8.07 %  2017               5.00          105.42           7.4479
 02001   8.07 %  2017               5.00          105.37           7.4534
 02001   8.07 %  2017               5.00          105.38           7.4523
 02001   8.07 %  2017               5.00          105.38           7.4523
 02001   8.07 %  2017               5.00          105.35           7.4557
 02001   8.07 %  2017               5.00          105.35           7.4557
 02007   7.49 %  2017               5.00          100.55           7.4262
 02007   7.49 %  2017               5.00          100.62           7.4183
 02007   7.49 %  2017               5.00          100.58           7.4229 02007   7.49 %  2017               4.00          100.57           7.4240
 02007   7.49 %  2017               5.00          100.61           7.4195
 02007   7.49 %  2017               4.00          104.40           7.0031
 02007   7.49 %  2017               5.00          100.61           7.4195
 02007   7.49 %  2017               0.15          100.40           7.4432
 02007   7.49 %  2017               1.00          100.57           7.4240
 02007   7.49 %  2017              20.00          100.62           7.4183
 02007   7.49 %  2017              25.00          100.57           7.4240
 02007   7.49 %  2017              25.00          100.57           7.4240
 02007   7.49 %  2017               1.00          100.60           7.4206
 02007   7.49 %  2017               0.50          100.60           7.4206
 02007   7.49 %  2017               2.50          100.50           7.4319
 02014   7.46 %  2017              10.00          100.22           7.4354
 02014   7.46 %  2017              10.00          100.24           7.4331
 02014   7.46 %  2017               5.00          100.23           7.4343
 02014   7.46 %  2017               5.00          100.24           7.4331
 02014   7.46 %  2017               5.00          100.235          7.4337
 02014   7.46 %  2017              10.00          100.18           7.4398
 02014   7.46 %  2017               5.00          100.23           7.4343
 02014   7.46 %  2017               5.00          100.23           7.4343
 02014   7.46 %  2017              10.00          100.24           7.4331
 02014   7.46 %  2017               5.00          100.20           7.4376
 02014   7.46 %  2017              25.00          100.20           7.4376
 02014   7.46 %  2017              10.00          100.20           7.4376
 02014   7.46 %  2017               5.00          100.25           7.4320
 02014   7.46 %  2017               5.00          100.19           7.4387
 02014   7.46 %  2017               5.00          100.20           7.4376
 02014   7.46 %  2017               5.00          100.21           7.4365
 02014   7.46 %  2017               5.00          100.21           7.4365
 02014   7.46 %  2017               5.00          100.24           7.4331
 02014   7.46 %  2017              10.00          100.22           7.4354
 02014   7.46 %  2017               1.00          100.25           7.4320
 02014   7.46 %  2017              10.00          100.24           7.4331
 02014   7.46 %  2017              20.00          100.24           7.4331
 02014   7.46 %  2017               6.433         100.25           7.4320
 02014   7.46 %  2017               5.00          100.24           7.4331
 02014   7.46 %  2017               5.00          100.17           7.4410
 02014   7.46 %  2017              10.00          100.24           7.4331
 02014   7.46 %  2017              10.00          100.25           7.4320
 02014   7.46 %  2017              10.00          100.25           7.4320
 02014   7.46 %  2017              10.00          100.25           7.4320
 02014   7.46 %  2017               5.00          100.23           7.4343
 02014   7.46 %  2017              25.00          100.24           7.4331
 02014   7.46 %  2017               1.784         100.22           7.4354
 02014   7.46 %  2017               1.00          100.18           7.4398
 02014   7.46 %  2017               1.00          100.18           7.4398
 02014   7.46 %  2017              10.00          100.25           7.4320
 02014   7.46 %  2017               5.00          100.24           7.4331
 02014   7.46 %  2017               5.00          100.24           7.4331
 02014   7.46 %  2017               5.00          100.23           7.4343
 02014   7.46 %  2017              10.00          100.24           7.4331
 02014   7.46 %  2017               1.00          100.33           7.4231
 02014   7.46 %  2017               3.25          100.30           7.4265
 02014   7.46 %  2017               1.433         100.30           7.4265
 02014   7.46 %  2017               3.216         100.30           7.4265
 02014   7.46 %  2017              10.00          100.25           7.4320
 02014   7.46 %  2017               1.00          100.18           7.4398 02014   7.46 %  2017               1.00          100.18           7.4398
 02014   7.46 %  2017               5.00          100.24           7.4331
 02014   7.46 %  2017               5.00          100.23           7.4343
 02014   7.46 %  2017              10.00          100.15           7.4432
 02014   7.46 %  2017               5.00          100.235          7.4337
 02014   7.46 %  2017               5.00          100.24           7.4331
 02014   7.46 %  2017              10.00          100.095          7.4493
 02014   7.46 %  2017               1.433         100.30           7.4265
 02014   7.46 %  2017               1.00          100.24           7.4331
 02014   7.46 %  2017               1.00          100.18           7.4398
 02014   7.46 %  2017               5.00          100.09           7.4499
 02014   7.46 %  2017               0.50          100.24           7.4331
 02014   7.46 %  2017               1.00          100.18           7.4398
 02014   7.46 %  2017               1.82          100.00           7.4600
 02014   7.46 %  2017              10.00          100.30           7.4265
 02014   7.46 %  2017               5.00          100.28           7.4287
 02014   7.46 %  2017               5.00          100.30           7.4265
 02014   7.46 %  2017               5.00          100.30           7.4265
 02014   7.46 %  2017               5.00          100.28           7.4287
 02014   7.46 %  2017              10.00          100.29           7.4276
 02014   7.46 %  2017               5.00          100.30           7.4265
 02014   7.46 %  2017               5.00          100.32           7.4242
 02014   7.46 %  2017               5.00          100.35           7.4209
 02014   7.46 %  2017               5.00          100.30           7.4265
 02014   7.46 %  2017              10.00          100.19           7.4387
 02014   7.46 %  2017               5.00          100.30           7.4265
 02014   7.46 %  2017               5.00          100.35           7.4209
 02014   7.46 %  2017               5.00          100.28           7.4287
 02014   7.46 %  2017               5.00          100.25           7.4320
 02014   7.46 %  2017               1.00          100.38           7.4175
 02014   7.46 %  2017               5.00          100.35           7.4209
 02014   7.46 %  2017               1.00          100.18           7.4398
 02014   7.46 %  2017               5.00          100.29           7.4276
 02014   7.46 %  2017               5.00          100.36           7.4198
 02014   7.46 %  2017               5.00          100.34           7.4220
 02014   7.46 %  2017               1.00          100.18           7.4398
 02014   7.46 %  2017               5.00          100.28           7.4287
 02014   7.46 %  2017              10.00          100.28           7.4287
 02014   7.46 %  2017               1.00          100.18           7.4398
 02014   7.46 %  2017               1.00          100.18           7.4398
 02014   7.46 %  2017               5.00          100.35           7.4209
 02014   7.46 %  2017              10.00          100.23           7.4343
 02014   7.46 %  2017               0.60          100.24           7.4331
 02014   7.46 %  2017              10.00          100.35           7.4209
 02014   7.46 %  2017               3.918         100.35           7.4209
 02014   7.46 %  2017               5.00          100.33           7.4231
 02014   7.46 %  2017               5.00          100.35           7.4209
 02014   7.46 %  2017               5.00          100.23           7.4343
 02014   7.46 %  2017               5.00          100.19           7.4387
 02014   7.46 %  2017               5.00          100.23           7.4343
 02014   7.46 %  2017               5.00          100.24           7.4331
 02014   7.46 %  2017               0.25          100.38           7.4175
 02014   7.46 %  2017              10.00          100.35           7.4209
 02014   7.46 %  2017               5.00          100.34           7.4220
 02014   7.46 %  2017               5.00          100.32           7.4242
 02014   7.46 %  2017               5.00          100.30           7.4265
 02014   7.46 %  2017               5.00          100.28           7.4287 02014   7.46 %  2017               5.00          100.32           7.4242
 02014   7.46 %  2017               5.00          100.35           7.4209
 02014   7.46 %  2017               2.00          100.32           7.4242
 02014   7.46 %  2017              10.00          100.27           7.4298
 02014   7.46 %  2017              15.00          100.34           7.4220
 02014   7.46 %  2017              15.00          100.35           7.4209
 02014   7.46 %  2017               1.00          100.18           7.4398
 02014   7.46 %  2017               1.00          100.18           7.4398
 02014   7.46 %  2017               1.00          100.18           7.4398
 02014   7.46 %  2017               1.00          100.18           7.4398
 02014   7.46 %  2017               1.50          100.21           7.4365
 02014   7.46 %  2017               0.50          100.18           7.4398
 02014   7.46 %  2017               0.25          100.28           7.4287
 02014   7.46 %  2017               5.00          100.35           7.4209
 02014   7.46 %  2017               0.50          100.18           7.4398
 02014   7.46 %  2017               5.00          100.30           7.4265
 02014   7.46 %  2017               0.2165        100.29           7.4276
 02014   7.46 %  2017              20.00          100.30           7.4265
 02014   7.46 %  2017               1.00          100.18           7.4398
 02014   7.46 %  2017               1.00          100.18           7.4398
 02014   7.46 %  2017               1.00          100.18           7.4398
 02014   7.46 %  2017               0.25          100.30           7.4265
 02014   7.46 %  2017               5.00          100.37           7.4187
 02014   7.46 %  2017               1.00          100.30           7.4265
 02014   7.46 %  2017               1.00          100.18           7.4398
 02014   7.46 %  2017               1.00          100.18           7.4398
 02014   7.46 %  2017               0.50          100.28           7.4287
 02014   7.46 %  2017               1.00          100.28           7.4287
 02014   7.46 %  2017               0.25          100.28           7.4287
 02014   7.46 %  2017               1.00          100.28           7.4287
 02014   7.46 %  2017               0.50          100.28           7.4287
 02014   7.46 %  2017               5.00          100.37           7.4187
 02014   7.46 %  2017               1.00          100.28           7.4287
 02014   7.46 %  2017               0.50          100.28           7.4287
 02014   7.46 %  2017               0.40          100.18           7.4398
 02014   7.46 %  2017               0.50          100.18           7.4398
 02014   7.46 %  2017               0.50          100.23           7.4343
 02014   7.46 %  2017              10.00          100.32           7.4242
 02014   7.46 %  2017               0.10          100.18           7.4398
 02014   7.46 %  2017               5.00          100.40           7.4153
 02014   7.46 %  2017               5.00          100.38           7.4175
 02014   7.46 %  2017               1.7835        100.00           7.4600
 02014   7.46 %  2017               1.00          100.28           7.4287
 02014   7.46 %  2017               5.00          100.16           7.4421
 02014   7.46 %  2017               5.00          100.39           7.4164
 02014   7.46 %  2017               0.50          100.18           7.4398
 02014   7.46 %  2017               5.00          100.40           7.4153
 02014   7.46 %  2017               1.7835        100.00           7.4600
 02014   7.46 %  2017              10.00          100.40           7.4153
 02014   7.46 %  2017               5.00          100.38           7.4175
 02014   7.46 %  2017               5.00          100.40           7.4153
 02014   7.46 %  2017              15.00          100.40           7.4153
 02014   7.46 %  2017               5.00          100.40           7.4153
 02014   7.46 %  2017               5.00          100.39           7.4164
 02014   7.46 %  2017               5.00          100.27           7.4298
 02014   7.46 %  2017               5.00          100.37           7.4187
 02014   7.46 %  2017              10.00          100.40           7.4153 02014   7.46 %  2017               5.00          100.40           7.4153
 02014   7.46 %  2017               5.00          100.40           7.4153
 02014   7.46 %  2017               0.954         100.50           7.4042
 02014   7.46 %  2017               1.00          100.18           7.4398
 02014   7.46 %  2017               1.00          100.42           7.4131
 02014   7.46 %  2017              10.00          100.35           7.4209
 02014   7.46 %  2017               5.00          100.425          7.4125
 02014   7.46 %  2017              10.00          100.30           7.4265
 02014   7.46 %  2017               5.00          100.30           7.4265
 02014   7.46 %  2017               3.918         100.35           7.4209
 02014   7.46 %  2017              25.00          100.30           7.4265
 02014   7.46 %  2017               0.50          100.28           7.4287
 02014   7.46 %  2017               5.00          100.38           7.4175
 02014   7.46 %  2017               5.00          100.27           7.4298
 02014   7.46 %  2017               5.00          100.27           7.4298
 02014   7.46 %  2017               5.00          100.09           7.4499
 02014   7.46 %  2017              25.00          100.45           7.4098
 02014   7.46 %  2017               3.00          100.40           7.4153
 02014   7.46 %  2017               5.00          100.40           7.4153
 01004  10.45 %  2018               5.00          125.48           7.6323
 01004  10.45 %  2018              10.00          125.53           7.6276
 01004  10.45 %  2018               5.00          125.60           7.6211
 01004  10.45 %  2018               5.00          125.70           7.6117
 01004  10.45 %  2018              10.00          125.73           7.6089
 01004  10.45 %  2018               1.50          125.47           7.6332
 01004  10.45 %  2018               5.00          125.70           7.6117
 01004  10.45 %  2018               5.00          125.75           7.6070
 01004  10.45 %  2018               5.00          125.55           7.6258
 01004  10.45 %  2018              10.00          125.80           7.6024
 98025  12.60 %  2018               1.871         144.75           7.7158
 00008  10.70 %  2020               5.00          127.70           7.7845
 00008  10.70 %  2020               2.00          127.60           7.7932
 00008  10.70 %  2020               1.90          128.00           7.7582
 00018  11.60 %  2020               5.00          137.20           7.7600
 00018  11.60 %  2020               5.00          137.20           7.7600
 01006  10.25 %  2021              10.00          124.91           7.7131
 01006  10.25 %  2021               5.00          124.91           7.7131
 01006  10.25 %  2021               5.00          124.90           7.7140
 01006  10.25 %  2021               5.00          124.88           7.7157
 01006  10.25 %  2021              15.00          124.93           7.7114
 01006  10.25 %  2021               5.00          125.00           7.7054
 01006  10.25 %  2021               5.00          125.00           7.7054
 01006  10.25 %  2021               5.00          124.98           7.7071
 01006  10.25 %  2021              10.00          124.97           7.7080
 01006  10.25 %  2021               5.00          125.00           7.7054
 01006  10.25 %  2021               5.00          124.99           7.7062
 01006  10.25 %  2021               5.00          124.95           7.7097
 01006  10.25 %  2021               5.00          125.00           7.7054
 01006  10.25 %  2021               5.00          125.00           7.7054
 01006  10.25 %  2021              10.00          125.05           7.7011
 01006  10.25 %  2021               0.50          124.83           7.7200
 01006  10.25 %  2021               5.00          125.05           7.7011
 01006  10.25 %  2021               5.00          124.90           7.7140
 01006  10.25 %  2021              25.00          124.97           7.7080
 01006  10.25 %  2021              25.00          124.95           7.7097
 01006  10.25 %  2021              25.00          125.05           7.7011
 01006  10.25 %  2021              25.00          124.94           7.7105 01006  10.25 %  2021               5.00          124.94           7.7105
 02011   8.35 %  2022               5.00          106.53           7.6989
 02011   8.35 %  2022               5.00          106.56           7.6960
 02011   8.35 %  2022               1.00          106.50           7.7017
 02011   8.35 %  2022               3.00          106.59           7.6932
 02011   8.35 %  2022               5.00          106.62           7.6903
 02011   8.35 %  2022              10.00          106.64           7.6885
 02011   8.35 %  2022               5.00          106.625          7.6899
 02011   8.35 %  2022               0.50          106.64           7.6885
 02011   8.35 %  2022               5.00          106.68           7.6847
 02011   8.35 %  2022               5.00          106.70           7.6828
 02011   8.35 %  2022               5.00          106.68           7.6847
 02011   8.35 %  2022               0.50          106.32           7.7188
 02011   8.35 %  2022              10.00          106.70           7.6828
 01010  10.18 %  2026              15.00          124.85           7.8625
 01010  10.18 %  2026              10.00          124.90           7.8586
 01010  10.18 %  2026              10.00          124.90           7.8586
 01010  10.18 %  2026               5.00          124.94           7.8555
 01010  10.18 %  2026               1.00          124.81           7.8657
 01010  10.18 %  2026               5.00          124.92           7.8571
 01010  10.18 %  2026               5.00          124.99           7.8516
 01010  10.18 %  2026               5.00          125.00           7.8508
 01010  10.18 %  2026               5.00          124.95           7.8547
 01010  10.18 %  2026               5.00          125.00           7.8508
 01010  10.18 %  2026               5.00          125.00           7.8508
 01010  10.18 %  2026               5.00          125.05           7.8470
 01010  10.18 %  2026               5.00          125.00           7.8508
 01010  10.18 %  2026              10.00          125.05           7.8470
 01010  10.18 %  2026               5.00          125.05           7.8470
 01010  10.18 %  2026               5.00          125.10           7.8431
 01010  10.18 %  2026               5.00          125.05           7.8470
 01010  10.18 %  2026              10.00          125.03           7.8485
 01010  10.18 %  2026               1.00          125.00           7.8508
 01010  10.18 %  2026               5.00          125.10           7.8431
 01010  10.18 %  2026               5.00          125.05           7.8470
 01010  10.18 %  2026              25.00          124.91           7.8579
 01010  10.18 %  2026              25.00          125.05           7.8470
 01010  10.18 %  2026               0.45          124.71           7.8735
 02015   7.95 %  2032               5.00          100.13           7.9385
 02015   7.95 %  2032               3.728         100.10           7.9412
 02015   7.95 %  2032               5.00          100.14           7.9377
 02015   7.95 %  2032              15.00          100.14           7.9377
 02015   7.95 %  2032              20.00          100.17           7.9350
 02015   7.95 %  2032               5.00          100.15           7.9368
 02015   7.95 %  2032               5.00          100.15           7.9368
 02015   7.95 %  2032               1.00          100.00           7.9500
 02015   7.95 %  2032               5.00          100.17           7.9350
 02015   7.95 %  2032               4.97          100.00           7.9500
 02015   7.95 %  2032               1.00          100.06           7.9447
 02015   7.95 %  2032               0.50          100.00           7.9500
 02015   7.95 %  2032               1.00          100.00           7.9500
 02015   7.95 %  2032               2.00          100.35           7.9193
 02015   7.95 %  2032               5.00          100.00           7.9500
 02015   7.95 %  2032               1.245         100.00           7.9500
 02015   7.95 %  2032               5.00          100.24           7.9289
 02015   7.95 %  2032               0.50          100.20           7.9324
 02015   7.95 %  2032               4.50          100.21           7.9315 02015   7.95 %  2032               1.245         100.00           7.9500
 02015   7.95 %  2032               1.00          100.00           7.9500
 02015   7.95 %  2032              15.00          100.25           7.9280
 02015   7.95 %  2032               5.00          100.25           7.9280
 02015   7.95 %  2032              10.00          100.20           7.9324
 02015   7.95 %  2032               1.272         100.35           7.9193
 02015   7.95 %  2032               5.00          100.25           7.9280
 02015   7.95 %  2032               1.00          100.00           7.9500
 02015   7.95 %  2032               1.00          100.00           7.9500
 02015   7.95 %  2032               2.00          100.28           7.9254
 02015   7.95 %  2032               0.25          100.28           7.9254
 02015   7.95 %  2032               5.00          100.30           7.9236
 02015   7.95 %  2032               1.00          100.00           7.9500
 02015   7.95 %  2032               1.00          100.00           7.9500
 02015   7.95 %  2032               5.00          100.20           7.9324
 02015   7.95 %  2032               0.50          100.28           7.9254
 02015   7.95 %  2032               5.00          100.00           7.9500
     Total                       7478.661
B. State Government Securities
          Contract Date : August 29, 2002
 94214 12.50% MAHARASHTRA SDL
       2004                         0.02          108.25          7.1143
 96210 13.85% GUJARAT SDL 2006      1.00          120.33          7.4671
 96217 13.85% MAHARASHTRA SDL
       2006                         0.01          122.60          6.8424
 99216 12.25% MAHARASHTRA SDL
       2009                         1.00          121.25          8.0529
 99209 12.25% GUJRAT SDL 2009       1.00          119.10          8.4316
 99209 12.25% GUJRAT SDL 2009       1.00          123.28          7.7032
 99231 11.85% ANDHRA PRADESH SDL
       2009                         1.00          122.20          7.6986
 00210 11% PUNJAB SDL 2010          1.187         113.10          8.6056
 00218 10.52% GUJARAT SDL 2010      0.50          113.55          8.1059
 00239 11.70% MAHARASHTRA SDL
       2010                         1.00          122.28          7.8727
 01236 10.35% KARNATAKA SDL 2011    0.6454        114.55          7.9920
 01252 9.50% GUJARAT G.S 2011       0.50          108.70          8.1065
 01254 9.53% ANDHRA PRADESH
       GOVT. STOCK 2011             0.10          111.30          7.7556
 01254 9.53% ANDHRA PRADESH
       GOVT. STOCK 2011             0.50          110.05          7.9399
 01260 9.40% MAHARASHTRA GOVT.
       STOCK 2011                   3.00          109.15          7.9570
 02241 8.00% KERALA SDL 2012        5.00          101.25          7.8109
 02240 8.00% KARNATAKA SDL 2012     2.00          101.25          7.8109
 02285 7.83% MAHARASTRA G.S.2012    0.20          100.70          7.7246
     Total                         19.6624
C. Treasury Bills
   (i) 14 Day Bills (Maturity-wise)
       (DD/MM/YYYY)
                                           NIL
   (ii) 91 Day Bills (Maturity-wise)
       (DD/MM/YYYY)
          Contract Date : August 29, 2002
        06/09/2002                 10.00           99.8796         5.4848        11/10/2002                  2.00           99.3330         5.6841
        11/10/2002                  4.24           99.3248         5.7545
        11/10/2002                  0.25           99.3318         5.6944
        18/10/2002                  9.48           99.2158         5.7541
        08/11/2002                  0.455          98.8806         5.8039
        15/11/2002                 15.00           98.7820         5.7541
        22/11/2002                  1.2925         98.6628         5.8040
     Total                         42.7175
   (iii) 182 Day Bills (Maturity-wise)
       (DD/MM/YYYY)
                                           NIL
   (iv) 364 Day Bills (Maturity-wise)
       (DD/MM/YYYY)
          Contract Date : August 29, 2002
        06/09/2002                  0.6225         99.8752         5.6855
        20/09/2002                  2.00           99.6696         5.4847
        04/10/2002                  5.32           99.4341         5.7544
        04/10/2002                  5.00           99.4312         5.7841
        18/10/2002                  2.00           99.2050         5.8340
        16/11/2002                  4.00           98.7623         5.7743
        27/12/2002                  4.00          100.0000         0.0000
        11/07/2003                  2.50           95.1168         5.9137
        08/08/2003                 25.00           94.7028         5.9187
        22/08/2003                  3.60           94.4750         5.9461
     Total                         54.0425
---------------------------------------------------------------------------
 Loan  Nomenclature                Amount      Price *   Repo Rate   Repo
 Code                            (Face Value) Per Rs.100   (%pa)    Period
                                 (in Rs.Crore) Nominal              (Days)
       (1)                          (2)          (3)        (4)      (5)
---------------------------------------------------------------------------
II.  REPO Transactions *
    (Other than with RBI)
A. Government of India Dated Securities
 97010  11.19 %  2005              15.00      113.33        5.60       1
 01012   6.23 %  2006              50.00      100.00        5.50       1
 01012   6.23 %  2006              50.00      100.00        5.50       1
 02005   6.65 %  2009              15.40       99.20        5.25       1
 99006  11.99 %  2009              20.00      126.85        5.50       1
 02010   7.55 %  2010             100.00      103.75        5.55       2
 00017  11.50 %  2011              40.00      128.80        5.50       1
 02006   6.85 %  2012              20.00       98.25        5.75       1
 02006   6.85 %  2012              60.00       98.25        5.70       1
 02013   6.72 %  2012              40.00      100.80        5.50       1
 02013   6.72 %  2012              20.00      100.80        5.50       1
 01001  10.47 %  2015              25.00      110.00        7.25       1
 02001   8.07 %  2017              38.00      105.25        5.70       1
 02001   8.07 %  2017              47.00      105.35        5.50       1
 02012   6.84 %  2017              40.00      100.00        5.50       1
 02012   6.84 %  2017              50.00      100.00        5.50       1
 02012   6.84 %  2017              37.00      100.00        5.50       1
 01006  10.25 %  2021              25.00      124.80        5.55       1
 01010  10.18 %  2026              22.00      124.80        5.55       1
 01010  10.18 %  2026              20.00      125.00        5.55       1
     Total                        734.40B. State Government Securities
                                           NIL
C. Treasury Bills
   (i) 14 Day Bills (Maturity-wise)
      (DD/MM/YYYY)
                                           NIL
   (ii) 91 Day Bills (Maturity-wise)
      (DD/MM/YYYY)
                                           NIL
   (iii) 182 Day Bills (Maturity-wise)
      (DD/MM/YYYY)
                                           NIL
   (iv) 364 Day Bills (Maturity-wise)
       (DD/MM/YYYY)
                                           NIL
-----------------------------------------------------------------------------
-
  * Relate to the first leg of Repos
  # YTM(indicative) will depend upon assumed rate of inflation
Date :  29 August 2002