Subsidiary General Ledger Account Transactions
in Government Dated Securities and Treasury Bills
at RBI, Mumbai on 09 April 2002
---------------------------------------------------------------------------
 Loan  Nomenclature              Amount           Price *        YTM %
 Code                            (Face Value)     Per Rs.100   Indicative
                                 (in Rs.Crore)    nominal
---------------------------------------------------------------------------
I.  Outright Transactions
A.Government of India Dated Securities
          Contract Date : April 08, 2002
 87006  11.00 %  2002               0.34          100.49           5.4458
 98004  11.10 %  2003              10.00          104.835          6.0311
 00007   9.90 %  2005              10.00          109.85           6.2867
 98009  11.90 %  2007               5.00          123.15           6.5214
 00016  11.40 %  2008               5.00          123.75           6.7622
 02005   6.65 %  2009              15.00           99.73           6.6988
 99006  11.99 %  2009               5.00          127.90           6.8964
 99006  11.99 %  2009               5.00          128.00           6.8808
 99004  12.29 %  2010               5.00          128.75           7.3763
 99004  12.29 %  2010              25.00          128.700          7.3835
 80003   7.50 %  2010               0.10          102.25           7.1277
 80003   7.50 %  2010               3.00          102.90           7.0226
 82013   8.75 %  2010               0.25          110.65           7.0838
 99005  12.32 %  2011               5.00          131.00           7.4528
 99005  12.32 %  2011               5.00          131.00           7.4528
 00010  10.95 %  2011               5.00          124.36           7.2559
 01007   9.39 %  2011               5.00          115.05           7.1338
 01007   9.39 %  2011               5.00          115.32           7.0969
 00017  11.50 %  2011               5.00          129.57           7.1886
 00017  11.50 %  2011               5.00          129.730          7.1690
 00017  11.50 %  2011               5.00          129.57           7.1886
 00017  11.50 %  2011               5.00          129.460          7.2021
 00017  11.50 %  2011               5.00          129.68           7.1751
 00017  11.50 %  2011               5.00          129.66           7.1776
 00017  11.50 %  2011               5.00          129.480          7.1997
 00017  11.50 %  2011               5.00          129.510          7.1960
 00017  11.50 %  2011               5.00          129.550          7.1911
 00017  11.50 %  2011               5.00          129.65           7.1788
 00017  11.50 %  2011               5.00          129.60           7.1849
 00017  11.50 %  2011              10.00          129.745          7.1672
 00017  11.50 %  2011               5.00          129.670          7.1764
 00017  11.50 %  2011               5.00          129.62           7.1825
 00017  11.50 %  2011               5.00          129.420          7.2070
 00017  11.50 %  2011               5.00          129.480          7.1997
 00017  11.50 %  2011               5.00          129.550          7.1911
 00017  11.50 %  2011               5.00          129.540          7.1923
 02006   6.85 %  2012               5.00           99.82           6.8751
 02006   6.85 %  2012              25.00           99.75           6.8849
 02006   6.85 %  2012              25.00           99.65           6.8989
1 02006   6.85 %  2012               5.00           99.73           6.8877
 02006   6.85 %  2012               5.00           99.73           6.8877
 02006   6.85 %  2012               1.00          100.01           6.8485
 02006   6.85 %  2012               1.00          100.00           6.8499
 02006   6.85 %  2012               0.50          100.20           6.8219
 02006   6.85 %  2012               4.00          100.10           6.8359
 02006   6.85 %  2012               5.00          100.15           6.8289
 02006   6.85 %  2012               0.30          100.50           6.7802
 02006   6.85 %  2012               0.50          100.20           6.8219
 02006   6.85 %  2012               0.25          100.10           6.8359
 02006   6.85 %  2012               0.50          100.30           6.8080
 02006   6.85 %  2012               5.00           99.75           6.8849
 00012  11.03 %  2012               5.00          127.45           7.2010
 00012  11.03 %  2012               5.00          127.55           7.1891
 00012  11.03 %  2012               5.00          127.50           7.1951
 00012  11.03 %  2012               5.00          127.685          7.1732
 00012  11.03 %  2012               5.00          127.65           7.1773
 01009   9.40 %  2012               5.00          116.39           7.1424
 01009   9.40 %  2012               1.00          116.44           7.1362
 01009   9.40 %  2012               5.00          116.30           7.1536
 01009   9.40 %  2012               0.50          117.20           7.0420
 01005   9.81 %  2013              10.00          119.57           7.2213
 01005   9.81 %  2013              10.00          119.55           7.2237
 01005   9.81 %  2013               5.00          119.53           7.2260
 01005   9.81 %  2013               5.00          119.64           7.2131
 01005   9.81 %  2013               5.00          119.66           7.2108
 01005   9.81 %  2013               5.00          119.72           7.2038
 01005   9.81 %  2013               5.00          119.67           7.2096
 01005   9.81 %  2013               5.00          119.35           7.2471
 01005   9.81 %  2013               0.25          119.77           7.1979
 01005   9.81 %  2013               5.00          119.57           7.2213
 00015  11.43 %  2015               5.00          131.70           7.6026
 00015  11.43 %  2015              10.00          131.69           7.6036
 01011   9.85 %  2015               5.00          121.60           7.3082
 01011   9.85 %  2015               5.00          121.50           7.3185
 01011   9.85 %  2015              10.00          121.52           7.3164
 01011   9.85 %  2015               5.00          121.48           7.3205
 01011   9.85 %  2015               5.00          121.50           7.3185
 01011   9.85 %  2015               5.00          121.54           7.3143
 01011   9.85 %  2015               5.00          121.45           7.3236
 01011   9.85 %  2015               5.00          121.50           7.3185
 01011   9.85 %  2015               0.50          121.72           7.2959
 01011   9.85 %  2015               5.00          121.45           7.3236
 01011   9.85 %  2015               5.00          121.50           7.3185
 01011   9.85 %  2015               5.00          121.50           7.3185
 01011   9.85 %  2015               5.00          121.60           7.3082
 01011   9.85 %  2015               5.00          121.53           7.3154
 01011   9.85 %  2015               5.00          121.38           7.3308
 01011   9.85 %  2015               5.00          121.48           7.3205
 01011   9.85 %  2015               5.00          121.50           7.3185
 01011   9.85 %  2015               0.60          121.70           7.2979
 01011   9.85 %  2015               5.00          121.65           7.3030
 01011   9.85 %  2015               5.00          121.40           7.3287
 01011   9.85 %  2015               5.00          121.60           7.3082
 01003  10.71 %  2016               5.00          128.40           7.4181
2 01003  10.71 %  2016               5.00          128.40           7.4181
 01003  10.71 %  2016               5.00          128.35           7.4230
 01003  10.71 %  2016               5.00          128.15           7.4424
 01003  10.71 %  2016              10.00          128.19           7.4386
 01003  10.71 %  2016               5.00          128.12           7.4454
 01003  10.71 %  2016               5.00          128.300          7.4279
 01003  10.71 %  2016               5.00          128.35           7.4230
 01003  10.71 %  2016               5.00          128.10           7.4473
 01003  10.71 %  2016               5.00          128.330          7.4249
 02001   8.07 %  2017               5.00          107.68           7.2142
 02001   8.07 %  2017               5.00          107.73           7.2089
 02001   8.07 %  2017               5.00          107.72           7.2100
 02001   8.07 %  2017               5.00          107.805          7.2010
 02001   8.07 %  2017              25.00          107.89           7.1921
 02001   8.07 %  2017               5.00          107.70           7.2121
 02001   8.07 %  2017               5.00          107.58           7.2248
 02001   8.07 %  2017               5.00          107.70           7.2121
 02001   8.07 %  2017               8.00          107.82           7.1994
 02001   8.07 %  2017               5.00          107.64           7.2184
 02001   8.07 %  2017               0.40          107.50           7.2332
 02001   8.07 %  2017               5.00          107.70           7.2121
 02001   8.07 %  2017               1.00          107.85           7.1963
 02001   8.07 %  2017               0.50          107.55           7.2280
 02001   8.07 %  2017              15.00          107.71           7.2110
 02001   8.07 %  2017               5.00          107.70           7.2121
 02001   8.07 %  2017               5.00          107.88           7.1931
 02001   8.07 %  2017               5.00          107.35           7.2491
 02001   8.07 %  2017               5.00          107.35           7.2491
 02001   8.07 %  2017               0.10          108.00           7.1805
 02001   8.07 %  2017               5.00          107.70           7.2121
 01008  10.03 %  2019               5.00          122.75           7.6386
 01008  10.03 %  2019              11.60          121.87           7.7185
 01006  10.25 %  2021               5.00          126.10           7.6325
 01006  10.25 %  2021               5.00          126.00           7.6409
 01006  10.25 %  2021               5.00          125.95           7.6451
 01006  10.25 %  2021               5.00          125.95           7.6451
 01006  10.25 %  2021               5.00          126.20           7.6241
 01006  10.25 %  2021               5.00          126.04           7.6376
 01006  10.25 %  2021               5.00          126.12           7.6308
 01006  10.25 %  2021               5.00          126.00           7.6409
 01006  10.25 %  2021               5.00          125.95           7.6451
 01006  10.25 %  2021               5.00          125.40           7.6916
 01006  10.25 %  2021               5.00          126.12           7.6308
 01006  10.25 %  2021               5.00          126.03           7.6384
 01006  10.25 %  2021               5.00          125.70           7.6662
 01006  10.25 %  2021               5.00          126.05           7.6367
 01006  10.25 %  2021               5.00          126.10           7.6325
 01006  10.25 %  2021               5.00          125.95           7.6451
 01006  10.25 %  2021               5.00          126.10           7.6325
 01006  10.25 %  2021               5.00          126.10           7.6325
 01006  10.25 %  2021               5.00          126.15           7.6283
 01006  10.25 %  2021               5.00          125.83           7.6553
 01006  10.25 %  2021               5.00          126.09           7.6334
 01006  10.25 %  2021               0.25          126.05           7.6367
 01006  10.25 %  2021               5.00          126.10           7.6325
3          Contract Date : April 09, 2002
 97004  12.69 %  2002              14.00          100.58           5.6923
 97004  12.69 %  2002               1.40          100.58           5.6923
 97004  12.69 %  2002              25.00          100.575          5.7487
 97011  11.15 %  2002              10.00          101.94           6.0625
 97011  11.15 %  2002              15.00          101.93           6.0878
 97011  11.15 %  2002               1.00          101.90           6.1639
 98004  11.10 %  2003              10.00          104.82           6.0326
 94003  12.50 %  2004              30.00          111.54           6.1431
 94003  12.50 %  2004               5.00          111.53           6.1482
 94003  12.50 %  2004              10.00          111.53           6.1482
 94003  12.50 %  2004              10.00          111.53           6.1482
 94003  12.50 %  2004              10.00          111.53           6.1482
 94003  12.50 %  2004               3.00          111.50           6.1635
 94003  12.50 %  2004               5.00          111.53           6.1482
 94003  12.50 %  2004              10.00          111.545          6.1405
 94003  12.50 %  2004               1.50          111.75           6.0357
 97007  12.59 %  2004              20.00          112.74           6.2669
 00011  10.20 %  2005              25.00          111.30           6.3027
 97010  11.19 %  2005              20.00          114.50           6.3037
 97010  11.19 %  2005             150.00          114.50           6.3037
 97010  11.19 %  2005             160.00          114.50           6.3037
 97010  11.19 %  2005             200.00          114.50           6.3037
 97010  11.19 %  2005             100.00          114.50           6.3037
 97010  11.19 %  2005               5.00          114.50           6.3037
 97010  11.19 %  2005             150.00          114.50           6.3037
 97010  11.19 %  2005              15.00          114.50           6.3037
 97010  11.19 %  2005             115.00          114.50           6.3037
 97010  11.19 %  2005             200.00          114.50           6.3037
 97010  11.19 %  2005              10.00          114.50           6.3037
 97010  11.19 %  2005              10.00          114.50           6.3037
 97010  11.19 %  2005              20.00          114.50           6.3037
 97010  11.19 %  2005              50.00          114.50           6.3037
 97010  11.19 %  2005              25.00          114.50           6.3037
 97010  11.19 %  2005              10.00          100.00          11.1780
 97010  11.19 %  2005               4.00          100.00          11.1780
 97010  11.19 %  2005             950.00          114.50           6.3037
 97010  11.19 %  2005              50.00          114.50           6.3037
 97010  11.19 %  2005              10.00          114.50           6.3037
 97010  11.19 %  2005              10.00          114.60           6.2728
 97010  11.19 %  2005               5.00          100.00          11.1780
 97010  11.19 %  2005               5.00          100.00          11.1780
 97010  11.19 %  2005               5.00          114.60           6.2728
 98005  11.75 %  2006               5.00          118.79           6.3759
 98005  11.75 %  2006               5.00          118.79           6.3759
 98005  11.75 %  2006              10.00          118.78           6.3785
 98005  11.75 %  2006              10.00          118.77           6.3811
 00013  11.00 %  2006              10.00          100.00          10.9896
 00013  11.00 %  2006               5.00          100.00          10.9896
 00013  11.00 %  2006              26.00          100.00          10.9896
 98009  11.90 %  2007               5.00          123.30           6.4887
 98009  11.90 %  2007               5.00          123.15           6.5193
 98009  11.90 %  2007               5.00          123.05           6.5396
 98009  11.90 %  2007               5.00          123.05           6.5396
 98009  11.90 %  2007               5.00          123.18           6.5132
4 00016  11.40 %  2008               5.00          123.70           6.7693
 00016  11.40 %  2008               5.00          123.90           6.7352
 00016  11.40 %  2008              10.00          123.90           6.7352
 00016  11.40 %  2008              10.00          124.05           6.7097
 00016  11.40 %  2008               5.00          123.85           6.7437
 00016  11.40 %  2008               5.00          123.84           6.7454
 00016  11.40 %  2008               5.00          123.84           6.7454
 00016  11.40 %  2008               5.00          123.85           6.7437
 00016  11.40 %  2008               5.00          123.85           6.7437
 00016  11.40 %  2008               5.00          123.85           6.7437
 00016  11.40 %  2008              27.00          100.00          11.3941
 00016  11.40 %  2008               5.00          123.86           6.7420
 00016  11.40 %  2008               5.00          123.72           6.7659
 00016  11.40 %  2008               5.00          123.90           6.7352
 00016  11.40 %  2008               5.00          123.87           6.7403
 00016  11.40 %  2008               5.00          123.85           6.7437
 00016  11.40 %  2008               5.00          123.90           6.7352
 00016  11.40 %  2008              10.00          123.85           6.7437
 98023  12.25 %  2008              15.00          126.40           7.0582
 02005   6.65 %  2009              15.00           99.81           6.6843
 02005   6.65 %  2009               5.00          100.00           6.6498
 02005   6.65 %  2009               1.00           99.70           6.7043
 02005   6.65 %  2009               5.00           99.90           6.6679
 02005   6.65 %  2009              10.00           99.70           6.7043
 02005   6.65 %  2009              10.00           99.69           6.7061
 02005   6.65 %  2009               5.00           99.75           6.6952
 02005   6.65 %  2009               5.00          100.05           6.6407
 99006  11.99 %  2009               5.00          127.81           6.9090
 99006  11.99 %  2009              10.00          127.70           6.9262
 99006  11.99 %  2009               5.00          127.60           6.9418
 99006  11.99 %  2009              10.00          127.70           6.9262
 99006  11.99 %  2009               5.00          127.70           6.9262
 99006  11.99 %  2009              10.00          127.60           6.9418
 99006  11.99 %  2009              10.00          127.62           6.9387
 99006  11.99 %  2009               5.00          127.65           6.9340
 99006  11.99 %  2009               5.00          127.56           6.9481
 99006  11.99 %  2009               5.00          127.58           6.9450
 99006  11.99 %  2009              20.00          127.80           6.9106
 99006  11.99 %  2009               5.00          127.51           6.9559
 99006  11.99 %  2009               5.00          127.52           6.9543
 99006  11.99 %  2009              10.00          127.52           6.9543
 99006  11.99 %  2009               5.00          127.57           6.9465
 99006  11.99 %  2009               5.00          127.50           6.9575
 99006  11.99 %  2009               5.00          127.50           6.9575
 99006  11.99 %  2009               5.00          127.47           6.9622
 99006  11.99 %  2009               5.00          127.70           6.9262
 80003   7.50 %  2010               0.25          102.80           7.0386
 00014  11.30 %  2010               3.00          100.00          11.2930
 00014  11.30 %  2010               5.00          126.00           7.0981
 00014  11.30 %  2010               5.00          126.10           7.0843
 00014  11.30 %  2010              10.00          126.10           7.0843
 00014  11.30 %  2010              10.00          126.00           7.0981
 00014  11.30 %  2010               5.00          126.10           7.0843
 00014  11.30 %  2010              10.00          126.08           7.0870
 00014  11.30 %  2010               5.00          126.10           7.0843
5 00014  11.30 %  2010               5.00          126.10           7.0843
 00014  11.30 %  2010               5.00          126.10           7.0843
 00014  11.30 %  2010               5.00          126.10           7.0843
 00014  11.30 %  2010               5.00          126.05           7.0912
 00014  11.30 %  2010               5.00          126.09           7.0857
 82013   8.75 %  2010               0.50          110.20           7.1495
 99005  12.32 %  2011              10.00          131.20           7.4257
 99005  12.32 %  2011               5.00          131.010          7.4506
 99005  12.32 %  2011               5.00          131.18           7.4283
 81005   8.00 %  2011               0.50          105.55           7.1554
 81005   8.00 %  2011               1.50          105.12           7.2187
 81005   8.00 %  2011               0.50          105.35           7.1848
 81005   8.00 %  2011               1.50          104.80           7.2660
 00010  10.95 %  2011               5.00          124.47           7.2408
 00010  10.95 %  2011               5.00          124.39           7.2513
 00010  10.95 %  2011               5.00          124.39           7.2513
 00010  10.95 %  2011               5.00          124.40           7.2500
 00010  10.95 %  2011               5.00          124.35           7.2566
 00010  10.95 %  2011               5.00          124.45           7.2434
 00010  10.95 %  2011               5.00          124.45           7.2434
 00010  10.95 %  2011               5.00          124.34           7.2579
 00010  10.95 %  2011               5.00          124.33           7.2592
 01007   9.39 %  2011               0.25          115.65           7.0516
 01007   9.39 %  2011               0.50          115.51           7.0706
 01007   9.39 %  2011               1.00          115.65           7.0516
 01007   9.39 %  2011               5.00          115.13           7.1224
 01007   9.39 %  2011               1.00          115.70           7.0448
 01007   9.39 %  2011               5.00          115.11           7.1251
 01007   9.39 %  2011               2.00          115.65           7.0516
 01007   9.39 %  2011               5.00          115.15           7.1197
 00017  11.50 %  2011               5.00          129.60           7.1842
 00017  11.50 %  2011               5.00          129.550          7.1904
 00017  11.50 %  2011               5.00          129.63           7.1806
 00017  11.50 %  2011              20.00          129.65           7.1781
 00017  11.50 %  2011               5.00          129.65           7.1781
 00017  11.50 %  2011               5.00          129.550          7.1904
 00017  11.50 %  2011               5.00          129.550          7.1904
 00017  11.50 %  2011               5.00          129.65           7.1781
 00017  11.50 %  2011              10.00          129.550          7.1904
 00017  11.50 %  2011              10.00          129.640          7.1793
 00017  11.50 %  2011               5.00          129.65           7.1781
 00017  11.50 %  2011               5.00          129.68           7.1744
 00017  11.50 %  2011               5.00          129.65           7.1781
 00017  11.50 %  2011               5.00          129.65           7.1781
 00017  11.50 %  2011               5.00          129.66           7.1769
 00017  11.50 %  2011              10.00          129.66           7.1769
 00017  11.50 %  2011              10.00          129.62           7.1818
 00017  11.50 %  2011               5.00          129.580          7.1867
 00017  11.50 %  2011               5.00          129.580          7.1867
 00017  11.50 %  2011               5.00          129.550          7.1904
 00017  11.50 %  2011               5.00          129.670          7.1757
 00017  11.50 %  2011               5.00          129.450          7.2026
 00017  11.50 %  2011               5.00          129.450          7.2026
 00017  11.50 %  2011               5.00          129.40           7.2088
 00017  11.50 %  2011               5.00          129.40           7.2088
6 00017  11.50 %  2011               5.00          129.40           7.2088
 00017  11.50 %  2011              25.00          129.65           7.1781
 00017  11.50 %  2011              25.00          129.65           7.1781
 00017  11.50 %  2011               5.00          129.700          7.1720
 00017  11.50 %  2011               5.00          129.75           7.1659
 00017  11.50 %  2011               5.00          129.75           7.1659
 00017  11.50 %  2011               5.00          129.450          7.2026
 00017  11.50 %  2011               5.00          129.62           7.1818
 00017  11.50 %  2011               5.00          129.700          7.1720
 00017  11.50 %  2011               5.00          129.700          7.1720
 00017  11.50 %  2011               5.00          129.75           7.1659
 00017  11.50 %  2011               5.00          129.65           7.1781
 00017  11.50 %  2011               5.00          129.75           7.1659
 00017  11.50 %  2011               5.00          129.700          7.1720
 00017  11.50 %  2011               5.00          129.730          7.1683
 00017  11.50 %  2011               5.00          129.72           7.1695
 00017  11.50 %  2011               5.00          129.700          7.1720
 00017  11.50 %  2011              10.00          129.72           7.1695
 00017  11.50 %  2011               5.00          129.69           7.1732
 00017  11.50 %  2011               5.00          129.65           7.1781
 00017  11.50 %  2011               5.00          129.65           7.1781
 00017  11.50 %  2011               5.00          129.700          7.1720
 00017  11.50 %  2011              10.00          129.72           7.1695
 00017  11.50 %  2011              15.00          129.66           7.1769
 00017  11.50 %  2011               5.00          129.700          7.1720
 00017  11.50 %  2011               5.00          129.670          7.1757
 00017  11.50 %  2011               5.00          129.700          7.1720
 00017  11.50 %  2011               5.00          129.75           7.1659
 00017  11.50 %  2011               5.00          129.670          7.1757
 00017  11.50 %  2011               5.00          129.40           7.2088
 00017  11.50 %  2011              25.00          129.65           7.1781
 00017  11.50 %  2011               5.00          129.700          7.1720
 00017  11.50 %  2011               5.00          129.62           7.1818
 00017  11.50 %  2011               5.00          129.700          7.1720
 00017  11.50 %  2011               5.00          129.72           7.1695
 00017  11.50 %  2011               5.00          129.700          7.1720
 00017  11.50 %  2011               5.00          129.75           7.1659
 00017  11.50 %  2011              10.00          129.670          7.1757
 00017  11.50 %  2011               5.00          129.700          7.1720
 00017  11.50 %  2011               5.00          129.670          7.1757
 00017  11.50 %  2011               5.00          129.730          7.1683
 00017  11.50 %  2011               5.00          129.700          7.1720
 00017  11.50 %  2011               5.00          129.710          7.1708
 00017  11.50 %  2011               5.00          129.65           7.1781
 00017  11.50 %  2011               5.00          129.710          7.1708
 00017  11.50 %  2011               5.00          129.60           7.1842
 00017  11.50 %  2011               5.00          129.700          7.1720
 00017  11.50 %  2011               5.00          129.62           7.1818
 00017  11.50 %  2011              10.00          129.610          7.1830
 00017  11.50 %  2011               5.00          129.65           7.1781
 00017  11.50 %  2011               5.00          129.700          7.1720
 00017  11.50 %  2011               5.00          129.700          7.1720
 00017  11.50 %  2011               5.00          129.670          7.1757
 00017  11.50 %  2011               5.00          129.700          7.1720
 00017  11.50 %  2011               5.00          129.710          7.1708
7 00017  11.50 %  2011               5.00          129.700          7.1720
 00017  11.50 %  2011               5.00          129.75           7.1659
 00017  11.50 %  2011               5.00          129.700          7.1720
 00017  11.50 %  2011              25.00          129.75           7.1659
 00017  11.50 %  2011               5.00          129.730          7.1683
 00017  11.50 %  2011              10.00          129.72           7.1695
 00017  11.50 %  2011               5.00          129.62           7.1818
 00017  11.50 %  2011               5.00          129.670          7.1757
 00017  11.50 %  2011               5.00          129.68           7.1744
 00017  11.50 %  2011               5.00          129.700          7.1720
 00017  11.50 %  2011               5.00          129.700          7.1720
 00017  11.50 %  2011               5.00          129.50           7.1965
 00017  11.50 %  2011               5.00          129.65           7.1781
 00017  11.50 %  2011              10.00          129.670          7.1757
 00017  11.50 %  2011               5.00          129.68           7.1744
 00017  11.50 %  2011               5.00          129.68           7.1744
 00017  11.50 %  2011               5.00          129.730          7.1683
 00017  11.50 %  2011              10.00          129.670          7.1757
 00017  11.50 %  2011               5.00          129.700          7.1720
 00017  11.50 %  2011              25.00          129.700          7.1720
 00017  11.50 %  2011              10.00          129.670          7.1757
 00017  11.50 %  2011               5.00          129.670          7.1757
 00017  11.50 %  2011               5.00          129.65           7.1781
 00017  11.50 %  2011               5.00          129.670          7.1757
 00017  11.50 %  2011              15.00          129.62           7.1818
 00017  11.50 %  2011               5.00          129.50           7.1965
 00017  11.50 %  2011               5.00          129.72           7.1695
 00017  11.50 %  2011               5.00          129.72           7.1695
 02006   6.85 %  2012               1.00          100.35           6.8010
 02006   6.85 %  2012               5.00           99.92           6.8610
 02006   6.85 %  2012               5.00          100.05           6.8428
 02006   6.85 %  2012               0.50          100.25           6.8149
 02006   6.85 %  2012              10.00           99.80           6.8778
 02006   6.85 %  2012               5.00           99.73           6.8877
 02006   6.85 %  2012               5.00           99.72           6.8891
 02006   6.85 %  2012               5.00           99.72           6.8891
 02006   6.85 %  2012               5.00           99.70           6.8919
 02006   6.85 %  2012               5.00          100.25           6.8149
 02006   6.85 %  2012               0.50          100.07           6.8400
 02006   6.85 %  2012               0.40          100.25           6.8149
 02006   6.85 %  2012               1.00          100.25           6.8149
 02006   6.85 %  2012               1.50          100.07           6.8400
 02006   6.85 %  2012               0.50           99.85           6.8708
 02006   6.85 %  2012              10.00           99.68           6.8947
 02006   6.85 %  2012               3.50           99.70           6.8919
 02006   6.85 %  2012               0.10          100.06           6.8414
 02006   6.85 %  2012               1.00          100.30           6.8079
 02006   6.85 %  2012               5.00           99.92           6.8610
 02006   6.85 %  2012               5.50           99.74           6.8863
 02006   6.85 %  2012               5.00           99.79           6.8792
 02006   6.85 %  2012               5.00           99.68           6.8947
 02006   6.85 %  2012               5.00           99.72           6.8891
 02006   6.85 %  2012              10.00           99.72           6.8891
 02006   6.85 %  2012               5.00           99.80           6.8778
 02006   6.85 %  2012               5.00           99.70           6.8919
8 02006   6.85 %  2012               0.10          100.30           6.8079
 02006   6.85 %  2012               0.30          100.18           6.8247
 02006   6.85 %  2012               5.00           99.83           6.8736
 02006   6.85 %  2012               0.50          100.34           6.8024
 02006   6.85 %  2012               5.00           99.80           6.8778
 02006   6.85 %  2012               0.50          100.30           6.8079
 02006   6.85 %  2012               0.40          100.10           6.8358
 02006   6.85 %  2012               0.50          100.06           6.8414
 00012  11.03 %  2012               1.90          100.00          11.0240
 00012  11.03 %  2012               5.00          100.00          11.0240
 00012  11.03 %  2012              10.00          127.77           7.1625
 00012  11.03 %  2012               5.00          127.60           7.1826
 00012  11.03 %  2012               5.00          127.65           7.1767
 00012  11.03 %  2012               5.00          127.55           7.1885
 00012  11.03 %  2012               5.00          127.55           7.1885
 00012  11.03 %  2012               5.00          127.58           7.1850
 00012  11.03 %  2012               5.00          127.50           7.1945
 00012  11.03 %  2012               5.00          127.65           7.1767
 00012  11.03 %  2012               5.00          127.80           7.1590
 00012  11.03 %  2012               5.00          127.45           7.2004
 00012  11.03 %  2012               5.00          127.62           7.1803
 00012  11.03 %  2012               5.00          127.55           7.1885
 00012  11.03 %  2012              10.00          127.58           7.1850
 00012  11.03 %  2012               5.00          127.62           7.1803
 00012  11.03 %  2012              10.00          127.60           7.1826
 00012  11.03 %  2012               5.00          127.60           7.1826
 00012  11.03 %  2012               5.00          127.60           7.1826
 00012  11.03 %  2012               5.00          127.60           7.1826
 00012  11.03 %  2012               5.00          127.62           7.1803
 00012  11.03 %  2012              10.00          127.58           7.1850
 00012  11.03 %  2012               5.00          127.56           7.1874
 00012  11.03 %  2012               5.00          127.58           7.1850
 00012  11.03 %  2012               5.00          127.58           7.1850
 00012  11.03 %  2012               0.25          128.050          7.1295
 00012  11.03 %  2012               5.00          127.57           7.1862
 00012  11.03 %  2012               5.00          127.57           7.1862
 00012  11.03 %  2012               5.00          127.60           7.1826
 00012  11.03 %  2012               5.00          127.62           7.1803
 00012  11.03 %  2012               5.00          127.61           7.1814
 00012  11.03 %  2012               5.00          127.60           7.1826
 00012  11.03 %  2012               5.00          127.61           7.1814
 00012  11.03 %  2012               5.00          127.60           7.1826
 00012  11.03 %  2012               5.00          127.54           7.1897
 00012  11.03 %  2012               5.00          127.65           7.1767
 00012  11.03 %  2012               5.00          127.60           7.1826
 00012  11.03 %  2012               5.00          127.585          7.1844
 00012  11.03 %  2012               0.81          100.00          11.0240
 00012  11.03 %  2012               5.00          127.55           7.1885
 00012  11.03 %  2012               5.00          127.61           7.1814
 00012  11.03 %  2012               5.00          127.60           7.1826
 00012  11.03 %  2012               5.00          127.605          7.1820
 00012  11.03 %  2012               5.00          127.63           7.1791
 00012  11.03 %  2012               5.00          127.60           7.1826
 00012  11.03 %  2012              10.00          127.575          7.1856
 00012  11.03 %  2012               5.00          127.65           7.1767
9 00012  11.03 %  2012               5.00          127.65           7.1767
 00012  11.03 %  2012               5.00          127.65           7.1767
 00012  11.03 %  2012               5.00          127.57           7.1862
 00012  11.03 %  2012               5.00          127.57           7.1862
 00012  11.03 %  2012               5.00          127.60           7.1826
 00012  11.03 %  2012               5.00          127.56           7.1874
 00012  11.03 %  2012               5.00          127.62           7.1803
 00012  11.03 %  2012              10.00          127.57           7.1862
 00012  11.03 %  2012               5.00          127.56           7.1874
 00012  11.03 %  2012              10.00          127.76           7.1637
 00012  11.03 %  2012               5.00          127.58           7.1850
 01009   9.40 %  2012              10.00          116.35           7.1470
 01009   9.40 %  2012               5.00          116.30           7.1532
 01009   9.40 %  2012               1.00          116.60           7.1159
 01009   9.40 %  2012              10.00          116.30           7.1532
 01009   9.40 %  2012               0.25          117.00           7.0663
 01009   9.40 %  2012              10.00          116.30           7.1532
 01009   9.40 %  2012              10.00          116.30           7.1532
 01009   9.40 %  2012               5.00          116.32           7.1507
 01009   9.40 %  2012               5.00          116.26           7.1582
 01009   9.40 %  2012              10.00          116.31           7.1520
 01009   9.40 %  2012               5.00          116.32           7.1507
 01009   9.40 %  2012               5.00          116.33           7.1495
 01009   9.40 %  2012               5.00          116.30           7.1532
 01009   9.40 %  2012               0.50          116.95           7.0725
 01009   9.40 %  2012               0.50          117.05           7.0601
 01009   9.40 %  2012               5.00          116.29           7.1545
 01009   9.40 %  2012               0.25          117.00           7.0663
 01009   9.40 %  2012              10.00          116.30           7.1532
 82005   9.00 %  2013               0.30          114.00           7.1520
 01005   9.81 %  2013               5.00          119.67           7.2093
 01005   9.81 %  2013               5.00          119.69           7.2069
 01005   9.81 %  2013               5.00          119.60           7.2175
 01005   9.81 %  2013               5.00          119.70           7.2058
 01005   9.81 %  2013               5.00          119.62           7.2151
 01005   9.81 %  2013               5.00          119.83           7.1905
 01005   9.81 %  2013               5.00          119.68           7.2081
 01005   9.81 %  2013               5.00          119.50           7.2292
 01005   9.81 %  2013               5.00          119.65           7.2116
 01005   9.81 %  2013               5.00          119.65           7.2116
 01005   9.81 %  2013               1.00          119.75           7.1999
 01005   9.81 %  2013               5.00          119.68           7.2081
 01005   9.81 %  2013               5.00          119.58           7.2198
 01005   9.81 %  2013               5.00          119.56           7.2221
 01005   9.81 %  2013               5.00          119.44           7.2362
 01005   9.81 %  2013               5.00          119.35           7.2468
 01005   9.81 %  2013               5.00          119.36           7.2456
 01005   9.81 %  2013               5.00          119.36           7.2456
 01005   9.81 %  2013               5.00          119.38           7.2433
 01005   9.81 %  2013              10.00          119.44           7.2362
 01005   9.81 %  2013               5.00          119.65           7.2116
 01005   9.81 %  2013               5.00          119.65           7.2116
 01005   9.81 %  2013              15.00          119.65           7.2116
 01005   9.81 %  2013               5.00          119.74           7.2011
 01005   9.81 %  2013              25.00          119.68           7.2081
10 01005   9.81 %  2013               5.00          119.65           7.2116
 01005   9.81 %  2013               5.00          119.69           7.2069
 01005   9.81 %  2013               5.00          119.70           7.2058
 01005   9.81 %  2013               5.00          119.75           7.1999
 01005   9.81 %  2013               5.00          119.68           7.2081
 01005   9.81 %  2013              10.00          119.70           7.2058
 01005   9.81 %  2013               5.00          119.71           7.2046
 01005   9.81 %  2013               5.00          119.67           7.2093
 01005   9.81 %  2013               5.00          119.67           7.2093
 01005   9.81 %  2013               5.00          119.65           7.2116
 01005   9.81 %  2013               5.00          119.65           7.2116
 01005   9.81 %  2013               5.00          119.63           7.2139
 01005   9.81 %  2013              10.00          119.70           7.2058
 01005   9.81 %  2013               5.00          119.69           7.2069
 01005   9.81 %  2013               5.00          119.72           7.2034
 01005   9.81 %  2013               5.00          119.69           7.2069
 01005   9.81 %  2013               5.00          119.72           7.2034
 01005   9.81 %  2013               5.00          119.72           7.2034
 01005   9.81 %  2013               5.00          119.70           7.2058
 01005   9.81 %  2013               5.00          119.71           7.2046
 01005   9.81 %  2013               5.00          119.72           7.2034
 01005   9.81 %  2013               5.00          119.70           7.2058
 01005   9.81 %  2013              10.00          119.74           7.2011
 01005   9.81 %  2013               5.00          119.70           7.2058
 01005   9.81 %  2013              10.00          119.70           7.2058
 01005   9.81 %  2013               5.00          119.70           7.2058
 01005   9.81 %  2013               5.00          119.64           7.2128
 01005   9.81 %  2013               5.00          119.68           7.2081
 01005   9.81 %  2013               5.00          119.68           7.2081
 01005   9.81 %  2013               5.00          119.70           7.2058
 01005   9.81 %  2013               5.00          119.74           7.2011
 01005   9.81 %  2013               5.00          119.70           7.2058
 01005   9.81 %  2013               5.00          119.73           7.2022
 01005   9.81 %  2013               5.00          119.75           7.1999
 01005   9.81 %  2013               5.00          119.70           7.2058
 01005   9.81 %  2013               5.00          119.70           7.2058
 01005   9.81 %  2013              10.00          119.75           7.1999
 01005   9.81 %  2013               5.00          119.70           7.2058
 01005   9.81 %  2013               5.00          119.70           7.2058
 01005   9.81 %  2013               5.00          119.72           7.2034
 01005   9.81 %  2013               5.00          119.72           7.2034
 01005   9.81 %  2013               5.00          119.72           7.2034
 01005   9.81 %  2013               5.00          119.55           7.2233
 01005   9.81 %  2013               5.00          119.55           7.2233
 01005   9.81 %  2013               5.00          119.65           7.2116
 01005   9.81 %  2013               5.00          119.70           7.2058
 01005   9.81 %  2013               5.00          119.73           7.2022
 01005   9.81 %  2013               5.00          119.75           7.1999
 01005   9.81 %  2013               5.00          119.75           7.1999
 01005   9.81 %  2013               5.00          119.65           7.2116
 01005   9.81 %  2013               5.00          119.705          7.2052
 01005   9.81 %  2013               5.00          119.64           7.2128
 01005   9.81 %  2013               5.00          119.69           7.2069
 01005   9.81 %  2013               5.00          119.64           7.2128
 01005   9.81 %  2013               5.00          119.69           7.2069
11 01005   9.81 %  2013              10.00          119.68           7.2081
 01005   9.81 %  2013               5.00          119.67           7.2093
 01005   9.81 %  2013              25.00          119.75           7.1999
 01005   9.81 %  2013               5.00          119.74           7.2011
 01005   9.81 %  2013              10.00          119.67           7.2093
 01005   9.81 %  2013               5.00          119.68           7.2081
 01005   9.81 %  2013               5.00          119.75           7.1999
 01005   9.81 %  2013               5.00          119.66           7.2104
 01005   9.81 %  2013               5.00          119.65           7.2116
 01005   9.81 %  2013               5.00          119.68           7.2081
 01005   9.81 %  2013               5.00          119.78           7.1964
 01005   9.81 %  2013               5.00          119.70           7.2058
 01005   9.81 %  2013               5.00          119.72           7.2034
 01005   9.81 %  2013               5.00          119.72           7.2034
 01005   9.81 %  2013               5.00          119.67           7.2093
 01005   9.81 %  2013               5.00          119.67           7.2093
 83004  10.00 %  2014               1.00          120.15           7.4474
 84010  10.50 %  2014               0.05          124.00           7.5129
 99020  11.83 %  2014               5.00          133.25           7.6646
 01001  10.47 %  2015               5.00          124.96           7.4197
 00009  10.79 %  2015               1.00          125.20           7.7010
 00009  10.79 %  2015               0.50          125.25           7.6958
 00015  11.43 %  2015              15.00          131.95           7.5775
 00015  11.43 %  2015               5.00          131.80           7.5923
 00015  11.43 %  2015               5.00          131.80           7.5923
 00015  11.43 %  2015               5.00          131.69           7.6032
 00015  11.43 %  2015               5.00          131.69           7.6032
 00015  11.43 %  2015               5.00          131.70           7.6022
 00015  11.43 %  2015               5.00          131.78           7.5943
 00015  11.43 %  2015               5.00          131.75           7.5973
 00015  11.43 %  2015               5.00          131.83           7.5893
 00015  11.43 %  2015               5.00          132.00           7.5725
 00015  11.43 %  2015               5.00          131.75           7.5973
 01011   9.85 %  2015               2.50          121.85           7.2823
 01011   9.85 %  2015               5.00          121.50           7.3182
 01011   9.85 %  2015               5.00          121.51           7.3172
 01011   9.85 %  2015               5.00          121.55           7.3131
 01011   9.85 %  2015               5.00          121.60           7.3080
 01011   9.85 %  2015               5.00          121.55           7.3131
 01011   9.85 %  2015               5.00          121.65           7.3028
 01011   9.85 %  2015               5.00          121.57           7.3110
 01011   9.85 %  2015               5.00          121.60           7.3080
 01011   9.85 %  2015               5.00          121.60           7.3080
 01011   9.85 %  2015               5.00          121.50           7.3182
 01011   9.85 %  2015               5.00          121.50           7.3182
 01011   9.85 %  2015              10.00          121.49           7.3193
 01011   9.85 %  2015               5.00          121.52           7.3162
 01011   9.85 %  2015               5.00          121.50           7.3182
 01011   9.85 %  2015               5.00          121.50           7.3182
 01011   9.85 %  2015               5.00          121.60           7.3080
 01011   9.85 %  2015               0.50          121.60           7.3080
 01011   9.85 %  2015               5.00          121.38           7.3306
 01011   9.85 %  2015               5.00          121.30           7.3388
 01011   9.85 %  2015              10.00          121.30           7.3388
 01011   9.85 %  2015               5.00          121.28           7.3409
12 01011   9.85 %  2015               5.00          121.30           7.3388
 01011   9.85 %  2015               5.00          121.50           7.3182
 01011   9.85 %  2015               5.00          121.57           7.3110
 01011   9.85 %  2015               5.00          121.54           7.3141
 01011   9.85 %  2015              10.00          121.48           7.3203
 01011   9.85 %  2015               5.00          121.52           7.3162
 01011   9.85 %  2015               5.00          121.47           7.3213
 01011   9.85 %  2015               5.00          121.47           7.3213
 01011   9.85 %  2015               5.00          121.48           7.3203
 01011   9.85 %  2015               5.00          121.56           7.3121
 01011   9.85 %  2015               5.00          121.49           7.3193
 01011   9.85 %  2015               5.00          121.51           7.3172
 01011   9.85 %  2015               5.00          121.60           7.3080
 01011   9.85 %  2015               5.00          121.49           7.3193
 01011   9.85 %  2015               1.00          121.60           7.3080
 01011   9.85 %  2015               1.00          121.59           7.3090
 01011   9.85 %  2015               5.00          121.52           7.3162
 01011   9.85 %  2015               5.00          121.56           7.3121
 01011   9.85 %  2015               1.00          121.59           7.3090
 01011   9.85 %  2015               5.00          121.50           7.3182
 01011   9.85 %  2015               5.00          121.52           7.3162
 01011   9.85 %  2015              10.00          121.53           7.3151
 01011   9.85 %  2015               5.00          121.45           7.3234
 01011   9.85 %  2015               1.50          122.25           7.2414
 01011   9.85 %  2015               0.50          121.60           7.3080
 01011   9.85 %  2015               5.00          121.53           7.3151
 01011   9.85 %  2015               0.50          121.70           7.2977
 01011   9.85 %  2015               5.00          121.52           7.3162
 01011   9.85 %  2015              10.00          121.51           7.3172
 01011   9.85 %  2015               5.00          121.52           7.3162
 01011   9.85 %  2015               5.00          121.48           7.3203
 01011   9.85 %  2015               5.00          121.55           7.3131
 01011   9.85 %  2015               5.00          121.53           7.3151
 01011   9.85 %  2015               5.00          121.50           7.3182
 01011   9.85 %  2015               5.00          121.75           7.2926
 01011   9.85 %  2015               5.00          121.51           7.3172
 01011   9.85 %  2015               5.00          121.50           7.3182
 01011   9.85 %  2015               5.00          121.56           7.3121
 01011   9.85 %  2015               5.00          121.50           7.3182
 01011   9.85 %  2015               5.00          121.52           7.3162
 01011   9.85 %  2015               5.00          121.53           7.3151
 01011   9.85 %  2015               5.00          121.55           7.3131
 01011   9.85 %  2015               5.00          121.50           7.3182
 01011   9.85 %  2015               0.75          121.55           7.3131
 01011   9.85 %  2015               0.32          121.95           7.2721
 01011   9.85 %  2015               5.00          121.53           7.3151
 01011   9.85 %  2015              10.00          121.53           7.3151
 01011   9.85 %  2015               5.00          121.55           7.3131
 01011   9.85 %  2015               5.00          121.51           7.3172
 01011   9.85 %  2015               1.50          122.25           7.2414
 01011   9.85 %  2015               5.00          121.50           7.3182
 01011   9.85 %  2015               5.00          121.50           7.3182
 01011   9.85 %  2015               5.00          121.41           7.3275
 01011   9.85 %  2015               5.00          121.30           7.3388
 01011   9.85 %  2015               5.00          121.56           7.3121
13 01011   9.85 %  2015              10.00          121.50           7.3182
 01011   9.85 %  2015              15.00          121.53           7.3151
 01011   9.85 %  2015               5.00          121.52           7.3162
 01003  10.71 %  2016               5.00          128.40           7.4179
 01003  10.71 %  2016               5.00          128.050          7.4519
 01003  10.71 %  2016               5.00          128.10           7.4471
 01003  10.71 %  2016               5.00          128.050          7.4519
 01003  10.71 %  2016               5.00          128.00           7.4568
 01003  10.71 %  2016               5.00          127.97           7.4597
 01003  10.71 %  2016               5.00          128.050          7.4519
 01003  10.71 %  2016               5.00          128.020          7.4548
 01003  10.71 %  2016               5.00          128.00           7.4568
 02001   8.07 %  2017               5.00          107.90           7.1909
 02001   8.07 %  2017               5.00          107.77           7.2046
 02001   8.07 %  2017               5.00          107.55           7.2279
 02001   8.07 %  2017               5.00          107.65           7.2173
 02001   8.07 %  2017               5.00          107.56           7.2268
 02001   8.07 %  2017               5.00          107.62           7.2205
 02001   8.07 %  2017               5.00          107.60           7.2226
 02001   8.07 %  2017               5.00          107.56           7.2268
 02001   8.07 %  2017               5.00          107.64           7.2184
 02001   8.07 %  2017               5.00          107.46           7.2374
 02001   8.07 %  2017               5.00          107.50           7.2332
 02001   8.07 %  2017               5.00          107.45           7.2385
 02001   8.07 %  2017               5.00          107.45           7.2385
 02001   8.07 %  2017               5.00          107.45           7.2385
 02001   8.07 %  2017               5.00          107.47           7.2363
 02001   8.07 %  2017               5.00          107.35           7.2490
 02001   8.07 %  2017              10.00          107.53           7.2300
 02001   8.07 %  2017               5.00          107.60           7.2226
 02001   8.07 %  2017               5.00          107.60           7.2226
 02001   8.07 %  2017               5.00          107.55           7.2279
 02001   8.07 %  2017               5.00          107.52           7.2310
 02001   8.07 %  2017               5.00          107.52           7.2310
 02001   8.07 %  2017               5.00          107.60           7.2226
 02001   8.07 %  2017               0.50          107.75           7.2067
 02001   8.07 %  2017               1.00          107.50           7.2332
 02001   8.07 %  2017               5.00          107.64           7.2184
 02001   8.07 %  2017               0.50          107.50           7.2332
 02001   8.07 %  2017               1.00          107.70           7.2120
 02001   8.07 %  2017               5.00          107.57           7.2258
 02001   8.07 %  2017              10.00          107.52           7.2310
 02001   8.07 %  2017               5.00          107.51           7.2321
 02001   8.07 %  2017              10.00          107.52           7.2310
 02001   8.07 %  2017               5.00          107.57           7.2258
 02001   8.07 %  2017               5.00          107.51           7.2321
 02001   8.07 %  2017               2.00          107.58           7.2247
 02001   8.07 %  2017               1.00          107.60           7.2226
 02001   8.07 %  2017               5.00          107.50           7.2332
 02001   8.07 %  2017               0.30          107.60           7.2226
 02001   8.07 %  2017               5.00          107.55           7.2279
 02001   8.07 %  2017               5.00          107.54           7.2289
 02001   8.07 %  2017               5.00          107.45           7.2385
 02001   8.07 %  2017               5.00          107.55           7.2279
 02001   8.07 %  2017               5.00          107.55           7.2279
14 02001   8.07 %  2017               5.00          107.51           7.2321
 02001   8.07 %  2017               5.00          107.50           7.2332
 02001   8.07 %  2017               5.00          107.52           7.2310
 02001   8.07 %  2017               5.00          107.52           7.2310
 02001   8.07 %  2017               1.00          107.70           7.2120
 02001   8.07 %  2017               1.00          107.70           7.2120
 02001   8.07 %  2017               0.50          107.50           7.2332
 02001   8.07 %  2017               1.00          107.40           7.2437
 02001   8.07 %  2017               0.50          107.83           7.1983
 02001   8.07 %  2017               0.10          107.90           7.1909
 02001   8.07 %  2017               5.00          107.50           7.2332
 02001   8.07 %  2017               0.50          108.80           7.0967
 02001   8.07 %  2017               5.00          107.55           7.2279
 02001   8.07 %  2017               5.00          107.55           7.2279
 02001   8.07 %  2017               5.00          107.55           7.2279
 02001   8.07 %  2017              10.00          107.51           7.2321
 02001   8.07 %  2017               5.00          107.52           7.2310
 02001   8.07 %  2017               5.00          107.55           7.2279
 02001   8.07 %  2017               5.00          107.95           7.1857
 02001   8.07 %  2017               5.00          107.35           7.2490
 02001   8.07 %  2017               5.00          107.50           7.2332
 01004  10.45 %  2018               0.50          126.90           7.5332
 01008  10.03 %  2019               5.00          121.30           7.7705
 01008  10.03 %  2019               1.00          122.70           7.6430
 01006  10.25 %  2021              25.00          125.30           7.7000
 01006  10.25 %  2021              60.00          125.30           7.7000
 01006  10.25 %  2021              25.00          125.30           7.7000
 01006  10.25 %  2021             165.00          125.30           7.7000
 01006  10.25 %  2021              25.00          125.30           7.7000
 01006  10.25 %  2021              50.00          125.30           7.7000
 01006  10.25 %  2021              50.00          125.30           7.7000
 01006  10.25 %  2021              50.00          125.30           7.7000
 01006  10.25 %  2021              30.00          125.30           7.7000
 01006  10.25 %  2021             980.00          125.30           7.7000
 01006  10.25 %  2021              75.00          125.30           7.7000
 01006  10.25 %  2021              10.00          125.30           7.7000
 01006  10.25 %  2021               5.00          125.30           7.7000
 01006  10.25 %  2021              50.00          125.30           7.7000
 01006  10.25 %  2021              15.00          125.30           7.7000
 01006  10.25 %  2021              20.00          125.30           7.7000
 01006  10.25 %  2021              25.00          125.30           7.7000
 01006  10.25 %  2021              40.00          125.30           7.7000
 01006  10.25 %  2021              50.00          125.30           7.7000
 01006  10.25 %  2021               5.00          125.30           7.7000
 01006  10.25 %  2021              25.00          125.30           7.7000
 01006  10.25 %  2021              50.00          125.30           7.7000
 01006  10.25 %  2021              30.00          125.30           7.7000
 01006  10.25 %  2021              25.00          125.30           7.7000
 01006  10.25 %  2021              30.00          125.30           7.7000
 01006  10.25 %  2021              20.00          125.30           7.7000
 01006  10.25 %  2021              40.00          125.30           7.7000
 01006  10.25 %  2021              25.00          125.30           7.7000
 01006  10.25 %  2021              10.00          126.00           7.6408
 01006  10.25 %  2021               5.00          126.06           7.6358
 01006  10.25 %  2021               5.00          125.95           7.6450
15 01006  10.25 %  2021               5.00          126.00           7.6408
 01006  10.25 %  2021               5.00          126.05           7.6366
 01006  10.25 %  2021               5.00          125.85           7.6534
 01006  10.25 %  2021              20.00          125.65           7.6703
 01006  10.25 %  2021               5.00          125.70           7.6661
 01006  10.25 %  2021              10.00          125.70           7.6661
 01006  10.25 %  2021               5.00          125.70           7.6661
 01006  10.25 %  2021               5.00          125.50           7.6830
 01006  10.25 %  2021               5.00          125.65           7.6703
 01006  10.25 %  2021               5.00          125.60           7.6746
 01006  10.25 %  2021               5.00          125.65           7.6703
 01006  10.25 %  2021               5.00          125.61           7.6737
 01006  10.25 %  2021               5.00          125.60           7.6746
 01006  10.25 %  2021               5.00          125.63           7.6720
 01006  10.25 %  2021               5.00          125.65           7.6703
 01006  10.25 %  2021               5.00          125.67           7.6686
 01006  10.25 %  2021               5.00          126.02           7.6391
 01006  10.25 %  2021               5.00          125.60           7.6746
 01006  10.25 %  2021               5.00          125.65           7.6703
 01006  10.25 %  2021               0.50          125.72           7.6644
 01006  10.25 %  2021               5.00          125.65           7.6703
 01006  10.25 %  2021               5.00          125.60           7.6746
 01006  10.25 %  2021               5.00          125.60           7.6746
 01006  10.25 %  2021               5.00          125.65           7.6703
 01006  10.25 %  2021               5.00          125.60           7.6746
 01006  10.25 %  2021               0.50          125.72           7.6644
 01006  10.25 %  2021               0.25          126.55           7.5947
 01006  10.25 %  2021               5.00          125.55           7.6788
 01006  10.25 %  2021               5.00          125.55           7.6788
 01006  10.25 %  2021               5.00          125.55           7.6788
 01006  10.25 %  2021              10.00          125.60           7.6746
 01006  10.25 %  2021               5.00          125.62           7.6729
 01006  10.25 %  2021               5.00          125.70           7.6661
 01006  10.25 %  2021              15.00          125.70           7.6661
 01006  10.25 %  2021              10.00          125.70           7.6661
 01006  10.25 %  2021              15.00          125.60           7.6746
 01006  10.25 %  2021               5.00          125.65           7.6703
 01010  10.18 %  2026               0.40          127.30           7.6854
 01010  10.18 %  2026               1.00          126.55           7.7421
 01010  10.18 %  2026               0.25          127.05           7.7043
 01010  10.18 %  2026               5.00          127.33           7.6832
 01010  10.18 %  2026               0.25          126.75           7.7270
 01010  10.18 %  2026               0.15          127.20           7.6930
     Total                       8776.72
B. State Government Securities
          Contract Date : April 08, 2002
 02235 8.00% GUJRAT SDL 2012        0.50          102.05          7.6996
          Contract Date : April 09, 2002
 94202 12.50% ANDHRA PRADESH SDL
       2004                         5.00          108.81          7.7522
 95213 14.00% MAHARASHTRA S.D.L.
       2005                         1.78          113.05          9.0910
 96217 13.85% MAHARASHTRA SDL
       2006                         2.88          116.30          9.0007
16 97213 13.75 % MAHARASHTRA SDL
       2007                         0.0563        118.05          9.0100
 97218 13.75 % ORISSA SDL 2007      1.3073        115.19          9.6939
 97238 13.05% MAHARASHTRA SDL
       2007                         3.60          116.20          8.9902
 97243 13.05% ORISSA GOVT LOAN
       2007                         3.55          113.50          9.6134
 92215 13.00% MAHARASHTRA S.D.
       2007                         0.90          116.05          9.0964
 92219 13.00% ORISSA GOVT. 2007     0.40          114.00          9.5533
 97254 12.30%GUJARAT STATE
       DEVELOPMENT LOAN 2007        0.5285        121.29          7.4987
 97258 12.30%KERALA STATE
       DEVELOPMENT LOAN 2007        1.377         121.29          7.4987
 99216 12.25% MAHARASHTRA SDL
       2009                         0.72          115.05          9.2865
 99241 11.85% MAHARASTRA SDL
       2009                         0.3186        113.55          9.2782
 00234 10.52% TAMILNADU SDL 2010   20.00          116.02          7.8001
 00222 10.52% KARNATAKA SDL 2010   10.00          116.02          7.8001
 02235 8.00% GUJRAT SDL 2012        0.25          102.25          7.6708
     Total                         53.1677
C. Treasury Bills
   (i) 14 Day Bills (Maturity-wise)
       (DD/MM/YYYY)
                                           NIL
   (ii) 91 Day Bills (Maturity-wise)
       (DD/MM/YYYY)
          Contract Date : April 08, 2002
        29/06/2002                 10.00           98.7033         5.8317
        29/06/2002                 15.00           98.7076         5.8121
          Contract Date : April 09, 2002
        12/04/2002                  7.35           99.9507         5.9847
        19/04/2002                  3.00           99.8300         6.1985
        10/05/2002                  6.50           99.4800         6.1377
        07/06/2002                 20.00           99.0500         5.9172
        14/06/2002                 10.00           98.9400         5.9087
        14/06/2002                 20.00           98.9400         5.9087
     Total                         91.85
   (iii) 182 Day Bills (Maturity-wise)
       (DD/MM/YYYY)
                                           NIL
   (iv) 364 Day Bills (Maturity-wise)
       (DD/MM/YYYY)
          Contract Date : April 08, 2002
        28/06/2002                 15.00           98.7127         5.8603
        07/03/2003                  1.95           95.2356         5.4685
        04/04/2003                 40.00           94.4128         5.9670
          Contract Date : April 09, 2002
        23/08/2002                  4.20           97.8100         5.9927
        18/10/2002                  4.00          100.0000         0.0000
        18/10/2002                  2.00          100.0000         0.0000
        18/10/2002                 15.00           96.9009         6.0633
        18/10/2002                  2.30           96.8910         6.0833
17        01/11/2002                  5.00           96.6824         6.0633
        30/11/2002                  5.00          100.0000         0.0000
        30/11/2002                 10.00          100.0000         0.0000
        30/11/2002                  1.80          100.0000         0.0000
        27/12/2002                 10.00          100.0000         0.0000
     Total                        116.25
II.  REPO Transactions *
    (Other than with RBI)
---------------------------------------------------------------------------
 Loan  Nomenclature                Amount      Price *   Repo Rate   Repo
 Code                            (Face Value) Per Rs.100   (%pa)    Period
                                 (in Rs.Crore) Nominal              (Days)
           (1)                      (2)          (3)        (4)      (5)
---------------------------------------------------------------------------
A. Government of India Dated Securities
 94003  12.50 %  2004              50.00      111.50        6.50       1
 94003  12.50 %  2004             100.00      111.50        6.00       2
 00007   9.90 %  2005              25.00      109.85        6.05       1
 00007   9.90 %  2005              25.00      109.85        6.05       1
 00007   9.90 %  2005             132.00      109.80        6.00       1
 00007   9.90 %  2005              28.00      109.80        5.90       1
 00007   9.90 %  2005              25.00      109.85        6.05       1
 00007   9.90 %  2005              25.00      109.85        6.05       1
 00007   9.90 %  2005              25.00      109.85        6.05       1
 00011  10.20 %  2005              10.00      111.30        6.05       1
 00011  10.20 %  2005               6.00      111.30        6.05       1
 00011  10.20 %  2005              10.00      111.30        6.05       1
 00011  10.20 %  2005              10.00      111.30        6.05       1
 00011  10.20 %  2005              10.00      111.30        6.05       1
 97010  11.19 %  2005              20.00      114.55        6.10       2
 97010  11.19 %  2005              20.00      114.55        6.10       1
 00013  11.00 %  2006              50.00      117.00        5.70       1
 00013  11.00 %  2006              55.00      117.00        6.00       1
 00013  11.00 %  2006              55.00      117.00        6.00       1
 00013  11.00 %  2006              55.00      117.00        6.00       1
 00016  11.40 %  2008               5.00      111.00        7.30       3
 00016  11.40 %  2008              10.00      123.65        6.10       1
 00016  11.40 %  2008              25.00      123.85        6.10       2
 00016  11.40 %  2008              25.00      123.65        6.10       2
 02005   6.65 %  2009              10.00      100.00        6.00       1
 02005   6.65 %  2009              25.00       99.70        5.85       2
 02005   6.65 %  2009              10.00      100.00        6.00       1
 02005   6.65 %  2009              10.00      100.00        6.00       1
 02005   6.65 %  2009              10.00      100.00        6.00       1
 02005   6.65 %  2009              10.00      100.00        6.00       1
 01013   6.98 %  2009              50.00      100.00        5.90       1
 01013   6.98 %  2009              50.00      100.00        5.90       1
 01013   6.98 %  2009              50.00      100.00        5.90       1
 01013   6.98 %  2009              50.00      100.00        5.90       1
 01013   6.98 %  2009              50.00      100.00        5.90       1
 01013   6.98 %  2009              50.00      100.00        5.90       1
 01013   6.98 %  2009              50.00      100.00        5.90       1
 01013   6.98 %  2009              50.00      100.00        5.90       1
 01013   6.98 %  2009              50.00      100.00        5.90       1
18 01013   6.98 %  2009              50.00      100.00        5.90       1
 01013   6.98 %  2009              50.00      100.00        5.90       1
 01013   6.98 %  2009              50.00      100.00        5.90       1
 01013   6.98 %  2009              50.00      100.00        5.90       1
 01013   6.98 %  2009              50.00      100.00        5.90       1
 01013   6.98 %  2009              50.00      100.00        5.90       1
 01013   6.98 %  2009              50.00      100.00        5.90       1
 01013   6.98 %  2009              50.00      100.00        5.90       1
 01013   6.98 %  2009              50.00      100.00        5.90       1
 01013   6.98 %  2009              50.00      100.00        5.90       1
 01013   6.98 %  2009              50.00      100.00        5.90       1
 01013   6.98 %  2009              50.00      100.00        5.90       1
 01013   6.98 %  2009              50.00      100.00        5.90       1
 01007   9.39 %  2011              25.00      115.10        6.50       1
 01007   9.39 %  2011              25.00      115.10        6.50       1
 01007   9.39 %  2011              25.00      115.10        6.50       1
 01007   9.39 %  2011              25.00      115.10        6.50       1
 01007   9.39 %  2011              25.00      115.10        6.50       1
 00017  11.50 %  2011              50.00      129.60        6.50       1
 00017  11.50 %  2011               5.00      129.25        8.00       6
 02006   6.85 %  2012              15.00       99.75        6.00       1
 02006   6.85 %  2012              10.00       99.75        6.05       1
 02006   6.85 %  2012              10.00       99.75        6.05       1
 02006   6.85 %  2012              10.00       99.75        6.05       1
 02006   6.85 %  2012              10.00       99.75        6.05       1
 02006   6.85 %  2012              10.00       99.75        6.05       1
 02006   6.85 %  2012              10.00       99.75        6.05       1
 02006   6.85 %  2012              10.00       99.75        6.05       1
 00012  11.03 %  2012              50.00      127.50        6.50       1
 01009   9.40 %  2012              25.00      116.10        6.50       1
 01009   9.40 %  2012              25.00      116.10        6.50       1
 01009   9.40 %  2012              25.00      116.10        6.50       1
 01009   9.40 %  2012              25.00      116.10        6.50       1
 01009   9.40 %  2012              25.00      116.10        6.50       1
 01005   9.81 %  2013              25.00      119.60        6.50       1
 01005   9.81 %  2013              25.00      119.60        6.50       1
 01005   9.81 %  2013              25.00      119.60        6.50       1
 01005   9.81 %  2013              25.00      119.60        6.50       1
 01001  10.47 %  2015               5.00      112.00        7.30       3
 00015  11.43 %  2015               5.00      131.25        8.00       6
 01003  10.71 %  2016              10.00      125.00        7.00       1
 99019  12.30 %  2016              25.00      135.00        6.00       1
 02001   8.07 %  2017               4.50       97.00        7.30       3
 98025  12.60 %  2018(ON TAP)       5.00      140.00        8.00       6
 01008  10.03 %  2019              10.00      123.20        6.05       1
 01008  10.03 %  2019              10.00      123.20        6.05       1
 01008  10.03 %  2019              10.00      123.20        6.05       1
 00018  11.60 %  2020               5.00      136.50        8.00       6
 01006  10.25 %  2021              10.00      123.60        7.00       1
     Total                       2615.50
B. State Government Securities
                                           NIL
C. Treasury Bills
   (i) 14 Day Bills (Maturity-wise)
19      (DD/MM/YYYY)
                                           NIL
   (ii) 91 Day Bills (Maturity-wise)
      (DD/MM/YYYY)
                                           NIL
   (iii) 182 Day Bills (Maturity-wise)
      (DD/MM/YYYY)
                                           NIL
   (iv) 364 Day Bills (Maturity-wise)
       (DD/MM/YYYY)
        18/04/2002                 15.00       99.8461      6.05       1
        04/10/2002                 40.00       97.0400      6.10       1
        04/10/2002                 40.00       97.0400      6.10       1
        18/10/2002                 20.00       96.8200      6.10       1
        13/12/2002                 25.00       95.9264      6.10       1
        13/12/2002                 25.00       95.9264      6.10       1
     Total                        165.00
---------------------------------------------------------------------------
  * Relate to the first leg of Repos
  # YTM(indicative) will depend upon assumed rate of inflation
Date :  09 April 2002
20