Subsidiary General Ledger Account Transactions
in Government Dated Securities and Treasury Bills
at RBI, Mumbai on 03 July 2002
---------------------------------------------------------------------------
 Loan  Nomenclature              Amount           Price *        YTM %
 Code                            (Face Value)     Per Rs.100   Indicative
                                 (in Rs.Crore)    nominal
---------------------------------------------------------------------------
I.  Outright Transactions
A.Government of India Dated Securities
          Contract Date : July 02, 2002
 95006  14.00 %  2005               2.70          117.90           7.1248
 00016  11.40 %  2008              20.00          120.66           7.1876
 02010   7.55 %  2010               5.00          101.60           7.2771
 02010   7.55 %  2010              25.00          101.56           7.2838
 02010   7.55 %  2010              25.00          101.56           7.2838
 02010   7.55 %  2010              50.00          101.56           7.2838
 02010   7.55 %  2010              25.00          101.55           7.2854
 01007   9.39 %  2011              25.00          111.75           7.5662
 00017  11.50 %  2011               5.00          126.42           7.5245
 02009   7.40 %  2012               5.00           99.75           7.4341
 02009   7.40 %  2012               5.00           99.78           7.4298
 01011   9.85 %  2015               5.00          117.36           7.7336
 02001   8.07 %  2017               5.00          102.85           7.7394
 02007   7.49 %  2017               0.75           98.65           7.6420
 02012   6.84 %  2017              25.00          100.00           6.8400
 02012   6.84 %  2017              50.00          100.00           6.8400
 02012   6.84 %  2017              25.00          100.00           6.8400
 02012   6.84 %  2017              25.00          100.00           6.8400
 01006  10.25 %  2021              25.00          120.50           8.1104
          Contract Date : July 03, 2002
 94003  12.50 %  2004               5.00          109.53           6.5434
 94003  12.50 %  2004               0.10          109.60           6.5024
 94003  12.50 %  2004              10.00          109.59           6.5083
 94003  12.50 %  2004              20.00          109.59           6.5083
 94003  12.50 %  2004               5.00          109.59           6.5083
 94003  12.50 %  2004               5.00          109.59           6.5083
 94003  12.50 %  2004               5.00          109.61           6.4966
 94003  12.50 %  2004              10.00          109.60           6.5024
 94003  12.50 %  2004              50.00          109.59           6.5083
 94003  12.50 %  2004              40.00          109.60           6.5024
 94003  12.50 %  2004              25.00          109.60           6.5024
 94003  12.50 %  2004              25.00          109.60           6.5024
 95006  14.00 %  2005               1.8095        117.90           7.1193
 97010  11.19 %  2005               5.00          112.50           6.6655
 95012  14.00 %  2005(INSTA         1.00          119.28           7.1244
 99008  11.68 %  2006               5.00          115.89           6.8209
 99008  11.68 %  2006               5.00          115.95           6.8042
 99008  11.68 %  2006               5.00          116.00           6.7903
 99008  11.68 %  2006               5.00          116.00           6.7903
 99008  11.68 %  2006               5.00          116.00           6.7903 99008  11.68 %  2006               5.00          116.00           6.7903
 98009  11.90 %  2007               5.00          120.00           7.0058
 98009  11.90 %  2007               5.00          120.00           7.0058
 98009  11.90 %  2007               5.00          120.00           7.0058
 98009  11.90 %  2007              10.00          120.05           6.9949
 98009  11.90 %  2007              10.00          120.04           6.9971
 98009  11.90 %  2007              30.00          120.05           6.9949
 00016  11.40 %  2008              15.00          120.70           7.1791
 00016  11.40 %  2008               5.00          120.71           7.1773
 00016  11.40 %  2008               5.00          120.70           7.1791
 00016  11.40 %  2008              10.00          120.67           7.1845
 00016  11.40 %  2008              10.00          120.70           7.1791
 00016  11.40 %  2008               5.00          120.66           7.1863
 00016  11.40 %  2008               5.00          120.71           7.1773
 00016  11.40 %  2008               5.00          120.81           7.1592
 00016  11.40 %  2008               5.00          120.80           7.1610
 00016  11.40 %  2008               5.00          120.80           7.1610
 00016  11.40 %  2008               5.00          120.81           7.1592
 00016  11.40 %  2008               5.00          120.87           7.1484
 00016  11.40 %  2008               5.00          120.87           7.1484
 00016  11.40 %  2008               5.00          120.84           7.1538
 00016  11.40 %  2008               5.00          120.81           7.1592
 00016  11.40 %  2008              10.00          120.76           7.1683
 00016  11.40 %  2008               5.00          120.89           7.1448
 00016  11.40 %  2008               5.00          120.86           7.1502
 00016  11.40 %  2008               5.00          120.89           7.1448
 00016  11.40 %  2008               5.00          120.87           7.1484
 00016  11.40 %  2008               5.00          120.85           7.1520
 00016  11.40 %  2008               5.00          120.80           7.1610
 00016  11.40 %  2008               5.00          120.80           7.1610
 00016  11.40 %  2008              10.00          120.87           7.1484
 00016  11.40 %  2008              20.00          120.88           7.1466
 00016  11.40 %  2008               5.00          120.85           7.1520
 00016  11.40 %  2008               5.00          120.80           7.1610
 00016  11.40 %  2008               5.00          120.81           7.1592
 00016  11.40 %  2008               5.00          120.82           7.1574
 00016  11.40 %  2008               5.00          120.80           7.1610
 00016  11.40 %  2008               5.00          120.85           7.1520
 00016  11.40 %  2008               5.00          120.80           7.1610
 00016  11.40 %  2008               5.00          120.87           7.1484
 00016  11.40 %  2008               5.00          120.85           7.1520
 00016  11.40 %  2008               5.00          120.80           7.1610
 98023  12.25 %  2008               1.00          121.83           7.7346
 02005   6.65 %  2009               5.00           96.28           7.3558
 02005   6.65 %  2009               5.00           96.50           7.3130
 02005   6.65 %  2009              20.00           96.60           7.2935
 02005   6.65 %  2009               5.00           96.75           7.2645
 02005   6.65 %  2009              10.00           96.75           7.2645
 02005   6.65 %  2009              15.00           96.10           7.3909
 02005   6.65 %  2009               5.00           96.10           7.3909
 02005   6.65 %  2009              25.00           96.70           7.2741
 99006  11.99 %  2009               5.00          123.67           7.4631
 99006  11.99 %  2009               5.00          123.78           7.4448
 99006  11.99 %  2009               5.00          123.75           7.4497
 99006  11.99 %  2009               5.00          123.75           7.4497
 99006  11.99 %  2009               5.00          123.75           7.4497
 99006  11.99 %  2009              10.00          123.65           7.4664 99006  11.99 %  2009               5.00          123.80           7.4414
 99006  11.99 %  2009               5.00          123.95           7.4165
 99006  11.99 %  2009              15.00          123.93           7.4198
 99006  11.99 %  2009               5.00          123.97           7.4132
 99006  11.99 %  2009               5.00          123.96           7.4148
 99006  11.99 %  2009               5.00          123.90           7.4248
 99006  11.99 %  2009               5.00          123.95           7.4165
 99006  11.99 %  2009               5.00          123.90           7.4248
 99006  11.99 %  2009               5.00          123.95           7.4165
 99006  11.99 %  2009               5.00          123.97           7.4132
 99006  11.99 %  2009              10.00          123.92           7.4215
 99006  11.99 %  2009               5.00          123.94           7.4182
 99006  11.99 %  2009               5.00          123.95           7.4165
 99006  11.99 %  2009               5.00          123.96           7.4148
 99006  11.99 %  2009               5.00          123.92           7.4215
 99006  11.99 %  2009              25.00          123.95           7.4165
 99006  11.99 %  2009               5.00          123.91           7.4231
 99006  11.99 %  2009               5.00          123.98           7.4115
 02010   7.55 %  2010              10.00          101.57           7.2820
 02010   7.55 %  2010              10.00          101.58           7.2803
 02010   7.55 %  2010               5.00          101.55           7.2853
 02010   7.55 %  2010               5.00          101.60           7.2770
 02010   7.55 %  2010               5.00          101.60           7.2770
 02010   7.55 %  2010               5.00          101.57           7.2820
 02010   7.55 %  2010               5.00          101.65           7.2686
 02010   7.55 %  2010              20.00          101.57           7.2820
 02010   7.55 %  2010               5.00          101.57           7.2820
 02010   7.55 %  2010               5.00          101.56           7.2837
 02010   7.55 %  2010               5.00          101.54           7.2870
 02010   7.55 %  2010               5.00          101.62           7.2736
 02010   7.55 %  2010              20.00          101.56           7.2837
 02010   7.55 %  2010               5.00          101.61           7.2753
 02010   7.55 %  2010               5.00          101.56           7.2837
 02010   7.55 %  2010              10.00          101.55           7.2853
 02010   7.55 %  2010               5.00          101.55           7.2853
 02010   7.55 %  2010               5.00          101.62           7.2736
 02010   7.55 %  2010              20.00          101.55           7.2853
 02010   7.55 %  2010               5.00          101.60           7.2770
 02010   7.55 %  2010               5.00          101.60           7.2770
 02010   7.55 %  2010               5.00          101.62           7.2736
 02010   7.55 %  2010               5.00          101.59           7.2786
 02010   7.55 %  2010               5.00          101.62           7.2736
 02010   7.55 %  2010               5.00          101.60           7.2770
 02010   7.55 %  2010               5.00          101.62           7.2736
 02010   7.55 %  2010               5.00          101.62           7.2736
 02010   7.55 %  2010               5.00          101.63           7.2719
 02010   7.55 %  2010               5.00          101.58           7.2803
 02010   7.55 %  2010               5.00          101.54           7.2870
 02010   7.55 %  2010               5.00          101.62           7.2736
 02010   7.55 %  2010               5.00          101.63           7.2719
 02010   7.55 %  2010              10.00          101.60           7.2770
 02010   7.55 %  2010               5.00          101.64           7.2703
 02010   7.55 %  2010               5.00          101.64           7.2703
 02010   7.55 %  2010               5.00          101.64           7.2703
 02010   7.55 %  2010              10.00          101.60           7.2770
 02010   7.55 %  2010               5.00          101.62           7.2736
 02010   7.55 %  2010               5.00          101.62           7.2736 02010   7.55 %  2010               0.50          101.46           7.3004
 02010   7.55 %  2010              10.00          101.60           7.2770
 02010   7.55 %  2010               5.00          101.66           7.2669
 02010   7.55 %  2010               5.00          101.68           7.2636
 02010   7.55 %  2010               5.00          101.70           7.2602
 02010   7.55 %  2010               5.00          101.68           7.2636
 02010   7.55 %  2010               5.00          101.60           7.2770
 02010   7.55 %  2010               5.00          101.70           7.2602
 02010   7.55 %  2010              10.00          101.67           7.2652
 02010   7.55 %  2010               5.00          101.63           7.2719
 02010   7.55 %  2010               5.00          101.65           7.2686
 02010   7.55 %  2010              10.00          101.65           7.2686
 02010   7.55 %  2010               5.00          101.72           7.2569
 02010   7.55 %  2010               5.00          101.62           7.2736
 02010   7.55 %  2010               5.00          101.61           7.2753
 02010   7.55 %  2010              10.00          101.62           7.2736
 02010   7.55 %  2010               5.00          101.64           7.2703
 02010   7.55 %  2010               5.00          101.64           7.2703
 02010   7.55 %  2010               5.00          101.70           7.2602
 02010   7.55 %  2010              10.00          101.69           7.2619
 02010   7.55 %  2010               5.00          101.70           7.2602
 02010   7.55 %  2010               5.00          101.65           7.2686
 02010   7.55 %  2010               5.00          101.62           7.2736
 02010   7.55 %  2010              10.00          101.65           7.2686
 02010   7.55 %  2010               0.25          101.58           7.2803
 02010   7.55 %  2010               5.00          101.65           7.2686
 02010   7.55 %  2010               5.00          101.63           7.2719
 02010   7.55 %  2010               5.00          101.67           7.2652
 02010   7.55 %  2010               5.00          101.70           7.2602
 02010   7.55 %  2010               5.00          101.70           7.2602
 02010   7.55 %  2010               5.00          101.64           7.2703
 02010   7.55 %  2010               5.00          101.65           7.2686
 02010   7.55 %  2010               5.00          101.67           7.2652
 02010   7.55 %  2010               5.00          101.62           7.2736
 02010   7.55 %  2010               5.00          101.70           7.2602
 02010   7.55 %  2010               5.00          101.70           7.2602
 02010   7.55 %  2010               5.00          101.64           7.2703
 02010   7.55 %  2010              10.00          101.70           7.2602
 02010   7.55 %  2010              10.00          101.65           7.2686
 02010   7.55 %  2010               5.00          101.69           7.2619
 02010   7.55 %  2010               5.00          101.64           7.2703
 02010   7.55 %  2010               5.00          101.63           7.2719
 02010   7.55 %  2010               5.00          101.62           7.2736
 02010   7.55 %  2010               5.00          101.62           7.2736
 02010   7.55 %  2010               5.00          101.63           7.2719
 02010   7.55 %  2010               5.00          101.63           7.2719
 02010   7.55 %  2010               5.00          101.67           7.2652
 02010   7.55 %  2010               5.00          101.62           7.2736
 02010   7.55 %  2010              10.00          101.72           7.2569
 02010   7.55 %  2010               5.00          101.69           7.2619
 02010   7.55 %  2010               5.00          101.63           7.2719
 02010   7.55 %  2010               5.00          101.64           7.2703
 02010   7.55 %  2010               5.00          101.70           7.2602
 02010   7.55 %  2010               5.00          101.63           7.2719
 02010   7.55 %  2010               5.00          101.65           7.2686
 02010   7.55 %  2010               5.00          101.69           7.2619
 02010   7.55 %  2010               5.00          101.67           7.2652 02010   7.55 %  2010               5.00          101.72           7.2569
 02010   7.55 %  2010              10.00          101.70           7.2602
 02010   7.55 %  2010               5.00          101.65           7.2686
 02010   7.55 %  2010              10.00          101.67           7.2652
 02010   7.55 %  2010               5.00          101.65           7.2686
 02010   7.55 %  2010               5.00          101.68           7.2636
 02010   7.55 %  2010               5.00          101.67           7.2652
 02010   7.55 %  2010              15.00          101.65           7.2686
 02010   7.55 %  2010               5.00          101.60           7.2770
 02010   7.55 %  2010               5.00          101.70           7.2602
 02010   7.55 %  2010               5.00          101.70           7.2602
 02010   7.55 %  2010              10.00          101.67           7.2652
 02010   7.55 %  2010               5.00          101.71           7.2586
 02010   7.55 %  2010              10.00          101.71           7.2586
 02010   7.55 %  2010              10.00          101.68           7.2636
 02010   7.55 %  2010               5.00          101.69           7.2619
 02010   7.55 %  2010               5.00          101.65           7.2686
 02010   7.55 %  2010               5.00          101.68           7.2636
 02010   7.55 %  2010               5.00          101.65           7.2686
 02010   7.55 %  2010              10.00          101.68           7.2636
 02010   7.55 %  2010              10.00          101.68           7.2636
 02010   7.55 %  2010               5.00          101.65           7.2686
 02010   7.55 %  2010               5.00          101.66           7.2669
 02010   7.55 %  2010               5.00          101.65           7.2686
 02010   7.55 %  2010               5.00          101.68           7.2636
 02010   7.55 %  2010               5.00          101.60           7.2770
 02010   7.55 %  2010               5.00          101.67           7.2652
 02010   7.55 %  2010               5.00          101.72           7.2569
 02010   7.55 %  2010               5.00          101.64           7.2703
 02010   7.55 %  2010              10.00          101.70           7.2602
 02010   7.55 %  2010              25.00          101.60           7.2770
 98015  12.25 %  2010               5.00          126.50           7.7433
 00014  11.30 %  2010               5.00          122.60           7.5123
 00014  11.30 %  2010               5.00          122.63           7.5079
 00014  11.30 %  2010              10.00          122.66           7.5035
 00014  11.30 %  2010              10.00          122.65           7.5050
 00014  11.30 %  2010              10.00          122.64           7.5065
 00014  11.30 %  2010              10.00          122.73           7.4933
 00014  11.30 %  2010               5.00          122.60           7.5123
 00014  11.30 %  2010               5.00          122.80           7.4830
 00014  11.30 %  2010               5.00          122.79           7.4845
 00014  11.30 %  2010               5.00          122.70           7.4977
 99005  12.32 %  2011               5.00          128.050          7.7740
 99005  12.32 %  2011              10.00          128.140          7.7616
 99005  12.32 %  2011              10.00          128.110          7.7657
 99005  12.32 %  2011              10.00          128.10           7.7671
 99005  12.32 %  2011               0.75          127.85           7.8015
 99005  12.32 %  2011               0.50          127.85           7.8015
 99005  12.32 %  2011               0.19          127.85           7.8015
 99005  12.32 %  2011               0.25          127.85           7.8015
 99005  12.32 %  2011               0.23          127.85           7.8015
 99005  12.32 %  2011               0.24          127.85           7.8015
 99005  12.32 %  2011               0.09          127.85           7.8015
 00010  10.95 %  2011               5.00          121.10           7.6391
 00010  10.95 %  2011               5.00          121.10           7.6391
 01007   9.39 %  2011              10.00          111.75           7.5658
 01007   9.39 %  2011               5.00          111.80           7.5586 01007   9.39 %  2011               5.00          111.79           7.5600
 01007   9.39 %  2011               5.00          111.85           7.5514
 01007   9.39 %  2011               5.00          111.74           7.5672
 01007   9.39 %  2011              10.00          111.80           7.5586
 01007   9.39 %  2011               5.00          111.85           7.5514
 01007   9.39 %  2011               5.00          111.80           7.5586
 01007   9.39 %  2011               5.00          111.79           7.5600
 01007   9.39 %  2011              10.00          111.83           7.5542
 01007   9.39 %  2011               5.00          111.80           7.5586
 01007   9.39 %  2011               5.00          111.80           7.5586
 01007   9.39 %  2011              10.00          111.95           7.5369
 01007   9.39 %  2011              10.00          112.05           7.5225
 01007   9.39 %  2011              10.00          111.98           7.5326
 01007   9.39 %  2011               5.00          112.12           7.5125
 01007   9.39 %  2011               5.00          112.10           7.5153
 01007   9.39 %  2011               5.00          112.10           7.5153
 01007   9.39 %  2011              10.00          112.01           7.5283
 01007   9.39 %  2011              10.00          112.05           7.5225
 01007   9.39 %  2011               5.00          112.00           7.5297
 01007   9.39 %  2011               5.00          112.04           7.5240
 01007   9.39 %  2011               5.00          112.04           7.5240
 01007   9.39 %  2011              10.00          112.10           7.5153
 01007   9.39 %  2011               5.00          112.05           7.5225
 01007   9.39 %  2011               5.00          112.07           7.5197
 01007   9.39 %  2011              10.00          112.03           7.5254
 01007   9.39 %  2011               5.00          112.01           7.5283
 01007   9.39 %  2011               5.00          111.95           7.5369
 01007   9.39 %  2011               5.00          112.05           7.5225
 01007   9.39 %  2011              25.00          112.13           7.5110
 01007   9.39 %  2011              25.00          112.05           7.5225
 01007   9.39 %  2011              30.00          112.01           7.5283
 01007   9.39 %  2011              25.00          112.10           7.5153
 01007   9.39 %  2011              25.00          112.06           7.5211
 01007   9.39 %  2011              25.00          112.05           7.5225
 00017  11.50 %  2011               5.00          126.40           7.5263
 00017  11.50 %  2011               5.00          126.48           7.5160
 00017  11.50 %  2011               5.00          126.42           7.5237
 00017  11.50 %  2011               5.00          126.45           7.5199
 00017  11.50 %  2011              25.00          126.43           7.5224
 00017  11.50 %  2011              10.00          126.45           7.5199
 00017  11.50 %  2011               5.00          126.45           7.5199
 00017  11.50 %  2011               5.00          126.45           7.5199
 00017  11.50 %  2011               5.00          126.44           7.5211
 00017  11.50 %  2011               5.00          126.42           7.5237
 00017  11.50 %  2011               5.00          126.46           7.5186
 00017  11.50 %  2011              10.00          126.40           7.5263
 00017  11.50 %  2011               5.00          126.40           7.5263
 00017  11.50 %  2011              10.00          126.38           7.5289
 00017  11.50 %  2011               5.00          126.37           7.5301
 00017  11.50 %  2011               5.00          126.38           7.5289
 00017  11.50 %  2011               5.00          126.38           7.5289
 00017  11.50 %  2011               5.00          126.48           7.5160
 00017  11.50 %  2011              15.00          126.50           7.5134
 00017  11.50 %  2011              10.00          126.52           7.5109
 00017  11.50 %  2011               5.00          126.45           7.5199
 00017  11.50 %  2011               5.00          126.53           7.5096
 00017  11.50 %  2011               5.00          126.44           7.5211 00017  11.50 %  2011               5.00          126.41           7.5250
 00017  11.50 %  2011               5.00          126.45           7.5199
 00017  11.50 %  2011               5.00          126.50           7.5134
 00017  11.50 %  2011               5.00          126.55           7.5070
 00017  11.50 %  2011              10.00          126.55           7.5070
 00017  11.50 %  2011               5.00          126.52           7.5109
 00017  11.50 %  2011               5.00          126.55           7.5070
 00017  11.50 %  2011               5.00          126.45           7.5199
 00017  11.50 %  2011               5.00          126.53           7.5096
 00017  11.50 %  2011               5.00          126.55           7.5070
 00017  11.50 %  2011               5.00          126.55           7.5070
 00017  11.50 %  2011               5.00          126.54           7.5083
 00017  11.50 %  2011               5.00          126.55           7.5070
 00017  11.50 %  2011               5.00          126.49           7.5147
 00017  11.50 %  2011               5.00          126.55           7.5070
 00017  11.50 %  2011               5.00          126.55           7.5070
 00017  11.50 %  2011               5.00          126.51           7.5121
 00017  11.50 %  2011              10.00          126.56           7.5057
 00017  11.50 %  2011               5.00          126.55           7.5070
 00017  11.50 %  2011               5.00          126.55           7.5070
 00017  11.50 %  2011               5.00          126.45           7.5199
 00017  11.50 %  2011              10.00          126.55           7.5070
 00017  11.50 %  2011               5.00          126.55           7.5070
 00017  11.50 %  2011               5.00          126.47           7.5173
 00017  11.50 %  2011              10.00          126.57           7.5044
 00017  11.50 %  2011               5.00          126.53           7.5096
 00017  11.50 %  2011               5.00          126.56           7.5057
 00017  11.50 %  2011               5.00          126.50           7.5134
 00017  11.50 %  2011               5.00          126.50           7.5134
 00017  11.50 %  2011               5.00          126.55           7.5070
 00017  11.50 %  2011               5.00          126.56           7.5057
 00017  11.50 %  2011               5.00          126.53           7.5096
 00017  11.50 %  2011               5.00          126.56           7.5057
 00017  11.50 %  2011              10.00          126.52           7.5109
 00017  11.50 %  2011               5.00          126.42           7.5237
 00017  11.50 %  2011              10.00          126.57           7.5044
 00017  11.50 %  2011               5.00          126.44           7.5211
 00017  11.50 %  2011               5.00          126.47           7.5173
 00017  11.50 %  2011               5.00          126.55           7.5070
 00017  11.50 %  2011               5.00          126.55           7.5070
 00017  11.50 %  2011               5.00          126.45           7.5199
 00017  11.50 %  2011               5.00          126.51           7.5121
 00017  11.50 %  2011               5.00          126.41           7.5250
 00017  11.50 %  2011               5.00          126.41           7.5250
 00017  11.50 %  2011               5.00          126.51           7.5121
 00017  11.50 %  2011               5.00          126.51           7.5121
 00017  11.50 %  2011               5.00          126.55           7.5070
 00017  11.50 %  2011               5.00          126.60           7.5006
 00017  11.50 %  2011               5.00          126.54           7.5083
 00017  11.50 %  2011               5.00          126.55           7.5070
 00017  11.50 %  2011               5.00          126.55           7.5070
 00017  11.50 %  2011               5.00          126.59           7.5019
 00017  11.50 %  2011               5.00          126.38           7.5289
 00017  11.50 %  2011               5.00          126.55           7.5070
 00017  11.50 %  2011               5.00          126.45           7.5199
 00017  11.50 %  2011               5.00          126.42           7.5237
 00017  11.50 %  2011               5.00          126.55           7.5070 00017  11.50 %  2011               5.00          126.55           7.5070
 00017  11.50 %  2011               5.00          126.54           7.5083
 00017  11.50 %  2011               5.00          126.50           7.5134
 00017  11.50 %  2011              25.00          126.55           7.5070
 00017  11.50 %  2011               5.00          126.50           7.5134
 02006   6.85 %  2012               5.00           95.75           7.4689
 02006   6.85 %  2012               5.00           95.90           7.4464
 02006   6.85 %  2012               5.00           95.90           7.4464
 02006   6.85 %  2012               5.00           95.91           7.4449
 02006   6.85 %  2012               5.00           95.93           7.4419
 02006   6.85 %  2012               5.00           95.95           7.4389
 02006   6.85 %  2012              10.00           95.86           7.4524
 02006   6.85 %  2012               5.00           95.80           7.4614
 02006   6.85 %  2012               5.00           95.84           7.4554
 02006   6.85 %  2012               0.50           95.50           7.5065
 02006   6.85 %  2012               0.50           95.75           7.4689
 02006   6.85 %  2012               5.00           95.92           7.4434
 02009   7.40 %  2012              10.00           99.64           7.4501
 02009   7.40 %  2012               5.00           99.75           7.4341
 02009   7.40 %  2012               5.00           99.75           7.4341
 02009   7.40 %  2012               5.00           99.78           7.4298
 02009   7.40 %  2012               5.00           99.74           7.4356
 02009   7.40 %  2012               5.00           99.79           7.4283
 02009   7.40 %  2012               5.00           99.82           7.4239
 02009   7.40 %  2012               5.00           99.78           7.4298
 02009   7.40 %  2012               5.00           99.79           7.4283
 02009   7.40 %  2012               5.00           99.79           7.4283
 02009   7.40 %  2012               5.00           99.80           7.4269
 02009   7.40 %  2012               5.00           99.85           7.4196
 02009   7.40 %  2012               5.00           99.78           7.4298
 02009   7.40 %  2012               5.00           99.83           7.4225
 02009   7.40 %  2012               5.00           99.84           7.4210
 02009   7.40 %  2012               5.00           99.85           7.4196
 02009   7.40 %  2012               5.00           99.80           7.4269
 02009   7.40 %  2012               5.00           99.75           7.4341
 02009   7.40 %  2012               5.00           99.78           7.4298
 02009   7.40 %  2012               5.00           99.78           7.4298
 02009   7.40 %  2012               5.00           99.75           7.4341
 02009   7.40 %  2012               5.00           99.76           7.4327
 02009   7.40 %  2012               5.00           99.76           7.4327
 02009   7.40 %  2012               5.00           99.78           7.4298
 02009   7.40 %  2012               5.00           99.78           7.4298
 02009   7.40 %  2012               5.00           99.78           7.4298
 02009   7.40 %  2012               5.00           99.80           7.4269
 02009   7.40 %  2012               5.00           99.80           7.4269
 02009   7.40 %  2012               5.00           99.78           7.4298
 02009   7.40 %  2012               1.831          99.67           7.4457
 02009   7.40 %  2012              10.00           99.76           7.4327
 02009   7.40 %  2012               5.00           99.75           7.4341
 02009   7.40 %  2012              10.00           99.80           7.4269
 02009   7.40 %  2012               5.00           99.625          7.4523
 02009   7.40 %  2012               5.00           99.68           7.4443
 02009   7.40 %  2012               5.00           99.72           7.4385
 02009   7.40 %  2012               5.00           99.70           7.4414
 02009   7.40 %  2012               5.00           99.80           7.4269
 02009   7.40 %  2012               5.00           99.80           7.4269
 02009   7.40 %  2012               5.00           99.80           7.4269 02009   7.40 %  2012               5.00           99.82           7.4239
 02009   7.40 %  2012               5.00           99.85           7.4196
 02009   7.40 %  2012               5.00           99.69           7.4428
 02009   7.40 %  2012               5.00           99.85           7.4196
 02009   7.40 %  2012               5.00           99.96           7.4036
 02009   7.40 %  2012               5.00           99.95           7.4051
 02009   7.40 %  2012              10.00           99.95           7.4051
 02009   7.40 %  2012              10.00           99.95           7.4051
 02009   7.40 %  2012              10.00           99.90           7.4123
 02009   7.40 %  2012               5.00           99.92           7.4094
 02009   7.40 %  2012               5.00           99.90           7.4123
 02009   7.40 %  2012               5.00           99.90           7.4123
 02009   7.40 %  2012               5.00           99.95           7.4051
 02009   7.40 %  2012               5.00           99.90           7.4123
 02009   7.40 %  2012               5.00           99.93           7.4080
 02009   7.40 %  2012               0.25          100.00           7.3978
 02009   7.40 %  2012              25.00           99.95           7.4051
 02009   7.40 %  2012               5.00           99.95           7.4051
 02009   7.40 %  2012               5.00           99.94           7.4065
 02009   7.40 %  2012              25.00           99.87           7.4167
 02009   7.40 %  2012               5.00           99.95           7.4051
 02009   7.40 %  2012               5.00           99.97           7.4022
 02009   7.40 %  2012               5.00           99.90           7.4123
 02009   7.40 %  2012               5.00           99.92           7.4094
 02009   7.40 %  2012               5.00           99.90           7.4123
 02009   7.40 %  2012               5.00           99.96           7.4036
 02009   7.40 %  2012               5.00           99.93           7.4080
 02009   7.40 %  2012               5.00           99.94           7.4065
 02009   7.40 %  2012               5.00           99.95           7.4051
 02009   7.40 %  2012               5.00           99.93           7.4080
 02009   7.40 %  2012               0.50           99.72           7.4385
 02009   7.40 %  2012               5.00           99.94           7.4065
 02009   7.40 %  2012               0.10           99.80           7.4269
 02009   7.40 %  2012               5.00           99.95           7.4051
 02009   7.40 %  2012               5.00           99.93           7.4080
 02009   7.40 %  2012               5.00           99.95           7.4051
 02009   7.40 %  2012               5.00           99.925          7.4087
 02009   7.40 %  2012               5.00           99.95           7.4051
 02009   7.40 %  2012               5.00           99.96           7.4036
 02009   7.40 %  2012               5.00           99.90           7.4123
 02009   7.40 %  2012               5.00           99.97           7.4022
 02009   7.40 %  2012               5.00           99.95           7.4051
 02009   7.40 %  2012               5.00           99.95           7.4051
 02009   7.40 %  2012               5.00           99.93           7.4080
 02009   7.40 %  2012               0.50           99.71           7.4399
 02009   7.40 %  2012               5.00           99.94           7.4065
 02009   7.40 %  2012               5.00           99.91           7.4109
 02009   7.40 %  2012               5.00           99.96           7.4036
 02009   7.40 %  2012               5.00           99.93           7.4080
 02009   7.40 %  2012               1.00           99.98           7.4007
 02009   7.40 %  2012               5.00           99.95           7.4051
 02009   7.40 %  2012               5.00           99.90           7.4123
 02009   7.40 %  2012               5.00           99.96           7.4036
 02009   7.40 %  2012               5.00           99.935          7.4073
 02009   7.40 %  2012               5.00           99.88           7.4152
 02009   7.40 %  2012               5.00           99.94           7.4065
 02009   7.40 %  2012               5.00           99.95           7.4051 02009   7.40 %  2012               5.00           99.95           7.4051
 02009   7.40 %  2012               5.00           99.96           7.4036
 02009   7.40 %  2012               5.00           99.95           7.4051
 02009   7.40 %  2012               5.00           99.96           7.4036
 02009   7.40 %  2012               5.00           99.93           7.4080
 02009   7.40 %  2012               5.00           99.88           7.4152
 02009   7.40 %  2012               5.00           99.87           7.4167
 02009   7.40 %  2012               5.00           99.87           7.4167
 02009   7.40 %  2012               5.00           99.87           7.4167
 02009   7.40 %  2012               5.00           99.90           7.4123
 02009   7.40 %  2012               5.00           99.85           7.4196
 02009   7.40 %  2012               5.00           99.90           7.4123
 02009   7.40 %  2012               5.00           99.865          7.4174
 02009   7.40 %  2012              10.00           99.87           7.4167
 02009   7.40 %  2012               5.00           99.96           7.4036
 02009   7.40 %  2012               5.00           99.92           7.4094
 02009   7.40 %  2012               5.00           99.88           7.4152
 02009   7.40 %  2012               5.00           99.92           7.4094
 02009   7.40 %  2012               1.00           99.95           7.4051
 02009   7.40 %  2012               5.00           99.95           7.4051
 02009   7.40 %  2012               5.00           99.90           7.4123
 02009   7.40 %  2012               5.00           99.95           7.4051
 02009   7.40 %  2012               0.50           99.77           7.4312
 02009   7.40 %  2012               5.00           99.90           7.4123
 02009   7.40 %  2012               5.00           99.94           7.4065
 02009   7.40 %  2012               5.00           99.90           7.4123
 02009   7.40 %  2012               2.00           99.97           7.4022
 02009   7.40 %  2012               5.00           99.89           7.4138
 02009   7.40 %  2012               5.00           99.90           7.4123
 02009   7.40 %  2012               5.00           99.95           7.4051
 02009   7.40 %  2012               0.50           99.70           7.4414
 02009   7.40 %  2012               5.00           99.95           7.4051
 02009   7.40 %  2012               5.00           99.91           7.4109
 02009   7.40 %  2012               5.00           99.97           7.4022
 02009   7.40 %  2012               0.50           99.75           7.4341
 02009   7.40 %  2012               5.00           99.77           7.4312
 02009   7.40 %  2012               5.00           99.76           7.4327
 02009   7.40 %  2012               5.00           99.77           7.4312
 02009   7.40 %  2012               5.00           99.75           7.4341
 02009   7.40 %  2012               5.00           99.84           7.4210
 02009   7.40 %  2012               5.00          100.00           7.3978
 02009   7.40 %  2012               5.00           99.98           7.4007
 02009   7.40 %  2012               5.00           99.93           7.4080
 02009   7.40 %  2012               5.00           99.91           7.4109
 02009   7.40 %  2012              25.00           99.90           7.4123
 02009   7.40 %  2012               0.25          100.05           7.3906
 02009   7.40 %  2012               0.10          100.05           7.3906
 02009   7.40 %  2012               5.00           99.90           7.4123
 84005  10.25 %  2012               1.00          116.90           7.7712
 00012  11.03 %  2012               5.00          123.65           7.6168
 00012  11.03 %  2012               5.00          123.80           7.5980
 00012  11.03 %  2012              10.00          123.75           7.6043
 00012  11.03 %  2012               5.00          123.80           7.5980
 00012  11.03 %  2012               5.00          123.65           7.6168
 00012  11.03 %  2012               5.00          123.75           7.6043
 00012  11.03 %  2012               5.00          123.71           7.6093
 00012  11.03 %  2012               5.00          123.70           7.6105 00012  11.03 %  2012               5.00          123.75           7.6043
 00012  11.03 %  2012               5.00          123.69           7.6118
 00012  11.03 %  2012               5.00          123.71           7.6093
 00012  11.03 %  2012               5.00          123.75           7.6043
 00012  11.03 %  2012              10.00          123.69           7.6118
 00012  11.03 %  2012               5.00          123.71           7.6093
 00012  11.03 %  2012               5.00          123.71           7.6093
 00012  11.03 %  2012               5.00          123.85           7.5918
 00012  11.03 %  2012               5.00          123.88           7.5880
 00012  11.03 %  2012               5.00          123.87           7.5893
 00012  11.03 %  2012               5.00          123.88           7.5880
 00012  11.03 %  2012               5.00          123.88           7.5880
 00012  11.03 %  2012              10.00          123.90           7.5855
 00012  11.03 %  2012               5.00          123.73           7.6068
 00012  11.03 %  2012               5.00          123.90           7.5855
 00012  11.03 %  2012               5.00          123.90           7.5855
 00012  11.03 %  2012               5.00          123.92           7.5830
 00012  11.03 %  2012               5.00          123.85           7.5918
 00012  11.03 %  2012               5.00          123.85           7.5918
 00012  11.03 %  2012              10.00          123.93           7.5818
 00012  11.03 %  2012               5.00          123.92           7.5830
 00012  11.03 %  2012               5.00          123.85           7.5918
 00012  11.03 %  2012               5.00          123.87           7.5893
 00012  11.03 %  2012               5.00          123.87           7.5893
 00012  11.03 %  2012               5.00          123.90           7.5855
 00012  11.03 %  2012               5.00          123.85           7.5918
 00012  11.03 %  2012               5.00          123.86           7.5905
 00012  11.03 %  2012               5.00          123.95           7.5793
 00012  11.03 %  2012               5.00          123.90           7.5855
 00012  11.03 %  2012               5.00          123.90           7.5855
 00012  11.03 %  2012               5.00          123.75           7.6043
 00012  11.03 %  2012               5.00          123.89           7.5868
 00012  11.03 %  2012               5.00          123.80           7.5980
 00012  11.03 %  2012               5.00          123.88           7.5880
 00012  11.03 %  2012              10.00          123.93           7.5818
 00012  11.03 %  2012               5.00          123.95           7.5793
 00012  11.03 %  2012               5.00          123.97           7.5768
 00012  11.03 %  2012               5.00          123.85           7.5918
 00012  11.03 %  2012               5.00          123.82           7.5955
 00012  11.03 %  2012               5.00          123.87           7.5893
 00012  11.03 %  2012               5.00          123.93           7.5818
 00012  11.03 %  2012               5.00          123.95           7.5793
 00012  11.03 %  2012               5.00          123.95           7.5793
 00012  11.03 %  2012               5.00          123.71           7.6093
 00012  11.03 %  2012               5.00          123.94           7.5806
 00012  11.03 %  2012               5.00          123.88           7.5880
 00012  11.03 %  2012               2.50          100.00          11.0281
 00012  11.03 %  2012               5.00          123.80           7.5980
 00012  11.03 %  2012               5.00          123.88           7.5880
 00012  11.03 %  2012               5.00          123.85           7.5918
 00012  11.03 %  2012               5.00          123.85           7.5918
 01009   9.40 %  2012               5.00          112.60           7.5983
 01009   9.40 %  2012              10.00          112.65           7.5917
 01009   9.40 %  2012               5.00          112.55           7.6049
 01009   9.40 %  2012               5.00          112.88           7.5614
 01009   9.40 %  2012               5.00          112.80           7.5720
 01009   9.40 %  2012               5.00          112.80           7.5720 01009   9.40 %  2012               5.00          112.90           7.5588
 01009   9.40 %  2012               5.00          112.80           7.5720
 01009   9.40 %  2012               5.00          112.83           7.5680
 01005   9.81 %  2013               5.00          115.98           7.6243
 01005   9.81 %  2013               5.00          115.97           7.6255
 01005   9.81 %  2013               5.00          116.00           7.6218
 01005   9.81 %  2013               5.00          116.14           7.6045
 01005   9.81 %  2013               5.00          116.15           7.6033
 01005   9.81 %  2013               5.00          116.30           7.5848
 01005   9.81 %  2013               5.00          116.20           7.5971
 01005   9.81 %  2013               5.00          116.30           7.5848
 01005   9.81 %  2013               5.00          116.22           7.5947
 01005   9.81 %  2013              10.00          116.25           7.5910
 01005   9.81 %  2013               5.00          116.25           7.5910
 01005   9.81 %  2013               5.00          116.25           7.5910
 01005   9.81 %  2013               5.00          116.30           7.5848
 01005   9.81 %  2013               5.00          116.15           7.6033
 01005   9.81 %  2013              10.00          116.20           7.5971
 01005   9.81 %  2013               5.00          116.24           7.5922
 01005   9.81 %  2013               5.00          116.22           7.5947
 01005   9.81 %  2013               5.00          116.25           7.5910
 01005   9.81 %  2013               5.00          116.30           7.5848
 01005   9.81 %  2013               5.00          116.22           7.5947
 01005   9.81 %  2013               5.00          116.25           7.5910
 01005   9.81 %  2013               5.00          116.11           7.6082
 01005   9.81 %  2013               5.00          116.23           7.5934
 01005   9.81 %  2013              10.00          116.25           7.5910
 01005   9.81 %  2013               5.00          116.27           7.5885
 01005   9.81 %  2013               5.00          116.27           7.5885
 01005   9.81 %  2013               5.00          116.28           7.5873
 01005   9.81 %  2013               5.00          116.25           7.5910
 01005   9.81 %  2013               5.00          116.26           7.5897
 01005   9.81 %  2013               5.00          116.27           7.5885
 01005   9.81 %  2013               5.00          116.10           7.6095
 01005   9.81 %  2013               5.00          116.25           7.5910
 01005   9.81 %  2013               5.00          116.14           7.6045
 01005   9.81 %  2013               5.00          116.20           7.5971
 01005   9.81 %  2013               5.00          116.28           7.5873
 01005   9.81 %  2013               5.00          116.28           7.5873
 01005   9.81 %  2013               5.00          116.09           7.6107
 01005   9.81 %  2013               5.00          115.98           7.6243
 01005   9.81 %  2013               5.00          116.27           7.5885
 01005   9.81 %  2013               5.00          116.38           7.5749
 01005   9.81 %  2013               5.00          116.36           7.5774
 01005   9.81 %  2013               5.00          116.45           7.5663
 01005   9.81 %  2013              10.00          116.55           7.5540
 01005   9.81 %  2013               5.00          116.44           7.5676
 01005   9.81 %  2013               5.00          116.35           7.5786
 01005   9.81 %  2013               5.00          116.45           7.5663
 01005   9.81 %  2013              10.00          116.35           7.5786
 01005   9.81 %  2013               5.00          116.36           7.5774
 01005   9.81 %  2013              10.00          116.35           7.5786
 01005   9.81 %  2013               5.00          116.45           7.5663
 01005   9.81 %  2013               5.00          116.35           7.5786
 01005   9.81 %  2013               5.00          116.45           7.5663
 01005   9.81 %  2013               5.00          116.48           7.5626
 01005   9.81 %  2013               5.00          116.57           7.5516 01005   9.81 %  2013               5.00          116.38           7.5749
 01005   9.81 %  2013               5.00          116.46           7.5651
 01005   9.81 %  2013               5.00          116.55           7.5540
 01005   9.81 %  2013               5.00          116.57           7.5516
 01005   9.81 %  2013               5.00          116.35           7.5786
 01005   9.81 %  2013               5.00          116.46           7.5651
 01005   9.81 %  2013              10.00          116.50           7.5602
 01005   9.81 %  2013               5.00          116.40           7.5725
 01005   9.81 %  2013               5.00          116.45           7.5663
 01005   9.81 %  2013               5.00          116.50           7.5602
 01005   9.81 %  2013               5.00          116.50           7.5602
 01005   9.81 %  2013               5.00          116.40           7.5725
 01005   9.81 %  2013               5.00          116.35           7.5786
 01005   9.81 %  2013               5.00          116.35           7.5786
 01005   9.81 %  2013               5.00          116.55           7.5540
 01005   9.81 %  2013               5.00          116.54           7.5553
 01005   9.81 %  2013               5.00          116.49           7.5614
 01005   9.81 %  2013               5.00          116.55           7.5540
 01005   9.81 %  2013               5.00          116.53           7.5565
 01005   9.81 %  2013               5.00          116.45           7.5663
 01005   9.81 %  2013               5.00          116.45           7.5663
 01005   9.81 %  2013               5.00          116.52           7.5577
 01005   9.81 %  2013               5.00          116.55           7.5540
 01005   9.81 %  2013               5.00          116.57           7.5516
 01005   9.81 %  2013               5.00          116.58           7.5503
 01005   9.81 %  2013              10.00          116.35           7.5786
 01005   9.81 %  2013               5.00          116.36           7.5774
 01005   9.81 %  2013               5.00          116.54           7.5553
 01005   9.81 %  2013               5.00          116.50           7.5602
 01005   9.81 %  2013               5.00          116.54           7.5553
 01005   9.81 %  2013               5.00          116.35           7.5786
 01005   9.81 %  2013               5.00          116.57           7.5516
 01005   9.81 %  2013               5.00          116.56           7.5528
 01005   9.81 %  2013               5.00          116.54           7.5553
 01005   9.81 %  2013               5.00          116.57           7.5516
 01005   9.81 %  2013               5.00          116.57           7.5516
 01005   9.81 %  2013               5.00          116.55           7.5540
 01005   9.81 %  2013               5.00          116.57           7.5516
 01005   9.81 %  2013              10.00          116.53           7.5565
 01005   9.81 %  2013               5.00          116.50           7.5602
 01005   9.81 %  2013               5.00          116.35           7.5786
 01005   9.81 %  2013              10.00          116.40           7.5725
 01005   9.81 %  2013               5.00          116.50           7.5602
 01005   9.81 %  2013               5.00          116.45           7.5663
 01005   9.81 %  2013               5.00          116.47           7.5639
 01005   9.81 %  2013               5.00          116.55           7.5540
 01005   9.81 %  2013              10.00          116.55           7.5540
 01005   9.81 %  2013               5.00          116.55           7.5540
 01005   9.81 %  2013               5.00          116.54           7.5553
 01005   9.81 %  2013               5.00          116.55           7.5540
 01005   9.81 %  2013               5.00          116.42           7.5700
 01005   9.81 %  2013               5.00          116.53           7.5565
 01005   9.81 %  2013               5.00          116.52           7.5577
 01005   9.81 %  2013               5.00          116.50           7.5602
 01005   9.81 %  2013               5.00          116.51           7.5589
 01005   9.81 %  2013               5.00          116.50           7.5602
 01005   9.81 %  2013               5.00          116.53           7.5565 01005   9.81 %  2013               5.00          116.45           7.5663
 01005   9.81 %  2013              10.00          116.35           7.5786
 01005   9.81 %  2013               5.00          116.55           7.5540
 01005   9.81 %  2013               5.00          116.54           7.5553
 01005   9.81 %  2013               5.00          116.52           7.5577
 01005   9.81 %  2013               5.00          116.52           7.5577
 01005   9.81 %  2013               5.00          116.46           7.5651
 01005   9.81 %  2013              10.00          115.95           7.6280
 01005   9.81 %  2013               5.00          116.48           7.5626
 01005   9.81 %  2013               5.00          116.50           7.5602
 01005   9.81 %  2013               5.00          116.50           7.5602
 01005   9.81 %  2013               5.00          116.45           7.5663
 01005   9.81 %  2013               5.00          116.47           7.5639
 01005   9.81 %  2013               5.00          116.25           7.5910
 01005   9.81 %  2013               5.00          116.45           7.5663
 01005   9.81 %  2013               5.00          116.10           7.6095
 01005   9.81 %  2013               5.00          116.48           7.5626
 01005   9.81 %  2013              25.00          116.43           7.5688
 84010  10.50 %  2014               1.00          119.95           7.9305
 99020  11.83 %  2014               5.00          129.200          8.0530
 99020  11.83 %  2014               5.00          129.19           8.0540
 01001  10.47 %  2015              10.00          120.20           7.9074
 01001  10.47 %  2015              10.00          120.20           7.9074
 01001  10.47 %  2015               5.00          120.30           7.8963
 01001  10.47 %  2015               5.00          120.35           7.8907
 01001  10.47 %  2015              10.00          119.88           7.9432
 85007  11.50 %  2015               0.10          126.55           8.1336
 01011   9.85 %  2015               5.00          117.20           7.7508
 01011   9.85 %  2015               5.00          117.15           7.7562
 01011   9.85 %  2015               5.00          117.24           7.7464
 01011   9.85 %  2015               5.00          117.24           7.7464
 01011   9.85 %  2015               5.00          117.30           7.7399
 01011   9.85 %  2015               5.00          117.30           7.7399
 01011   9.85 %  2015               5.00          117.26           7.7442
 01011   9.85 %  2015               5.00          117.40           7.7290
 01011   9.85 %  2015               5.00          117.40           7.7290
 01011   9.85 %  2015               5.00          117.45           7.7235
 01011   9.85 %  2015               5.00          117.30           7.7399
 01011   9.85 %  2015               5.00          117.40           7.7290
 01011   9.85 %  2015               5.00          117.45           7.7235
 01011   9.85 %  2015               5.00          117.45           7.7235
 01011   9.85 %  2015               5.00          117.35           7.7344
 01011   9.85 %  2015               5.00          117.35           7.7344
 01011   9.85 %  2015               5.00          117.45           7.7235
 01011   9.85 %  2015               5.00          117.38           7.7311
 01011   9.85 %  2015               5.00          117.37           7.7322
 01011   9.85 %  2015               5.00          117.38           7.7311
 01011   9.85 %  2015               5.00          117.45           7.7235
 01011   9.85 %  2015               5.00          117.40           7.7290
 01011   9.85 %  2015               5.00          117.30           7.7399
 01011   9.85 %  2015               5.00          117.24           7.7464
 01011   9.85 %  2015               5.00          117.30           7.7399
 01011   9.85 %  2015               5.00          117.40           7.7290
 01011   9.85 %  2015               5.00          117.35           7.7344
 01011   9.85 %  2015               5.00          117.32           7.7377
 01011   9.85 %  2015               5.00          117.35           7.7344
 01011   9.85 %  2015               5.00          117.35           7.7344 01011   9.85 %  2015               5.00          117.38           7.7311
 01011   9.85 %  2015               5.00          117.75           7.6910
 01011   9.85 %  2015               5.00          117.72           7.6942
 01011   9.85 %  2015               5.00          117.75           7.6910
 01011   9.85 %  2015               5.00          117.75           7.6910
 01011   9.85 %  2015               5.00          117.70           7.6964
 01011   9.85 %  2015               5.00          117.80           7.6855
 01011   9.85 %  2015               5.00          117.75           7.6910
 01011   9.85 %  2015              15.00          117.70           7.6964
 01011   9.85 %  2015               5.00          117.75           7.6910
 01011   9.85 %  2015               5.00          117.60           7.7072
 01011   9.85 %  2015               5.00          117.78           7.6877
 01011   9.85 %  2015               5.00          117.80           7.6855
 01011   9.85 %  2015              10.00          117.80           7.6855
 01011   9.85 %  2015               5.00          117.80           7.6855
 01011   9.85 %  2015               5.00          117.76           7.6899
 01011   9.85 %  2015               5.00          117.78           7.6877
 01011   9.85 %  2015               0.50          117.60           7.7072
 01011   9.85 %  2015               5.00          117.81           7.6845
 01011   9.85 %  2015               5.00          117.81           7.6845
 01011   9.85 %  2015               5.00          117.78           7.6877
 01011   9.85 %  2015               5.00          117.71           7.6953
 01011   9.85 %  2015               5.00          117.80           7.6855
 01011   9.85 %  2015               5.00          117.80           7.6855
 01011   9.85 %  2015               5.00          117.73           7.6931
 01011   9.85 %  2015               5.00          117.67           7.6996
 01011   9.85 %  2015               5.00          117.75           7.6910
 01011   9.85 %  2015               5.00          117.36           7.7333
 01011   9.85 %  2015               5.00          117.30           7.7399
 01011   9.85 %  2015               5.00          117.35           7.7344
 01011   9.85 %  2015               5.00          117.81           7.6845
 01011   9.85 %  2015               5.00          117.75           7.6910
 01011   9.85 %  2015               4.00          117.75           7.6910
 01011   9.85 %  2015               5.00          117.75           7.6910
 01003  10.71 %  2016               5.00          123.25           7.9082
 01003  10.71 %  2016               5.00          123.45           7.8875
 01003  10.71 %  2016               5.00          123.40           7.8927
 01003  10.71 %  2016               5.00          123.40           7.8927
 01003  10.71 %  2016               5.00          123.45           7.8875
 01003  10.71 %  2016               5.00          123.25           7.9082
 01003  10.71 %  2016               5.00          123.50           7.8823
 01003  10.71 %  2016              10.00          123.50           7.8823
 01003  10.71 %  2016              10.00          123.35           7.8978
 01003  10.71 %  2016               5.00          123.33           7.8999
 01003  10.71 %  2016               5.00          123.50           7.8823
 01003  10.71 %  2016               5.00          123.45           7.8875
 01003  10.71 %  2016               5.00          123.45           7.8875
 01003  10.71 %  2016               5.00          123.40           7.8927
 01003  10.71 %  2016               5.00          123.45           7.8875
 01003  10.71 %  2016               5.00          123.42           7.8906
 01003  10.71 %  2016              10.00          123.25           7.9082
 01003  10.71 %  2016               5.00          123.50           7.8823
 01003  10.71 %  2016               5.00          123.50           7.8823
 01003  10.71 %  2016               5.00          123.75           7.8565
 01003  10.71 %  2016               5.00          123.65           7.8668
 01003  10.71 %  2016               5.00          123.85           7.8462
 01003  10.71 %  2016               5.00          123.85           7.8462 01003  10.71 %  2016               5.00          123.75           7.8565
 01003  10.71 %  2016               5.00          123.85           7.8462
 01003  10.71 %  2016               5.00          123.85           7.8462
 01003  10.71 %  2016               5.00          123.90           7.8410
 01003  10.71 %  2016               5.00          123.85           7.8462
 01003  10.71 %  2016               5.00          123.90           7.8410
 01003  10.71 %  2016               5.00          123.85           7.8462
 01003  10.71 %  2016              15.00          123.85           7.8462
 01003  10.71 %  2016               5.00          123.85           7.8462
 01003  10.71 %  2016               5.00          123.85           7.8462
 01003  10.71 %  2016               5.00          123.65           7.8668
 01003  10.71 %  2016              15.00          123.80           7.8513
 01003  10.71 %  2016               5.00          123.85           7.8462
 01003  10.71 %  2016               5.00          123.88           7.8431
 01003  10.71 %  2016               5.00          123.75           7.8565
 01003  10.71 %  2016               5.00          123.90           7.8410
 01003  10.71 %  2016               5.00          123.85           7.8462
 01003  10.71 %  2016               5.00          123.85           7.8462
 01003  10.71 %  2016               5.00          123.85           7.8462
 01003  10.71 %  2016               5.00          123.91           7.8400
 01003  10.71 %  2016               5.00          123.75           7.8565
 01003  10.71 %  2016               5.00          123.85           7.8462
 01003  10.71 %  2016               5.00          123.85           7.8462
 01003  10.71 %  2016              10.00          123.80           7.8513
 01003  10.71 %  2016               5.00          123.90           7.8410
 01003  10.71 %  2016               5.00          123.87           7.8441
 01003  10.71 %  2016               5.00          123.85           7.8462
 01003  10.71 %  2016               5.00          123.95           7.8359
 01003  10.71 %  2016               5.00          123.80           7.8513
 01003  10.71 %  2016               5.00          123.87           7.8441
 01003  10.71 %  2016               5.00          123.45           7.8875
 01003  10.71 %  2016               5.00          123.78           7.8534
 01003  10.71 %  2016               5.00          123.90           7.8410
 02001   8.07 %  2017               5.00          102.90           7.7337
 02001   8.07 %  2017               5.00          103.05           7.7167
 02001   8.07 %  2017               5.00          103.09           7.7122
 02001   8.07 %  2017               1.634         102.80           7.7451
 02001   8.07 %  2017               5.00          103.00           7.7224
 02001   8.07 %  2017               5.00          103.10           7.7111
 02001   8.07 %  2017               5.00          103.00           7.7224
 02001   8.07 %  2017               5.00          103.09           7.7122
 02001   8.07 %  2017               5.00          103.00           7.7224
 02001   8.07 %  2017               5.00          103.04           7.7179
 02001   8.07 %  2017               0.10          101.50           7.8941
 02007   7.49 %  2017               5.00           98.00           7.7171
 02007   7.49 %  2017               0.25           98.55           7.6535
 02007   7.49 %  2017               0.75           97.95           7.7230
 02007   7.49 %  2017               0.25           98.40           7.6708
 02007   7.49 %  2017               0.50           98.10           7.7055
 02007   7.49 %  2017               4.00           98.00           7.7171
 02007   7.49 %  2017               1.00           98.00           7.7171
 02007   7.49 %  2017               2.00           98.00           7.7171
 02007   7.49 %  2017               5.00           98.10           7.7055
 02007   7.49 %  2017               0.40           98.33           7.6789
 02007   7.49 %  2017               0.50           98.20           7.6940
 02007   7.49 %  2017               1.50           98.07           7.7090
 02007   7.49 %  2017               5.00           98.00           7.7171 02007   7.49 %  2017               5.00           98.00           7.7171
 00018  11.60 %  2020               0.13          127.65           8.5885
 01006  10.25 %  2021               5.00          120.30           8.1284
 01006  10.25 %  2021               5.00          120.43           8.1166
 01006  10.25 %  2021               5.00          120.45           8.1148
 01006  10.25 %  2021               5.00          120.75           8.0877
 01006  10.25 %  2021               5.00          120.80           8.0832
 01006  10.25 %  2021               5.00          120.70           8.0922
 01006  10.25 %  2021               5.00          120.80           8.0832
 01006  10.25 %  2021               5.00          120.80           8.0832
 01006  10.25 %  2021               5.00          120.80           8.0832
 01006  10.25 %  2021               5.00          120.75           8.0877
 01006  10.25 %  2021               5.00          120.75           8.0877
 01006  10.25 %  2021              10.00          120.75           8.0877
 01006  10.25 %  2021               5.00          120.74           8.0886
 01006  10.25 %  2021               7.26          120.10           8.1466
 01006  10.25 %  2021              25.00          120.60           8.1012
 02011   8.35 %  2022               0.107         101.00           8.2451
 02011   8.35 %  2022               5.00          103.00           8.0434
 01010  10.18 %  2026               0.25          120.00           8.2549
 01010  10.18 %  2026               5.00          120.10           8.2467
 01010  10.18 %  2026               5.00          120.50           8.2136
 01010  10.18 %  2026               5.00          120.25           8.2343
 01010  10.18 %  2026              10.00          120.50           8.2136
 01010  10.18 %  2026               5.00          120.50           8.2136
 01010  10.18 %  2026               0.50          120.00           8.2549
 01010  10.18 %  2026               0.10          119.00           8.3384
 01010  10.18 %  2026               9.00          119.90           8.2632
 01010  10.18 %  2026               5.00          119.90           8.2632
     Total                       5789.7215
B. State Government Securities
          Contract Date : July 03, 2002
 94214 12.50% MAHARASHTRA SDL
       2004                         0.06          107.75          7.8112
 94202 12.50% ANDHRA PRADESH SDL
       2004                         0.05          108.68          7.2821
 95225 14% WEST BENGAL S.D.L.
       2005                         0.25          115.34          7.9390
 95206 14.00% GUJARAT S.D.L.
       2005                         0.05          113.75          8.5160
 97213 13.75 % MAHARASHTRA SDL
       2007                         0.0055        117.65          8.9380
 97235 13.05% KARNATAKA SDL 2007    1.15          120.00          7.9687
 97247 13.05% TAMILNADU LOAN
       2007                         0.40          120.15          7.9349
 89223 11.50% MAHARASHTRA S.D.
       2009                         0.053         114.50          8.7094
 00213 10.52% AP SDL 2010           1.00          113.33          8.1733
 02266 7.80% KARNATAKA SDL 2012     0.57          100.00          7.7974
 02266 7.80% KARNATAKA SDL 2012     0.16          100.00          7.7974
 02266 7.80% KARNATAKA SDL 2012     0.16          100.00          7.7974
 02266 7.80% KARNATAKA SDL 2012     0.19          100.00          7.7974
 02266 7.80% KARNATAKA SDL 2012     0.07          100.00          7.7974
 02266 7.80% KARNATAKA SDL 2012     0.14          100.00          7.7974
 02266 7.80% KARNATAKA SDL 2012     0.40          100.00          7.7974
     Total                          4.7085C. Treasury Bills
   (i) 14 Day Bills (Maturity-wise)
       (DD/MM/YYYY)
                                           NIL
   (ii) 91 Day Bills (Maturity-wise)
       (DD/MM/YYYY)
          Contract Date : July 03, 2002
        12/07/2002                 25.00           99.8670         5.3863
        30/08/2002                  5.00           99.0790         5.8338
        13/09/2002                  0.19           98.8688         5.7843
        20/09/2002                  1.00           98.7286         5.9335
        20/09/2002                 10.00           98.7497         5.8338
        27/09/2002                  5.00           98.6518         5.7843
        27/09/2002                  6.23           98.6633         5.7343
     Total                         52.42
   (iii) 182 Day Bills (Maturity-wise)
       (DD/MM/YYYY)
                                           NIL
   (iv) 364 Day Bills (Maturity-wise)
       (DD/MM/YYYY)
          Contract Date : July 02, 2002
        26/07/2002                 50.00           99.6233         5.7349
        26/07/2002                 25.00           99.6358         5.5439
        26/07/2002                 25.00           99.6358         5.5439
        07/03/2003                 25.00           96.0357         6.0588
        07/03/2003                 25.00           96.0357         6.0588
        07/03/2003                 25.00           96.0357         6.0588
          Contract Date : July 03, 2002
        20/09/2002                 10.00           98.7497         5.8338
        07/03/2003                 25.00           96.0357         6.0833
        27/06/2003                 27.55           94.4275         5.9835
        27/06/2003                  0.55           94.4187         5.9936
     Total                        238.10
II.  REPO Transactions *
    (Other than with RBI)
---------------------------------------------------------------------------
 Loan  Nomenclature                Amount      Price *   Repo Rate   Repo
 Code                            (Face Value) Per Rs.100   (%pa)    Period
                                 (in Rs.Crore) Nominal              (Days)
           (1)                      (2)          (3)        (4)      (5)
---------------------------------------------------------------------------
A. Government of India Dated Securities
 97011  11.15 %  2002              15.00      100.75        5.75       1
 98004  11.10 %  2003              30.00      103.66        5.75       1
 97008  11.83 %  2003              50.00      105.40        5.75       1
 94003  12.50 %  2004             100.00      109.50        5.85       2
 94003  12.50 %  2004             100.00      109.50        5.85       2
 94003  12.50 %  2004             100.00      109.50        5.85       2
 94003  12.50 %  2004              16.00      109.50        5.60       1
 97007  12.59 %  2004              25.00      110.40        6.10      14
 97007  12.59 %  2004              25.00      110.40        6.10      14
 97007  12.59 %  2004             100.00      110.30        6.20       9
 97007  12.59 %  2004             100.00      110.30        6.20       9
 00011  10.20 %  2005              15.00      109.40        5.75       1 01012   6.23 %  2006              50.00      100.00        5.90       1
 01012   6.23 %  2006              50.00      100.00        5.80       1
 01012   6.23 %  2006              35.00      100.00        5.80       1
 01012   6.23 %  2006              35.00      100.00        5.80       1
 01012   6.23 %  2006              10.00      100.00        5.75       1
 01012   6.23 %  2006             100.00      100.00        5.75       1
 01012   6.23 %  2006             100.00      100.00        5.75       1
 01012   6.23 %  2006              10.00      100.00        5.70       1
 01012   6.23 %  2006             100.00      100.00        5.75       1
 02005   6.65 %  2009              50.00       97.00        5.75       1
 99006  11.99 %  2009               5.72      123.75        5.75       1
 99006  11.99 %  2009              50.00      123.75        5.85      14
 99006  11.99 %  2009              50.00      123.75        5.75       1
 00014  11.30 %  2010              75.00      122.70        5.85       1
 02006   6.85 %  2012              70.00       96.00        5.80       1
 02006   6.85 %  2012              15.00       96.00        5.75       1
 00015  11.43 %  2015               5.00      124.00        6.75       1
 00015  11.43 %  2015              30.00      128.10        5.55       1
 01011   9.85 %  2015              10.00      117.00        6.75       1
 01003  10.71 %  2016              50.00      123.40        5.75       1
 02001   8.07 %  2017              50.00      102.65        5.75       1
 02001   8.07 %  2017              23.00      103.50        5.75       1
 02001   8.07 %  2017              27.00      103.50        5.75       1
 02012   6.84 %  2017              25.00       99.98        5.85       5
 02012   6.84 %  2017              20.00       99.98        5.90       5
 02012   6.84 %  2017              50.00      100.00        5.85       3
 02012   6.84 %  2017              30.00      100.00        5.75       1
     Total                       1801.72
B. State Government Securities
                                           NIL
C. Treasury Bills
   (i) 14 Day Bills (Maturity-wise)
      (DD/MM/YYYY)
                                           NIL
   (ii) 91 Day Bills (Maturity-wise)
      (DD/MM/YYYY)
                                           NIL
   (iii) 182 Day Bills (Maturity-wise)
      (DD/MM/YYYY)
                                           NIL
   (iv) 364 Day Bills (Maturity-wise)
       (DD/MM/YYYY)
        10/01/2003                 39.60       97.0297      5.65       1
     Total                         39.60
---------------------------------------------------------------------------
  * Relate to the first leg of Repos
  # YTM(indicative) will depend upon assumed rate of inflation
Date :  03 July 2002