Subsidiary General Ledger Account Transactions
in Government Dated Securities and Treasury Bills
at RBI, Mumbai on 13 September 2002
---------------------------------------------------------------------------
 Loan  Nomenclature              Amount           Price *        YTM %
 Code                            (Face Value)     Per Rs.100   Indicative
                                 (in Rs.Crore)    nominal
---------------------------------------------------------------------------
I.  Outright Transactions
A.Government of India Dated Securities
          Contract Date : September 12, 2002
 98004  11.10 %  2003              30.00          102.85           5.9190
 98007  12.00 %  2008              25.00          124.78           6.6536
 02010   7.55 %  2010              10.00          104.08           6.8549
 02010   7.55 %  2010              25.00          104.10           6.8516
 90010  11.50 %  2010               5.00          126.15           7.0563
 01007   9.39 %  2011              25.00          114.66           7.1177
 01007   9.39 %  2011               5.00          114.66           7.1177
 00017  11.50 %  2011               5.00          128.950          7.1483
 00017  11.50 %  2011              25.00          129.03           7.1382
 02009   7.40 %  2012               5.00          101.65           7.1582
 02009   7.40 %  2012               5.00          101.65           7.1582
 02009   7.40 %  2012               0.05          101.79           7.1381
 02009   7.40 %  2012               2.50          101.75           7.1438
 02009   7.40 %  2012               1.00          101.735          7.1460
 01011   9.85 %  2015               0.25          120.63           7.3660
 02007   7.49 %  2017               2.00          100.54           7.4276
 02014   7.46 %  2017               5.00          100.29           7.4270
 01008  10.03 %  2019              25.00          122.25           7.6596
 01006  10.25 %  2021               5.00          124.91           7.7113
 02011   8.35 %  2022              40.00          106.62           7.6900
          Contract Date : September 13, 2002
 94003  12.50 %  2004               5.00          109.505          5.8994
 94003  12.50 %  2004              10.00          109.505          5.8994
 94003  12.50 %  2004               5.00          109.50           5.9027
 94003  12.50 %  2004              10.00          109.49           5.9092
 94003  12.50 %  2004               5.00          109.48           5.9157
 94003  12.50 %  2004              10.00          109.47           5.9222
 97007  12.59 %  2004              10.00          110.83           6.0130
 98022  11.98 %  2004              10.00          111.00           6.0197
 98022  11.98 %  2004              10.00          111.00           6.0197
 98022  11.98 %  2004              10.00          111.00           6.0197
 98022  11.98 %  2004               5.00          110.97           6.0349
 95006  14.00 %  2005              10.00          119.25           6.2284
 97010  11.19 %  2005               5.00          100.00          11.1811
 95012  14.00 %  2005(INSTA        10.00          120.85           6.2561
 95012  14.00 %  2005(INSTA         0.25          120.95           6.2232
 95012  14.00 %  2005(INSTA        10.00          121.381          6.0817
 98009  11.90 %  2007               5.00          122.45           6.3088
 98009  11.90 %  2007              10.00          122.44           6.3110
 98009  11.90 %  2007              10.00          122.35           6.3307 98009  11.90 %  2007               5.00          122.35           6.3307
 98007  12.00 %  2008               5.00          124.75           6.6574
 98007  12.00 %  2008               5.00          124.75           6.6574
 98007  12.00 %  2008               5.00          124.73           6.6611
 98007  12.00 %  2008               5.00          124.705          6.6658
 98007  12.00 %  2008               5.00          124.73           6.6611
 98007  12.00 %  2008               5.00          124.75           6.6574
 00016  11.40 %  2008               5.00          123.62           6.5524
 00016  11.40 %  2008              10.00          123.62           6.5524
 00016  11.40 %  2008               5.00          123.62           6.5524
 00016  11.40 %  2008               5.00          123.62           6.5524
 00016  11.40 %  2008               5.00          123.58           6.5595
 00016  11.40 %  2008               5.00          123.58           6.5595
 00016  11.40 %  2008               5.00          123.52           6.5703
 00016  11.40 %  2008               5.00          123.56           6.5631
 00016  11.40 %  2008               5.00          123.55           6.5649
 00016  11.40 %  2008               5.00          123.56           6.5631
 00016  11.40 %  2008               5.00          123.55           6.5649
 00016  11.40 %  2008               5.00          123.55           6.5649
 00016  11.40 %  2008               5.00          123.55           6.5649
 00016  11.40 %  2008               5.00          123.53           6.5685
 00016  11.40 %  2008               5.00          123.54           6.5667
 00016  11.40 %  2008               5.00          123.54           6.5667
 00016  11.40 %  2008               5.00          123.53           6.5685
 00016  11.40 %  2008              10.00          123.55           6.5649
 00016  11.40 %  2008              10.00          123.56           6.5631
 00016  11.40 %  2008               5.00          123.54           6.5667
 00016  11.40 %  2008               5.00          123.55           6.5649
 00016  11.40 %  2008               5.00          123.50           6.5739
 00016  11.40 %  2008               5.00          123.55           6.5649
 00016  11.40 %  2008              20.00          123.55           6.5649
 00016  11.40 %  2008               5.00          123.545          6.5658
 00016  11.40 %  2008               5.00          123.535          6.5676
 98023  12.25 %  2008               5.00          127.20           6.6648
 02005   6.65 %  2009              15.00           99.75           6.6966
 02005   6.65 %  2009              20.00           99.75           6.6966
 99004  12.29 %  2010               5.00          130.15           6.9871
 02010   7.55 %  2010              10.00          104.09           6.8530
 02010   7.55 %  2010              10.00          104.08           6.8547
 02010   7.55 %  2010               5.00          104.04           6.8613
 02010   7.55 %  2010               5.00          104.06           6.8580
 02010   7.55 %  2010               5.00          104.06           6.8580
 02010   7.55 %  2010               5.00          104.06           6.8580
 02010   7.55 %  2010               5.00          104.04           6.8613
 02010   7.55 %  2010               5.00          104.04           6.8613
 02010   7.55 %  2010               5.00          103.95           6.8762
 02010   7.55 %  2010               5.00          104.00           6.8680
 02010   7.55 %  2010               5.00          104.03           6.8630
 02010   7.55 %  2010               5.00          104.03           6.8630
 02010   7.55 %  2010               5.00          104.03           6.8630
 02010   7.55 %  2010               5.00          104.03           6.8630
 02010   7.55 %  2010               5.00          104.04           6.8613
 02010   7.55 %  2010               5.00          104.01           6.8663
 02010   7.55 %  2010               5.00          104.03           6.8630
 02010   7.55 %  2010               5.00          104.02           6.8646
 02010   7.55 %  2010               5.00          104.04           6.8613
 02010   7.55 %  2010              15.00          104.04           6.8613 02010   7.55 %  2010              15.00          104.00           6.8680
 02010   7.55 %  2010               5.00          104.02           6.8646
 02010   7.55 %  2010               5.00          104.02           6.8646
 02010   7.55 %  2010              10.00          104.02           6.8646
 02010   7.55 %  2010               5.00          104.02           6.8646
 02010   7.55 %  2010               5.00          104.05           6.8597
 02010   7.55 %  2010              10.00          103.97           6.8729
 02010   7.55 %  2010              10.00          103.97           6.8729
 02010   7.55 %  2010              10.00          103.98           6.8713
 98015  12.25 %  2010              10.00          131.10           7.0044
 00014  11.30 %  2010               5.00          126.07           6.9436
 00014  11.30 %  2010               5.00          126.14           6.9335
 00014  11.30 %  2010               5.00          126.14           6.9335
 00014  11.30 %  2010               5.00          126.09           6.9407
 00014  11.30 %  2010               5.00          126.00           6.9536
 00014  11.30 %  2010               4.444         125.90           6.9680
 00014  11.30 %  2010               5.00          126.05           6.9465
 00014  11.30 %  2010               5.00          126.04           6.9479
 82013   8.75 %  2010               0.50          109.39           7.2166
 99005  12.32 %  2011               5.00          131.80           7.1966
 99005  12.32 %  2011               5.00          131.80           7.1966
 99005  12.32 %  2011              10.00          131.80           7.1966
 99005  12.32 %  2011              10.00          131.80           7.1966
 00010  10.95 %  2011               5.00          124.10           7.1782
 00010  10.95 %  2011              10.00          124.04           7.1864
 01007   9.39 %  2011               5.00          114.69           7.1130
 01007   9.39 %  2011               5.00          114.675          7.1151
 01007   9.39 %  2011               5.00          114.62           7.1229
 01007   9.39 %  2011               5.00          114.64           7.1201
 01007   9.39 %  2011               5.00          114.63           7.1215
 01007   9.39 %  2011               5.00          114.64           7.1201
 01007   9.39 %  2011               5.00          114.63           7.1215
 01007   9.39 %  2011               5.00          114.63           7.1215
 01007   9.39 %  2011               5.00          114.63           7.1215
 01007   9.39 %  2011               5.00          114.63           7.1215
 01007   9.39 %  2011               5.00          114.62           7.1229
 01007   9.39 %  2011               5.00          114.61           7.1243
 01007   9.39 %  2011              10.00          114.61           7.1243
 01007   9.39 %  2011              10.00          114.63           7.1215
 01007   9.39 %  2011               5.00          114.56           7.1314
 01007   9.39 %  2011               5.00          114.58           7.1286
 01007   9.39 %  2011               5.00          114.58           7.1286
 01007   9.39 %  2011              10.00          114.60           7.1257
 01007   9.39 %  2011               5.00          114.57           7.1300
 01007   9.39 %  2011               5.00          114.585          7.1279
 01007   9.39 %  2011               5.00          114.60           7.1257
 01007   9.39 %  2011               1.00          114.66           7.1172
 01007   9.39 %  2011               5.00          114.60           7.1257
 01007   9.39 %  2011               5.00          114.57           7.1300
 01007   9.39 %  2011               5.00          114.58           7.1286
 01007   9.39 %  2011               5.00          114.57           7.1300
 01007   9.39 %  2011              25.00          114.55           7.1328
 01007   9.39 %  2011              10.00          114.58           7.1286
 01007   9.39 %  2011               5.00          114.58           7.1286
 01007   9.39 %  2011              10.00          114.54           7.1343
 01007   9.39 %  2011               5.00          114.54           7.1343
 01007   9.39 %  2011              10.00          114.57           7.1300 00017  11.50 %  2011              10.00          129.03           7.1374
 00017  11.50 %  2011               5.00          129.010          7.1399
 00017  11.50 %  2011               5.00          128.990          7.1425
 00017  11.50 %  2011               5.00          128.990          7.1425
 00017  11.50 %  2011               5.00          128.980          7.1437
 00017  11.50 %  2011               5.00          128.990          7.1425
 00017  11.50 %  2011               5.00          128.990          7.1425
 00017  11.50 %  2011               5.00          128.980          7.1437
 00017  11.50 %  2011               5.00          128.980          7.1437
 00017  11.50 %  2011               5.00          128.980          7.1437
 00017  11.50 %  2011               5.00          128.980          7.1437
 00017  11.50 %  2011               5.00          128.980          7.1437
 00017  11.50 %  2011              10.00          128.980          7.1437
 00017  11.50 %  2011               5.00          128.97           7.1450
 00017  11.50 %  2011               5.00          128.97           7.1450
 00017  11.50 %  2011               5.00          128.990          7.1425
 00017  11.50 %  2011               5.00          128.97           7.1450
 00017  11.50 %  2011               5.00          128.950          7.1476
 00017  11.50 %  2011               5.00          128.97           7.1450
 00017  11.50 %  2011              10.00          128.97           7.1450
 00017  11.50 %  2011               5.00          128.950          7.1476
 00017  11.50 %  2011               5.00          128.980          7.1437
 00017  11.50 %  2011               5.00          129.00           7.1412
 00017  11.50 %  2011              10.00          129.050          7.1349
 00017  11.50 %  2011               5.00          129.00           7.1412
 00017  11.50 %  2011               5.00          128.93           7.1501
 00017  11.50 %  2011               5.00          128.950          7.1476
 00017  11.50 %  2011               5.00          128.90           7.1539
 00017  11.50 %  2011               5.00          129.050          7.1349
 00017  11.50 %  2011               5.00          128.94           7.1488
 00017  11.50 %  2011               5.00          128.97           7.1450
 00017  11.50 %  2011               5.00          128.93           7.1501
 00017  11.50 %  2011               5.00          128.920          7.1514
 00017  11.50 %  2011               5.00          129.040          7.1361
 00017  11.50 %  2011               5.00          128.90           7.1539
 00017  11.50 %  2011               5.00          129.050          7.1349
 00017  11.50 %  2011               5.00          128.950          7.1476
 00017  11.50 %  2011               5.00          128.94           7.1488
 00017  11.50 %  2011               5.00          128.91           7.1526
 00017  11.50 %  2011               5.00          128.91           7.1526
 00017  11.50 %  2011               5.00          128.91           7.1526
 00017  11.50 %  2011               5.00          128.94           7.1488
 00017  11.50 %  2011               5.00          128.90           7.1539
 00017  11.50 %  2011               5.00          128.905          7.1533
 00017  11.50 %  2011               5.00          128.90           7.1539
 00017  11.50 %  2011               5.00          128.90           7.1539
 00017  11.50 %  2011               5.00          128.960          7.1463
 00017  11.50 %  2011               5.00          128.950          7.1476
 02009   7.40 %  2012               5.00          101.68           7.1539
 02009   7.40 %  2012               5.00          101.67           7.1553
 02009   7.40 %  2012              10.00          101.645          7.1589
 02009   7.40 %  2012               5.00          101.63           7.1611
 02009   7.40 %  2012               5.00          101.65           7.1582
 02009   7.40 %  2012               5.00          101.65           7.1582
 02009   7.40 %  2012               5.00          101.65           7.1582
 02009   7.40 %  2012              15.00          101.625          7.1618
 02009   7.40 %  2012               5.00          101.65           7.1582 02009   7.40 %  2012               5.00          101.63           7.1611
 02009   7.40 %  2012               5.00          101.65           7.1582
 02009   7.40 %  2012               5.00          101.65           7.1582
 02009   7.40 %  2012               5.00          101.65           7.1582
 02009   7.40 %  2012              20.00          101.66           7.1568
 02009   7.40 %  2012               1.30          101.59           7.1668
 02009   7.40 %  2012               5.00          101.66           7.1568
 02009   7.40 %  2012               5.00          101.65           7.1582
 02009   7.40 %  2012               5.00          101.63           7.1611
 02009   7.40 %  2012               5.00          101.635          7.1604
 02009   7.40 %  2012              10.00          101.63           7.1611
 02009   7.40 %  2012               5.00          101.65           7.1582
 02009   7.40 %  2012               5.00          101.64           7.1596
 02009   7.40 %  2012              15.00          101.61           7.1639
 02009   7.40 %  2012               5.00          101.61           7.1639
 02009   7.40 %  2012               5.00          101.61           7.1639
 02009   7.40 %  2012               5.00          101.61           7.1639
 02009   7.40 %  2012               5.00          101.64           7.1596
 02009   7.40 %  2012               5.00          101.65           7.1582
 02009   7.40 %  2012              10.00          101.67           7.1553
 02009   7.40 %  2012              10.00          101.69           7.1524
 02009   7.40 %  2012               5.00          101.70           7.1510
 02009   7.40 %  2012               5.00          101.69           7.1524
 02009   7.40 %  2012               5.00          101.64           7.1596
 02009   7.40 %  2012               5.00          101.70           7.1510
 02009   7.40 %  2012               5.00          101.66           7.1568
 02009   7.40 %  2012               5.00          101.69           7.1524
 02009   7.40 %  2012               1.00          101.74           7.1453
 02009   7.40 %  2012               5.00          101.70           7.1510
 02009   7.40 %  2012               5.00          101.70           7.1510
 02009   7.40 %  2012               5.00          101.60           7.1654
 02009   7.40 %  2012               5.00          101.60           7.1654
 02009   7.40 %  2012               5.00          101.60           7.1654
 02009   7.40 %  2012               5.00          101.66           7.1568
 02009   7.40 %  2012               5.00          101.60           7.1654
 02009   7.40 %  2012               5.00          101.60           7.1654
 02009   7.40 %  2012               5.00          101.70           7.1510
 02009   7.40 %  2012               5.00          101.70           7.1510
 02009   7.40 %  2012               5.00          101.64           7.1596
 02009   7.40 %  2012               5.00          101.625          7.1618
 02009   7.40 %  2012               5.00          101.70           7.1510
 02009   7.40 %  2012               5.00          101.70           7.1510
 02009   7.40 %  2012               5.00          101.67           7.1553
 02009   7.40 %  2012               5.00          101.60           7.1654
 02009   7.40 %  2012               5.00          101.62           7.1625
 02009   7.40 %  2012               5.00          101.66           7.1568
 02009   7.40 %  2012               5.00          101.65           7.1582
 02009   7.40 %  2012               5.00          101.60           7.1654
 02009   7.40 %  2012               5.00          101.65           7.1582
 02009   7.40 %  2012               5.00          101.70           7.1510
 02009   7.40 %  2012               5.00          101.60           7.1654
 02009   7.40 %  2012               5.00          101.63           7.1611
 02009   7.40 %  2012               5.00          101.63           7.1611
 02009   7.40 %  2012               5.00          101.70           7.1510
 02009   7.40 %  2012               5.00          101.63           7.1611
 02009   7.40 %  2012               5.00          101.65           7.1582
 02009   7.40 %  2012               5.00          101.65           7.1582 02009   7.40 %  2012               5.00          101.65           7.1582
 02009   7.40 %  2012               5.00          101.60           7.1654
 02009   7.40 %  2012               5.00          101.60           7.1654
 02009   7.40 %  2012               5.00          101.62           7.1625
 02009   7.40 %  2012               5.00          101.61           7.1639
 02009   7.40 %  2012              10.00          101.60           7.1654
 02009   7.40 %  2012               5.00          101.68           7.1539
 02009   7.40 %  2012               5.00          101.65           7.1582
 02009   7.40 %  2012               5.00          101.65           7.1582
 02009   7.40 %  2012               5.00          101.65           7.1582
 02009   7.40 %  2012               5.00          101.65           7.1582
 02009   7.40 %  2012               5.00          101.63           7.1611
 02009   7.40 %  2012               5.00          101.63           7.1611
 02009   7.40 %  2012               5.00          101.62           7.1625
 02009   7.40 %  2012              10.00          101.62           7.1625
 02009   7.40 %  2012               5.00          101.61           7.1639
 02009   7.40 %  2012               5.00          101.62           7.1625
 02009   7.40 %  2012               5.00          101.62           7.1625
 02009   7.40 %  2012               5.00          101.61           7.1639
 02009   7.40 %  2012               5.00          101.69           7.1524
 02009   7.40 %  2012               5.00          101.70           7.1510
 02009   7.40 %  2012               5.00          101.60           7.1654
 02009   7.40 %  2012               5.00          101.59           7.1668
 02009   7.40 %  2012               5.00          101.70           7.1510
 02009   7.40 %  2012              10.00          101.60           7.1654
 02009   7.40 %  2012               5.00          101.56           7.1711
 02009   7.40 %  2012               5.00          101.56           7.1711
 02009   7.40 %  2012              10.00          101.62           7.1625
 02009   7.40 %  2012               5.00          101.59           7.1668
 02009   7.40 %  2012              10.00          101.55           7.1726
 02009   7.40 %  2012               5.00          101.55           7.1726
 02009   7.40 %  2012               5.00          101.55           7.1726
 02009   7.40 %  2012               5.00          101.61           7.1639
 02009   7.40 %  2012               5.00          101.57           7.1697
 02009   7.40 %  2012               5.00          101.57           7.1697
 02009   7.40 %  2012               5.00          101.55           7.1726
 02009   7.40 %  2012              10.00          101.56           7.1711
 02009   7.40 %  2012               5.00          101.56           7.1711
 02009   7.40 %  2012               5.00          101.58           7.1683
 02009   7.40 %  2012               5.00          101.56           7.1711
 02009   7.40 %  2012               5.00          101.70           7.1510
 02009   7.40 %  2012               5.00          101.58           7.1683
 02009   7.40 %  2012              10.00          101.58           7.1683
 02009   7.40 %  2012               3.00          100.00           7.3980
 02009   7.40 %  2012               5.00          101.60           7.1654
 02009   7.40 %  2012              25.00          101.58           7.1683
 00012  11.03 %  2012              10.00          126.74           7.1910
 02013   6.72 %  2012              10.00          101.52           6.5069
 02013   6.72 %  2012              10.00          101.50           6.5097
 02013   6.72 %  2012               5.00          101.50           6.5097
 02013   6.72 %  2012               5.00          101.50           6.5097
 00012  11.03 %  2012               5.00          126.64           7.2033
 00012  11.03 %  2012              10.00          126.64           7.2033
 00012  11.03 %  2012               5.00          126.65           7.2020
 00012  11.03 %  2012               5.00          126.64           7.2033
 00012  11.03 %  2012               5.00          126.64           7.2033
 00012  11.03 %  2012               5.00          126.62           7.2057 00012  11.03 %  2012               5.00          126.65           7.2020
 00012  11.03 %  2012               5.00          126.65           7.2020
 00012  11.03 %  2012               5.00          126.60           7.2082
 01009   9.40 %  2012              10.00          115.55           7.1918
 01009   9.40 %  2012              10.00          115.52           7.1956
 01009   9.40 %  2012              20.00          115.55           7.1918
 01009   9.40 %  2012               5.00          115.55           7.1918
 01009   9.40 %  2012               5.00          115.56           7.1905
 01009   9.40 %  2012               5.00          115.56           7.1905
 01009   9.40 %  2012              10.00          115.48           7.2008
 01009   9.40 %  2012              10.00          115.52           7.1956
 01009   9.40 %  2012               5.00          115.50           7.1982
 01009   9.40 %  2012              10.00          115.51           7.1969
 01009   9.40 %  2012               5.00          115.50           7.1982
 01009   9.40 %  2012               5.00          115.52           7.1956
 01009   9.40 %  2012              10.00          115.44           7.2060
 01009   9.40 %  2012               5.00          115.44           7.2060
 82005   9.00 %  2013              10.00          111.05           7.4784
 82005   9.00 %  2013               0.50          110.53           7.5453
 01005   9.81 %  2013               5.00          118.97           7.2325
 01005   9.81 %  2013              10.00          118.98           7.2313
 01005   9.81 %  2013              10.00          118.99           7.2301
 01005   9.81 %  2013               5.00          118.97           7.2325
 01005   9.81 %  2013              10.00          118.98           7.2313
 01005   9.81 %  2013              10.00          118.97           7.2325
 01005   9.81 %  2013               5.00          118.97           7.2325
 01005   9.81 %  2013               5.00          118.925          7.2379
 01005   9.81 %  2013               5.00          118.925          7.2379
 01005   9.81 %  2013               5.00          118.95           7.2349
 01005   9.81 %  2013               5.00          118.95           7.2349
 01005   9.81 %  2013               5.00          118.91           7.2397
 01005   9.81 %  2013               5.00          118.91           7.2397
 01005   9.81 %  2013               5.00          118.87           7.2446
 01005   9.81 %  2013               5.00          118.88           7.2434
 01005   9.81 %  2013               5.00          118.91           7.2397
 01005   9.81 %  2013               5.00          118.88           7.2434
 01005   9.81 %  2013               5.00          118.90           7.2409
 01005   9.81 %  2013               5.00          118.91           7.2397
 01005   9.81 %  2013               5.00          118.91           7.2397
 01005   9.81 %  2013               5.00          118.91           7.2397
 01005   9.81 %  2013               5.00          118.91           7.2397
 01005   9.81 %  2013               5.00          118.905          7.2403
 01005   9.81 %  2013               5.00          118.90           7.2409
 01005   9.81 %  2013               5.00          118.90           7.2409
 01005   9.81 %  2013               5.00          118.93           7.2373
 01005   9.81 %  2013               5.00          118.88           7.2434
 01005   9.81 %  2013               5.00          118.91           7.2397
 01005   9.81 %  2013               5.00          118.94           7.2361
 01005   9.81 %  2013               5.00          118.91           7.2397
 01005   9.81 %  2013               5.00          118.94           7.2361
 01005   9.81 %  2013               5.00          118.94           7.2361
 01005   9.81 %  2013               5.00          118.90           7.2409
 01005   9.81 %  2013               5.00          118.91           7.2397
 01005   9.81 %  2013               5.00          118.89           7.2421
 01005   9.81 %  2013               5.00          118.93           7.2373
 01005   9.81 %  2013               5.00          118.91           7.2397
 01005   9.81 %  2013               5.00          118.85           7.2470 01005   9.81 %  2013               5.00          118.89           7.2421
 01005   9.81 %  2013               5.00          118.86           7.2458
 01005   9.81 %  2013              10.00          118.94           7.2361
 01005   9.81 %  2013               5.00          118.89           7.2421
 01005   9.81 %  2013               5.00          118.91           7.2397
 01005   9.81 %  2013              10.00          118.86           7.2458
 01005   9.81 %  2013               5.00          118.84           7.2482
 01005   9.81 %  2013              10.00          118.83           7.2494
 01005   9.81 %  2013               5.00          118.90           7.2409
 01005   9.81 %  2013              15.00          118.90           7.2409
 01005   9.81 %  2013               1.00          118.93           7.2373
 01005   9.81 %  2013               5.00          118.855          7.2464
 01005   9.81 %  2013               5.00          118.89           7.2421
 01005   9.81 %  2013              15.00          118.905          7.2403
 01005   9.81 %  2013               5.00          118.825          7.2500
 01005   9.81 %  2013               5.00          118.88           7.2434
 01005   9.81 %  2013               5.00          118.90           7.2409
 01005   9.81 %  2013              10.00          118.945          7.2355
 02008   7.37 %  2014              10.00          100.65           7.2847
 84010  10.50 %  2014               5.00          124.03           7.4533
 99020  11.83 %  2014              10.00          134.05           7.5086
 99020  11.83 %  2014               5.00          134.02           7.5117
 99020  11.83 %  2014              10.00          134.00           7.5138
 99020  11.83 %  2014              10.00          134.00           7.5138
 99020  11.83 %  2014               5.00          134.01           7.5127
 01001  10.47 %  2015               1.00          123.75           7.4957
 00009  10.79 %  2015               0.50          127.40           7.4167
 01011   9.85 %  2015              10.00          120.58           7.3711
 01011   9.85 %  2015              10.00          120.60           7.3690
 01011   9.85 %  2015              10.00          120.61           7.3679
 01011   9.85 %  2015               5.00          120.58           7.3711
 01011   9.85 %  2015               5.00          120.58           7.3711
 01011   9.85 %  2015               5.00          120.55           7.3743
 01011   9.85 %  2015               5.00          120.55           7.3743
 01011   9.85 %  2015               5.00          120.55           7.3743
 01011   9.85 %  2015              10.00          120.60           7.3690
 01011   9.85 %  2015               5.00          120.57           7.3721
 01011   9.85 %  2015               5.00          120.55           7.3743
 01011   9.85 %  2015               5.00          120.55           7.3743
 01011   9.85 %  2015               5.00          120.47           7.3827
 01011   9.85 %  2015               5.00          120.565          7.3727
 01011   9.85 %  2015               5.00          120.47           7.3827
 01011   9.85 %  2015               5.00          120.47           7.3827
 01011   9.85 %  2015               5.00          120.49           7.3806
 01011   9.85 %  2015               5.00          120.47           7.3827
 01011   9.85 %  2015              10.00          120.45           7.3848
 01011   9.85 %  2015               5.00          120.48           7.3817
 01011   9.85 %  2015               5.00          120.50           7.3795
 01011   9.85 %  2015               5.00          120.49           7.3806
 01011   9.85 %  2015               5.00          120.49           7.3806
 01003  10.71 %  2016               5.00          127.45           7.4610
 01003  10.71 %  2016               5.00          127.36           7.4700
 01003  10.71 %  2016               5.00          127.37           7.4690
 01003  10.71 %  2016               5.00          127.40           7.4660
 01003  10.71 %  2016               5.00          127.32           7.4740
 01003  10.71 %  2016               5.00          127.45           7.4610
 02001   8.07 %  2017               5.00          105.25           7.4655 02001   8.07 %  2017               5.00          105.26           7.4644
 02001   8.07 %  2017               5.00          105.24           7.4666
 02001   8.07 %  2017              10.00          105.26           7.4644
 02001   8.07 %  2017               5.00          105.24           7.4666
 02001   8.07 %  2017               5.00          105.26           7.4644
 02001   8.07 %  2017               5.00          105.24           7.4666
 02001   8.07 %  2017               5.00          105.24           7.4666
 02001   8.07 %  2017               5.00          105.24           7.4666
 02001   8.07 %  2017               5.00          105.25           7.4655
 02001   8.07 %  2017               1.00          105.29           7.4611
 02001   8.07 %  2017              10.00          105.15           7.4766
 02001   8.07 %  2017               5.00          105.22           7.4689
 02001   8.07 %  2017               5.00          105.23           7.4678
 02001   8.07 %  2017              10.00          105.21           7.4700
 02001   8.07 %  2017               5.00          105.20           7.4711
 02001   8.07 %  2017               5.00          105.19           7.4722
 02001   8.07 %  2017               5.00          105.17           7.4744
 02001   8.07 %  2017               1.00          105.27           7.4633
 02001   8.07 %  2017               1.00          105.29           7.4611
 02001   8.07 %  2017               5.00          105.13           7.4788
 02007   7.49 %  2017               0.10          100.72           7.4073
 02007   7.49 %  2017               5.00          100.50           7.4321
 02007   7.49 %  2017              10.00          100.50           7.4321
 02014   7.46 %  2017               5.00          100.28           7.4281
 02014   7.46 %  2017               1.00          100.19           7.4382
 02014   7.46 %  2017               5.00          100.25           7.4315
 02014   7.46 %  2017               5.00          100.28           7.4281
 02014   7.46 %  2017               5.00          100.26           7.4303
 02014   7.46 %  2017               5.00          100.24           7.4326
 02014   7.46 %  2017              10.00          100.23           7.4337
 02014   7.46 %  2017               5.00          100.27           7.4292
 02014   7.46 %  2017               5.00          100.305          7.4253
 02014   7.46 %  2017               5.00          100.23           7.4337
 02014   7.46 %  2017               5.00          100.23           7.4337
 02014   7.46 %  2017               5.00          100.23           7.4337
 02014   7.46 %  2017               5.00          100.23           7.4337
 02014   7.46 %  2017               1.30          100.32           7.4236
 02014   7.46 %  2017               5.00          100.26           7.4303
 02014   7.46 %  2017               5.00          100.24           7.4326
 02014   7.46 %  2017              10.00          100.23           7.4337
 02014   7.46 %  2017               5.00          100.20           7.4370
 02014   7.46 %  2017               5.00          100.20           7.4370
 02014   7.46 %  2017               5.00          100.20           7.4370
 02014   7.46 %  2017               3.18          100.18           7.4393
 02014   7.46 %  2017               1.00          100.24           7.4326
 02014   7.46 %  2017               0.50          100.19           7.4382
 02014   7.46 %  2017               5.00          100.19           7.4382
 02014   7.46 %  2017               5.00          100.20           7.4370
 02014   7.46 %  2017               5.00          100.19           7.4382
 02014   7.46 %  2017               5.00          100.15           7.4426
 02014   7.46 %  2017               5.00          100.15           7.4426
 02014   7.46 %  2017               5.00          100.15           7.4426
 02014   7.46 %  2017               5.00          100.15           7.4426
 02014   7.46 %  2017               5.00          100.18           7.4393
 02014   7.46 %  2017               5.00          100.15           7.4426
 02014   7.46 %  2017               5.00          100.18           7.4393
 02014   7.46 %  2017               5.00          100.19           7.4382 02014   7.46 %  2017              10.00          100.18           7.4393
 02014   7.46 %  2017              10.00          100.20           7.4370
 02014   7.46 %  2017               5.00          100.18           7.4393
 02014   7.46 %  2017               5.00          100.22           7.4348
 02014   7.46 %  2017              10.00          100.15           7.4426
 02014   7.46 %  2017               5.00          100.15           7.4426
 02014   7.46 %  2017               5.00          100.19           7.4382
 02014   7.46 %  2017               5.00          100.19           7.4382
 02014   7.46 %  2017               0.50          100.19           7.4382
 02014   7.46 %  2017               2.00          100.32           7.4236
 02014   7.46 %  2017               1.00          100.31           7.4248
 02014   7.46 %  2017               1.00          100.19           7.4382
 02014   7.46 %  2017               5.00          100.20           7.4370
 02014   7.46 %  2017               1.00          100.19           7.4382
 02014   7.46 %  2017              15.00          100.16           7.4415
 02014   7.46 %  2017              15.00          100.16           7.4415
 02014   7.46 %  2017              10.00          100.16           7.4415
 02014   7.46 %  2017               3.2165        100.25           7.4315
 02014   7.46 %  2017               5.00          100.19           7.4382
 02014   7.46 %  2017               1.00          100.26           7.4303
 02014   7.46 %  2017               1.00          100.25           7.4315
 02014   7.46 %  2017               1.00          100.26           7.4303
 02014   7.46 %  2017               0.25          100.26           7.4303
 02014   7.46 %  2017               5.00          100.165          7.4410
 02014   7.46 %  2017               5.00          100.20           7.4370
 02014   7.46 %  2017               0.22          100.25           7.4315
 02014   7.46 %  2017               5.00          100.20           7.4370
 02014   7.46 %  2017               0.50          100.23           7.4337
 02014   7.46 %  2017              10.00          100.16           7.4415
 02014   7.46 %  2017               1.00          100.25           7.4315
 02014   7.46 %  2017               5.00          100.165          7.4410
 02014   7.46 %  2017               5.00          100.18           7.4393
 02014   7.46 %  2017              10.00          100.18           7.4393
 02014   7.46 %  2017               0.50          100.25           7.4315
 02014   7.46 %  2017               5.00          100.15           7.4426
 02014   7.46 %  2017               5.00          100.15           7.4426
 02014   7.46 %  2017               5.00          100.15           7.4426
 02014   7.46 %  2017               0.50          100.24           7.4326
 02014   7.46 %  2017               5.00          100.15           7.4426
 02014   7.46 %  2017               5.00          100.18           7.4393
 02014   7.46 %  2017              10.00          100.20           7.4370
 02014   7.46 %  2017               5.00          100.20           7.4370
 02014   7.46 %  2017               5.00          100.15           7.4426
 02014   7.46 %  2017               0.934         100.18           7.4393
 02014   7.46 %  2017              10.00          100.18           7.4393
 02014   7.46 %  2017              10.00          100.20           7.4370
 02014   7.46 %  2017               5.00          100.23           7.4337
 02014   7.46 %  2017               0.25          100.28           7.4281
 02014   7.46 %  2017               5.00          100.21           7.4359
 02014   7.46 %  2017               0.10          100.29           7.4270
 98025  12.60 %  2018               3.50          145.00           7.6907
 01008  10.03 %  2019              10.00          122.35           7.6502
 01006  10.25 %  2021               5.00          124.75           7.7249
 01006  10.25 %  2021               5.00          124.75           7.7249
 01006  10.25 %  2021               5.00          124.72           7.7275
 01006  10.25 %  2021               0.011         125.00           7.7034
 02011   8.35 %  2022              10.00          106.625          7.6895 02011   8.35 %  2022              10.00          106.63           7.6890
 02011   8.35 %  2022               1.00          106.57           7.6947
 02011   8.35 %  2022               1.00          106.57           7.6947
 02011   8.35 %  2022              10.00          106.61           7.6909
 02011   8.35 %  2022              10.00          106.62           7.6899
 02011   8.35 %  2022               5.00          106.62           7.6899
 02011   8.35 %  2022               5.00          106.66           7.6862
 02011   8.35 %  2022               5.00          106.535          7.6980
 02011   8.35 %  2022              25.00          106.56           7.6956
 02011   8.35 %  2022               1.00          106.57           7.6947
 02011   8.35 %  2022               5.00          106.55           7.6966
 02011   8.35 %  2022               5.00          106.56           7.6956
 02011   8.35 %  2022               5.00          106.55           7.6966
 02011   8.35 %  2022               5.00          106.50           7.7013
 02011   8.35 %  2022               5.00          106.50           7.7013
 02011   8.35 %  2022               5.00          106.50           7.7013
 02011   8.35 %  2022               4.00          106.50           7.7013
 02011   8.35 %  2022              10.00          106.67           7.6852
 02011   8.35 %  2022              21.00          106.635          7.6885
 02011   8.35 %  2022               0.008         100.00           8.3480
 01010  10.18 %  2026              10.00          124.75           7.8697
 01010  10.18 %  2026              10.00          124.75           7.8697
 01010  10.18 %  2026               0.10          124.25           7.9089
 01010  10.18 %  2026               0.10          125.17           7.8369
 01010  10.18 %  2026               0.50          123.75           7.9483
 01010  10.18 %  2026               2.00          124.92           7.8564
 01010  10.18 %  2026               0.015         125.03           7.8478
 02015   7.95 %  2032               1.00          100.40           7.9144
 02015   7.95 %  2032               0.40          100.45           7.9100
 02015   7.95 %  2032               0.138         100.45           7.9100
 02015   7.95 %  2032               0.10          100.45           7.9100
 02015   7.95 %  2032               1.00          100.50           7.9057
 02015   7.95 %  2032               0.50          100.45           7.9100
     Total                       3558.7165
B. State Government Securities
          Contract Date : September 12, 2002
 01282 9.45% WEST BENGAL 2011       3.7205        110.78          7.7709
          Contract Date : September 13, 2002
 97262 12.30% TAMILNADU LOAN
       2007                         5.00          120.65          7.3408
 99233 11.85% GOA SDL 2009          0.604         119.50          8.1353
 00218 10.52% GUJARAT SDL 2010      0.50          115.40          7.7974
 00238 11.80% A.P.SDL 2010          0.83          123.25          7.8013
 00238 11.80% A.P.SDL 2010          0.17          123.10          7.8238
 00248 12.00% GUJARAT SDL 2010      0.1469        124.60          7.8182
 01207 10.82% MADHYA PRADESH
       SDL,2011                     5.6515        118.51          7.7704
 01236 10.35% KARNATAKA SDL 2011   10.00          116.50          7.6994
 01252 9.50% GUJARAT G.S 2011       0.38          110.70          7.8020
 01283 9.10% KARNATAKA STATE
       GOVT. STOCK 2011             1.00          107.08          7.9913
 02229 8.00% A.P. SDL 2012          0.50          100.68          7.8969
 02229 8.00% A.P. SDL 2012          0.50          100.70          7.8939
     Total                         29.0029
C. Treasury Bills   (i) 14 Day Bills (Maturity-wise)
       (DD/MM/YYYY)
                                           NIL
   (ii) 91 Day Bills (Maturity-wise)
       (DD/MM/YYYY)
          Contract Date : September 13, 2002
        27/09/2002                  1.20           99.7838         5.6334
        27/09/2002                  0.50           99.7838         5.6334
        06/12/2002                  1.15           98.7074         5.6746
        13/12/2002                  2.00           98.5964         5.6943
        13/12/2002                 18.00           98.5900         5.7207
        13/12/2002                 50.00           98.5900         5.7207
     Total                         72.85
   (iii) 182 Day Bills (Maturity-wise)
       (DD/MM/YYYY)
                                           NIL
   (iv) 364 Day Bills (Maturity-wise)
       (DD/MM/YYYY)
          Contract Date : September 13, 2002
        13/06/2003                 10.00           95.8148         5.8240
        13/06/2003                 10.00           95.8148         5.8240
        13/06/2003                 15.00           95.8148         5.8240
        13/06/2003                 10.00           95.8148         5.8240
        27/06/2003                 10.00           95.6096         5.8240
        27/06/2003                 10.00           95.6096         5.8240
        11/07/2003                  5.00           95.3978         5.8339
        11/07/2003                 10.00           95.4015         5.8290
        11/07/2003                 15.00           95.4015         5.8290
        25/07/2003                 10.00           95.1979         5.8290
        08/08/2003                 25.00           94.9870         5.8390
        22/08/2003                  4.17           94.7300         5.9038
        05/09/2003                 10.00           94.5791         5.8440
        05/09/2003                 10.00           94.5791         5.8440
        05/09/2003                  5.00           94.5791         5.8440
        05/09/2003                 15.00           94.5748         5.8489
        05/09/2003                  4.12           94.5879         5.8340
     Total                        178.29
II.  REPO Transactions *
    (Other than with RBI)
---------------------------------------------------------------------------
 Loan  Nomenclature                Amount      Price *   Repo Rate   Repo
 Code                            (Face Value) Per Rs.100   (%pa)    Period
                                 (in Rs.Crore) Nominal              (Days)
           (1)                      (2)          (3)        (4)      (5)
---------------------------------------------------------------------------
A. Government of India Dated Securities
 98004  11.10 %  2003              15.00      102.85        5.95       1
 94003  12.50 %  2004              25.00      109.52        5.55       3
 97007  12.59 %  2004              30.00      110.80        5.60       6
 98022  11.98 %  2004              25.00      111.02        5.55       3
 98022  11.98 %  2004              25.00      111.00        5.50       1
 00007   9.90 %  2005              44.00      109.02        5.70       3
 00011  10.20 %  2005              15.00      110.45        5.60       3
 97010  11.19 %  2005             131.00      113.50        5.50       3
 99008  11.68 %  2006              75.00      117.50        5.50       3 01012   6.23 %  2006              10.00      100.00        5.50       3
 97002  13.05 %  2007              70.00      125.60        5.60       6
 02005   6.65 %  2009             100.00       99.60        5.55       3
 02005   6.65 %  2009              15.00       99.75        5.60       3
 02005   6.65 %  2009              13.40       99.70        5.65       1
 02005   6.65 %  2009              80.00       99.60        5.50       3
 79002   7.00 %  2009              10.00      100.25        5.75       3
 99004  12.29 %  2010              60.00      130.20        5.55       5
 98015  12.25 %  2010              30.00      131.20        5.55       5
 99005  12.32 %  2011              20.00      131.90        5.55       5
 81005   8.00 %  2011               8.00      104.50        5.75       3
 02006   6.85 %  2012              52.00       99.00        5.75       3
 02006   6.85 %  2012               5.00       99.00        5.55       4
 02006   6.85 %  2012               5.00       99.00        5.55       4
 02006   6.85 %  2012               5.00       99.00        5.55       4
 02006   6.85 %  2012               5.00       99.00        5.55       4
 02006   6.85 %  2012               5.00       99.00        5.55       4
 02006   6.85 %  2012               5.00       99.00        5.55       4
 02009   7.40 %  2012              50.00      101.60        5.55       3
 02009   7.40 %  2012              50.00      101.60        5.50       3
 02009   7.40 %  2012              20.00      101.65        5.60       3
 02009   7.40 %  2012              30.00      101.54        5.60       3
 02013   6.72 %  2012             100.00      101.45        5.55       3
 02013   6.72 %  2012              50.00      101.45        5.55       3
 02013   6.72 %  2012              22.40      101.45        5.50       1
 01005   9.81 %  2013              50.00      118.90        5.50       3
 01005   9.81 %  2013              35.00      118.80        5.60       3
 01005   9.81 %  2013              50.00      118.90        5.50       5
 01001  10.47 %  2015               5.00      120.00        5.95       1
 01001  10.47 %  2015               5.00      110.00        6.75       3
 00015  11.43 %  2015               5.00      132.00        5.55       5
 00015  11.43 %  2015               5.00      132.00        5.55       5
 00015  11.43 %  2015               5.00      132.00        5.55       5
 00015  11.43 %  2015               5.00      132.00        5.55       5
 00015  11.43 %  2015               5.00      132.00        5.55       5
 01003  10.71 %  2016              50.00      127.45        5.55       3
 02007   7.49 %  2017              15.00      100.30        5.55       3
 02012   6.84 %  2017             100.00      100.00        5.55       3
 02012   6.84 %  2017             150.00      100.00        5.50       3
 02012   6.84 %  2017              75.00      100.00        5.50       3
 02014   7.46 %  2017             150.00      100.25        5.55       4
 02014   7.46 %  2017              20.00      100.15        5.50       3
 02014   7.46 %  2017              25.00      100.15        5.60       3
 02011   8.35 %  2022              15.00      106.60        5.55       3
 01010  10.18 %  2026              40.00      125.00        5.60       3
 01010  10.18 %  2026              40.00      125.00        5.70       3
 01010  10.18 %  2026               5.00      125.00        5.55       5
 01010  10.18 %  2026               5.00      125.00        5.55       5
 01010  10.18 %  2026               5.00      125.00        5.55       4
 01010  10.18 %  2026               5.00      125.00        5.55       4
 01010  10.18 %  2026               5.00      125.00        5.55       4
 01010  10.18 %  2026               5.00      125.00        5.55       4
 02015   7.95 %  2032              25.00      100.35        5.60       3
 02015   7.95 %  2032              20.00      100.35        5.50       3
     Total                       2130.80
B. State Government Securities
                                           NILC. Treasury Bills
   (i) 14 Day Bills (Maturity-wise)
      (DD/MM/YYYY)
                                           NIL
   (ii) 91 Day Bills (Maturity-wise)
      (DD/MM/YYYY)
        01/11/2002                 30.00       99.2406      5.55       3
        08/11/2002                  5.00       99.1331      5.55       3
     Total                         35.00
   (iii) 182 Day Bills (Maturity-wise)
      (DD/MM/YYYY)
                                           NIL
   (iv) 364 Day Bills (Maturity-wise)
       (DD/MM/YYYY)
        13/12/2002                 50.00       98.5746      5.55       3
        21/02/2003                 75.00       97.4845      5.55       3
        21/02/2003                 50.00       97.4845      5.50       3
        21/02/2003                 50.00       97.4845      5.50       3
        21/02/2003                 50.00       97.4845      5.50       3
        05/09/2003                 50.00       94.5879      5.60       3
     Total                        325.00
---------------------------------------------------------------------------
  * Relate to the first leg of Repos
  # YTM(indicative) will depend upon assumed rate of inflation
Date :  14 September 2002