Subsidiary General Ledger Account Transactions
in Government Dated Securities and Treasury Bills
at RBI, Mumbai on 04 July 2002
---------------------------------------------------------------------------
 Loan  Nomenclature              Amount           Price *        YTM %
 Code                            (Face Value)     Per Rs.100   Indicative
                                 (in Rs.Crore)    nominal
---------------------------------------------------------------------------
I.  Outright Transactions
A.Government of India Dated Securities
          Contract Date : July 03, 2002
 95006  14.00 %  2005               0.11          119.50           6.5712
 00016  11.40 %  2008               5.00          120.80           7.1610
 02005   6.65 %  2009              25.00           96.55           7.3032
 02010   7.55 %  2010              25.00          101.62           7.2736
 00017  11.50 %  2011               5.00          126.50           7.5134
 00017  11.50 %  2011              25.00          126.52           7.5109
 00017  11.50 %  2011              25.00          126.52           7.5109
 02009   7.40 %  2012               0.10           99.94           7.4065
 00012  11.03 %  2012               5.00          123.89           7.5868
 01011   9.85 %  2015               5.00          117.75           7.6910
 01011   9.85 %  2015              25.00          117.80           7.6855
 01011   9.85 %  2015               5.00          117.68           7.6985
 01011   9.85 %  2015               5.00          117.78           7.6877
 01011   9.85 %  2015               5.00          117.75           7.6910
 01003  10.71 %  2016              25.00          123.90           7.8410
 02012   6.84 %  2017              25.00          100.00           6.8400
          Contract Date : July 04, 2002
 97011  11.15 %  2002              10.00          100.742          6.2447
 97011  11.15 %  2002              30.00          100.74           6.2603
 94003  12.50 %  2004              20.00          109.59           6.4997
 94003  12.50 %  2004               5.00          109.56           6.5173
 94003  12.50 %  2004               5.00          109.56           6.5173
 94003  12.50 %  2004               0.45          109.54           6.5290
 94003  12.50 %  2004               0.10          109.80           6.3769
 94003  12.50 %  2004              25.00          109.555          6.5202
 98022  11.98 %  2004              10.00          110.66           6.6314
 98022  11.98 %  2004               5.00          110.60           6.6594
 95006  14.00 %  2005               6.7214        118.33           6.9655
 95006  14.00 %  2005              10.00          118.35           6.9586
 97010  11.19 %  2005               5.00          112.47           6.6723
 97010  11.19 %  2005               5.00          112.49           6.6656
 97010  11.19 %  2005               5.00          112.51           6.6589
 99008  11.68 %  2006               5.00          116.00           6.7874
 99008  11.68 %  2006               5.00          115.98           6.7930
 99008  11.68 %  2006               5.00          116.00           6.7874
 98009  11.90 %  2007              15.00          120.08           6.9862
 98009  11.90 %  2007              10.00          120.10           6.9819
 98009  11.90 %  2007               5.00          120.10           6.9819
 98009  11.90 %  2007               5.00          120.10           6.9819
1 98009  11.90 %  2007               5.00          120.10           6.9819
 98009  11.90 %  2007               5.00          120.10           6.9819
 98007  12.00 %  2008               5.00          121.55           7.3783
 98007  12.00 %  2008              10.00          121.50           7.3878
 98007  12.00 %  2008              10.00          121.55           7.3783
 98007  12.00 %  2008               5.00          121.60           7.3689
 98007  12.00 %  2008              10.00          121.60           7.3689
 98007  12.00 %  2008               5.00          121.70           7.3500
 98007  12.00 %  2008               5.00          121.70           7.3500
 00016  11.40 %  2008               5.00          120.83           7.1543
 00016  11.40 %  2008              10.00          120.82           7.1561
 00016  11.40 %  2008              10.00          120.83           7.1543
 00016  11.40 %  2008               5.00          120.83           7.1543
 00016  11.40 %  2008               5.00          120.81           7.1579
 00016  11.40 %  2008               5.00          120.825          7.1552
 00016  11.40 %  2008               5.00          120.84           7.1525
 00016  11.40 %  2008               5.00          120.81           7.1579
 00016  11.40 %  2008               5.00          120.83           7.1543
 00016  11.40 %  2008              10.00          120.80           7.1597
 00016  11.40 %  2008               5.00          120.83           7.1543
 00016  11.40 %  2008               5.00          120.83           7.1543
 00016  11.40 %  2008              15.00          120.83           7.1543
 00016  11.40 %  2008               5.00          120.83           7.1543
 00016  11.40 %  2008               5.00          120.82           7.1561
 00016  11.40 %  2008              20.00          120.82           7.1561
 00016  11.40 %  2008               5.00          120.82           7.1561
 00016  11.40 %  2008               5.00          120.835          7.1534
 98023  12.25 %  2008               1.00          122.50           7.6117
 02005   6.65 %  2009              10.00           96.60           7.2937
 02005   6.65 %  2009              10.00           96.60           7.2937
 02005   6.65 %  2009               5.00           96.57           7.2996
 02005   6.65 %  2009               5.00           96.55           7.3035
 02005   6.65 %  2009              20.00           96.55           7.3035
 02005   6.65 %  2009              10.00           96.60           7.2937
 99006  11.99 %  2009               5.00          123.94           7.4169
 99006  11.99 %  2009               5.00          123.95           7.4152
 99006  11.99 %  2009               5.00          123.95           7.4152
 99006  11.99 %  2009               5.00          123.91           7.4219
 99006  11.99 %  2009              10.00          123.92           7.4202
 99006  11.99 %  2009              10.00          123.87           7.4285
 99006  11.99 %  2009               5.00          123.87           7.4285
 99006  11.99 %  2009               5.00          123.86           7.4302
 99006  11.99 %  2009               5.00          123.83           7.4352
 99006  11.99 %  2009               5.00          123.90           7.4235
 99006  11.99 %  2009              20.00          123.84           7.4335
 99006  11.99 %  2009               5.00          123.85           7.4318
 99006  11.99 %  2009               5.00          123.85           7.4318
 99006  11.99 %  2009               5.00          123.85           7.4318
 99006  11.99 %  2009               5.00          123.85           7.4318
 99006  11.99 %  2009               5.00          123.82           7.4368
 99006  11.99 %  2009               5.00          123.82           7.4368
 99006  11.99 %  2009               5.00          123.83           7.4352
 99006  11.99 %  2009               5.00          123.89           7.4252
 99006  11.99 %  2009               5.00          123.88           7.4269
 99006  11.99 %  2009              10.00          123.85           7.4318
2 99006  11.99 %  2009               5.00          123.89           7.4252
 99006  11.99 %  2009               5.00          123.88           7.4269
 99006  11.99 %  2009               5.00          123.87           7.4285
 99006  11.99 %  2009               5.00          123.88           7.4269
 99006  11.99 %  2009               5.00          123.88           7.4269
 79002   7.00 %  2009               0.189          96.20           7.7192
 80003   7.50 %  2010               0.016          97.00           8.0195
 02010   7.55 %  2010               5.00          101.70           7.2601
 02010   7.55 %  2010               5.00          101.67           7.2651
 02010   7.55 %  2010               5.00          101.67           7.2651
 02010   7.55 %  2010               5.00          101.67           7.2651
 02010   7.55 %  2010               5.00          101.65           7.2685
 02010   7.55 %  2010               5.00          101.67           7.2651
 02010   7.55 %  2010               5.00          101.65           7.2685
 02010   7.55 %  2010               5.00          101.65           7.2685
 02010   7.55 %  2010              10.00          101.62           7.2735
 02010   7.55 %  2010               5.00          101.62           7.2735
 02010   7.55 %  2010               5.00          101.61           7.2752
 02010   7.55 %  2010               5.00          101.62           7.2735
 02010   7.55 %  2010               5.00          101.67           7.2651
 02010   7.55 %  2010              10.00          101.63           7.2718
 02010   7.55 %  2010               5.00          101.59           7.2785
 02010   7.55 %  2010               5.00          101.58           7.2802
 02010   7.55 %  2010              10.00          101.61           7.2752
 02010   7.55 %  2010              10.00          101.62           7.2735
 02010   7.55 %  2010               5.00          101.58           7.2802
 02010   7.55 %  2010               5.00          101.61           7.2752
 02010   7.55 %  2010               5.00          101.60           7.2769
 02010   7.55 %  2010               5.00          101.62           7.2735
 02010   7.55 %  2010               5.00          101.61           7.2752
 02010   7.55 %  2010              10.00          101.60           7.2769
 02010   7.55 %  2010              10.00          101.58           7.2802
 02010   7.55 %  2010               5.00          101.61           7.2752
 02010   7.55 %  2010               5.00          101.61           7.2752
 02010   7.55 %  2010               5.00          101.62           7.2735
 02010   7.55 %  2010               5.00          101.63           7.2718
 02010   7.55 %  2010              10.00          101.60           7.2769
 02010   7.55 %  2010              10.00          101.62           7.2735
 02010   7.55 %  2010               5.00          101.61           7.2752
 02010   7.55 %  2010               5.00          101.61           7.2752
 02010   7.55 %  2010              10.00          101.61           7.2752
 02010   7.55 %  2010              15.00          101.62           7.2735
 02010   7.55 %  2010              10.00          101.62           7.2735
 02010   7.55 %  2010               5.00          101.62           7.2735
 02010   7.55 %  2010               5.00          101.635          7.2710
 02010   7.55 %  2010              10.00          101.62           7.2735
 02010   7.55 %  2010               5.00          101.62           7.2735
 02010   7.55 %  2010               5.00          101.61           7.2752
 02010   7.55 %  2010              10.00          101.61           7.2752
 02010   7.55 %  2010               5.00          101.61           7.2752
 02010   7.55 %  2010               5.00          101.59           7.2785
 98015  12.25 %  2010               5.00          126.78           7.7014
 00014  11.30 %  2010               5.00          122.70           7.4969
 99005  12.32 %  2011               5.00          128.10           7.7663
 99005  12.32 %  2011              15.00          128.15           7.7594
3 99005  12.32 %  2011              25.00          128.15           7.7594
 81005   8.00 %  2011               0.021          97.00           8.4871
 00010  10.95 %  2011               5.00          121.10           7.6384
 01007   9.39 %  2011               5.00          112.02           7.5264
 01007   9.39 %  2011              10.00          112.00           7.5293
 01007   9.39 %  2011               5.00          112.00           7.5293
 01007   9.39 %  2011               5.00          112.05           7.5221
 01007   9.39 %  2011               5.00          112.04           7.5235
 01007   9.39 %  2011               1.00          111.75           7.5654
 01007   9.39 %  2011              10.00          112.00           7.5293
 01007   9.39 %  2011              10.00          112.00           7.5293
 01007   9.39 %  2011               5.00          112.00           7.5293
 01007   9.39 %  2011               5.00          111.98           7.5322
 01007   9.39 %  2011               5.00          112.02           7.5264
 01007   9.39 %  2011               5.00          111.95           7.5365
 01007   9.39 %  2011               5.00          111.95           7.5365
 01007   9.39 %  2011               5.00          111.97           7.5336
 01007   9.39 %  2011               5.00          111.99           7.5307
 01007   9.39 %  2011               5.00          111.97           7.5336
 01007   9.39 %  2011               5.00          112.00           7.5293
 01007   9.39 %  2011               5.00          111.99           7.5307
 01007   9.39 %  2011              10.00          112.00           7.5293
 01007   9.39 %  2011               5.00          111.96           7.5351
 01007   9.39 %  2011              25.00          111.95           7.5365
 01007   9.39 %  2011              25.00          112.00           7.5293
 00017  11.50 %  2011               5.00          126.50           7.5127
 00017  11.50 %  2011               5.00          126.49           7.5140
 00017  11.50 %  2011               5.00          126.50           7.5127
 00017  11.50 %  2011               5.00          126.49           7.5140
 00017  11.50 %  2011               5.00          126.485          7.5146
 00017  11.50 %  2011               5.00          126.50           7.5127
 00017  11.50 %  2011               5.00          126.47           7.5165
 00017  11.50 %  2011               5.00          126.48           7.5153
 00017  11.50 %  2011               5.00          126.48           7.5153
 00017  11.50 %  2011               5.00          126.45           7.5191
 00017  11.50 %  2011               5.00          126.50           7.5127
 00017  11.50 %  2011               5.00          126.46           7.5178
 00017  11.50 %  2011              10.00          126.46           7.5178
 00017  11.50 %  2011               5.00          126.47           7.5165
 00017  11.50 %  2011               5.00          126.46           7.5178
 00017  11.50 %  2011               5.00          126.45           7.5191
 00017  11.50 %  2011               5.00          126.41           7.5243
 00017  11.50 %  2011               5.00          126.43           7.5217
 00017  11.50 %  2011              10.00          126.47           7.5165
 00017  11.50 %  2011               5.00          126.42           7.5230
 00017  11.50 %  2011               5.00          126.45           7.5191
 00017  11.50 %  2011               5.00          126.45           7.5191
 00017  11.50 %  2011               5.00          126.45           7.5191
 00017  11.50 %  2011               5.00          126.47           7.5165
 00017  11.50 %  2011               5.00          126.45           7.5191
 00017  11.50 %  2011               5.00          126.42           7.5230
 00017  11.50 %  2011               5.00          126.46           7.5178
 00017  11.50 %  2011              15.00          126.405          7.5249
 00017  11.50 %  2011               5.00          126.45           7.5191
 00017  11.50 %  2011              10.00          126.45           7.5191
4 00017  11.50 %  2011               5.00          126.41           7.5243
 00017  11.50 %  2011               5.00          126.43           7.5217
 00017  11.50 %  2011               5.00          126.42           7.5230
 00017  11.50 %  2011              25.00          126.405          7.5249
 00017  11.50 %  2011               5.00          126.43           7.5217
 00017  11.50 %  2011               5.00          126.40           7.5255
 00017  11.50 %  2011               5.00          126.40           7.5255
 00017  11.50 %  2011               5.00          126.40           7.5255
 00017  11.50 %  2011               5.00          126.40           7.5255
 00017  11.50 %  2011               5.00          126.40           7.5255
 00017  11.50 %  2011               5.00          126.40           7.5255
 00017  11.50 %  2011               5.00          126.38           7.5281
 00017  11.50 %  2011               5.00          126.40           7.5255
 00017  11.50 %  2011               5.00          126.40           7.5255
 00017  11.50 %  2011               5.00          126.40           7.5255
 00017  11.50 %  2011               5.00          126.39           7.5268
 00017  11.50 %  2011               5.00          126.41           7.5243
 00017  11.50 %  2011               5.00          126.70           7.4870
 00017  11.50 %  2011               5.00          126.49           7.5140
 02006   6.85 %  2012              10.00           95.885          7.4488
 02006   6.85 %  2012              10.00           95.875          7.4503
 02006   6.85 %  2012              25.00           95.86           7.4525
 02006   6.85 %  2012               0.50           96.20           7.4016
 02006   6.85 %  2012              25.00           95.86           7.4525
 02006   6.85 %  2012               5.00           95.82           7.4585
 02009   7.40 %  2012               5.00           99.94           7.4065
 02009   7.40 %  2012               5.00           99.93           7.4080
 02009   7.40 %  2012               5.00           99.90           7.4123
 02009   7.40 %  2012               5.00           99.90           7.4123
 02009   7.40 %  2012               5.00           99.90           7.4123
 02009   7.40 %  2012               5.00           99.91           7.4109
 02009   7.40 %  2012               0.20           99.60           7.4559
 02009   7.40 %  2012               5.00           99.87           7.4167
 02009   7.40 %  2012               5.00           99.86           7.4181
 02009   7.40 %  2012               5.00           99.85           7.4196
 02009   7.40 %  2012               5.00           99.87           7.4167
 02009   7.40 %  2012               5.00           99.91           7.4109
 02009   7.40 %  2012               5.00           99.85           7.4196
 02009   7.40 %  2012               5.00           99.90           7.4123
 02009   7.40 %  2012               1.439         100.00           7.3978
 02009   7.40 %  2012               5.00           99.85           7.4196
 02009   7.40 %  2012               5.00           99.85           7.4196
 02009   7.40 %  2012              10.00           99.80           7.4268
 02009   7.40 %  2012              10.00           99.80           7.4268
 02009   7.40 %  2012               5.00           99.80           7.4268
 02009   7.40 %  2012               5.00           99.85           7.4196
 02009   7.40 %  2012               5.00           99.81           7.4254
 02009   7.40 %  2012               5.00           99.82           7.4239
 02009   7.40 %  2012               5.00           99.90           7.4123
 02009   7.40 %  2012               5.00           99.81           7.4254
 02009   7.40 %  2012               5.00           99.845          7.4203
 02009   7.40 %  2012               5.00           99.82           7.4239
 02009   7.40 %  2012               5.00           99.85           7.4196
 02009   7.40 %  2012               5.00           99.83           7.4225
 02009   7.40 %  2012               5.00           99.83           7.4225
5 02009   7.40 %  2012               5.00           99.83           7.4225
 02009   7.40 %  2012               5.00           99.82           7.4239
 02009   7.40 %  2012               5.00           99.85           7.4196
 02009   7.40 %  2012               5.00           99.82           7.4239
 02009   7.40 %  2012               5.00           99.84           7.4210
 02009   7.40 %  2012               0.05           99.60           7.4559
 02009   7.40 %  2012               5.00           99.83           7.4225
 02009   7.40 %  2012               5.00           99.82           7.4239
 02009   7.40 %  2012               5.00           99.82           7.4239
 02009   7.40 %  2012               5.00           99.81           7.4254
 02009   7.40 %  2012               5.00           99.84           7.4210
 02009   7.40 %  2012               5.00           99.84           7.4210
 02009   7.40 %  2012               5.00           99.835          7.4218
 02009   7.40 %  2012               5.00           99.85           7.4196
 02009   7.40 %  2012              21.00           99.82           7.4239
 02009   7.40 %  2012               5.00           99.84           7.4210
 02009   7.40 %  2012              10.00           99.82           7.4239
 02009   7.40 %  2012               5.00           99.87           7.4167
 02009   7.40 %  2012               5.00           99.84           7.4210
 02009   7.40 %  2012               5.00           99.85           7.4196
 02009   7.40 %  2012               5.00           99.85           7.4196
 02009   7.40 %  2012               0.25          100.00           7.3978
 02009   7.40 %  2012               0.50           99.96           7.4036
 02009   7.40 %  2012               0.40           99.63           7.4516
 02009   7.40 %  2012               0.05          100.05           7.3906
 02009   7.40 %  2012               5.00           99.85           7.4196
 02009   7.40 %  2012              10.00           99.86           7.4181
 02009   7.40 %  2012               5.00           99.85           7.4196
 02009   7.40 %  2012               5.00           99.86           7.4181
 02009   7.40 %  2012               5.00           99.87           7.4167
 02009   7.40 %  2012               5.00           99.86           7.4181
 02009   7.40 %  2012              10.00           99.86           7.4181
 02009   7.40 %  2012               5.00           99.86           7.4181
 02009   7.40 %  2012               5.00           99.86           7.4181
 02009   7.40 %  2012               5.00           99.86           7.4181
 02009   7.40 %  2012               5.00           99.86           7.4181
 02009   7.40 %  2012              10.00           99.86           7.4181
 02009   7.40 %  2012               5.00           99.85           7.4196
 02009   7.40 %  2012               5.00           99.85           7.4196
 02009   7.40 %  2012               5.00           99.85           7.4196
 02009   7.40 %  2012               5.00           99.86           7.4181
 02009   7.40 %  2012               5.00           99.86           7.4181
 02009   7.40 %  2012               5.00           99.85           7.4196
 02009   7.40 %  2012               5.00           99.87           7.4167
 02009   7.40 %  2012               5.00           99.85           7.4196
 02009   7.40 %  2012               0.75           99.80           7.4268
 02009   7.40 %  2012               0.50           99.88           7.4152
 02009   7.40 %  2012               0.50           99.95           7.4051
 02009   7.40 %  2012               5.00           99.86           7.4181
 02009   7.40 %  2012              10.00           99.86           7.4181
 02009   7.40 %  2012               0.25           99.75           7.4341
 02009   7.40 %  2012               5.00           99.85           7.4196
 02009   7.40 %  2012               0.25          100.05           7.3906
 02009   7.40 %  2012               0.50          100.05           7.3906
 02009   7.40 %  2012               0.50          100.00           7.3978
6 02009   7.40 %  2012               5.00           99.86           7.4181
 02009   7.40 %  2012               5.00           99.84           7.4210
 02009   7.40 %  2012               0.50           99.95           7.4051
 00012  11.03 %  2012               5.00          123.88           7.5875
 00012  11.03 %  2012               5.00          123.90           7.5850
 00012  11.03 %  2012               5.00          123.86           7.5900
 00012  11.03 %  2012               5.00          123.85           7.5913
 00012  11.03 %  2012               5.00          123.86           7.5900
 00012  11.03 %  2012               5.00          123.85           7.5913
 00012  11.03 %  2012               5.00          123.87           7.5888
 00012  11.03 %  2012               5.00          123.85           7.5913
 00012  11.03 %  2012               5.00          123.80           7.5975
 00012  11.03 %  2012               5.00          123.83           7.5938
 00012  11.03 %  2012               5.00          123.85           7.5913
 00012  11.03 %  2012               5.00          123.81           7.5963
 00012  11.03 %  2012               5.00          123.85           7.5913
 00012  11.03 %  2012               5.00          123.85           7.5913
 00012  11.03 %  2012               5.00          123.80           7.5975
 00012  11.03 %  2012              10.00          123.80           7.5975
 00012  11.03 %  2012               5.00          123.75           7.6038
 00012  11.03 %  2012               5.00          123.80           7.5975
 00012  11.03 %  2012               5.00          123.85           7.5913
 00012  11.03 %  2012               5.00          123.79           7.5988
 00012  11.03 %  2012               5.00          123.82           7.5950
 00012  11.03 %  2012               5.00          123.82           7.5950
 00012  11.03 %  2012              10.00          123.84           7.5925
 00012  11.03 %  2012               5.00          123.81           7.5963
 00012  11.03 %  2012               5.00          123.81           7.5963
 00012  11.03 %  2012               5.00          123.81           7.5963
 00012  11.03 %  2012               5.00          123.80           7.5975
 00012  11.03 %  2012               5.00          123.81           7.5963
 00012  11.03 %  2012               5.00          123.84           7.5925
 00012  11.03 %  2012               5.00          123.85           7.5913
 00012  11.03 %  2012               5.00          123.86           7.5900
 00012  11.03 %  2012               5.00          123.82           7.5950
 00012  11.03 %  2012               0.17          123.89           7.5863
 01009   9.40 %  2012               5.00          112.90           7.5585
 01009   9.40 %  2012              10.00          112.83           7.5677
 01009   9.40 %  2012               5.00          112.90           7.5585
 01009   9.40 %  2012               5.00          112.80           7.5717
 01009   9.40 %  2012              10.00          112.80           7.5717
 01009   9.40 %  2012               5.00          112.83           7.5677
 01009   9.40 %  2012               5.00          112.83           7.5677
 01009   9.40 %  2012               5.00          112.84           7.5664
 01009   9.40 %  2012               5.00          112.83           7.5677
 01009   9.40 %  2012              10.00          112.84           7.5664
 01009   9.40 %  2012               5.00          112.87           7.5625
 01009   9.40 %  2012               5.00          112.85           7.5651
 82005   9.00 %  2013               2.50          107.50           7.9554
 01005   9.81 %  2013               5.00          116.45           7.5660
 01005   9.81 %  2013               5.00          116.49           7.5610
 01005   9.81 %  2013               5.00          116.52           7.5573
 01005   9.81 %  2013               5.00          116.49           7.5610
 01005   9.81 %  2013               5.00          116.51           7.5586
 01005   9.81 %  2013               5.00          116.49           7.5610
7 01005   9.81 %  2013               0.50          117.30           7.4619
 01005   9.81 %  2013               5.00          116.49           7.5610
 01005   9.81 %  2013               5.00          116.51           7.5586
 01005   9.81 %  2013               5.00          116.50           7.5598
 01005   9.81 %  2013               5.00          116.47           7.5635
 01005   9.81 %  2013               5.00          116.47           7.5635
 01005   9.81 %  2013               5.00          116.45           7.5660
 01005   9.81 %  2013               5.00          116.45           7.5660
 01005   9.81 %  2013               5.00          116.51           7.5586
 01005   9.81 %  2013               5.00          116.48           7.5623
 01005   9.81 %  2013               5.00          116.42           7.5696
 01005   9.81 %  2013              10.00          116.42           7.5696
 01005   9.81 %  2013               5.00          116.50           7.5598
 01005   9.81 %  2013               5.00          116.48           7.5623
 01005   9.81 %  2013               5.00          116.47           7.5635
 01005   9.81 %  2013               5.00          116.46           7.5647
 01005   9.81 %  2013               5.00          116.50           7.5598
 01005   9.81 %  2013               5.00          116.47           7.5635
 01005   9.81 %  2013               5.00          116.42           7.5696
 01005   9.81 %  2013               5.00          116.47           7.5635
 01005   9.81 %  2013               5.00          116.48           7.5623
 01005   9.81 %  2013               5.00          116.48           7.5623
 01005   9.81 %  2013              10.00          116.50           7.5598
 01005   9.81 %  2013               5.00          116.49           7.5610
 01005   9.81 %  2013               5.00          116.49           7.5610
 01005   9.81 %  2013               5.00          116.50           7.5598
 01005   9.81 %  2013               5.00          116.49           7.5610
 01005   9.81 %  2013               5.00          116.49           7.5610
 01005   9.81 %  2013               5.00          116.48           7.5623
 01005   9.81 %  2013               5.00          116.47           7.5635
 01005   9.81 %  2013               5.00          116.485          7.5616
 01005   9.81 %  2013               5.00          116.54           7.5549
 01005   9.81 %  2013              10.00          116.49           7.5610
 01005   9.81 %  2013               5.00          116.53           7.5561
 01005   9.81 %  2013               5.00          116.53           7.5561
 01005   9.81 %  2013               5.00          116.53           7.5561
 01005   9.81 %  2013               5.00          116.54           7.5549
 01005   9.81 %  2013               5.00          116.53           7.5561
 01005   9.81 %  2013               5.00          116.52           7.5573
 01005   9.81 %  2013               5.00          116.49           7.5610
 01005   9.81 %  2013               5.00          116.525          7.5567
 01005   9.81 %  2013               5.00          116.50           7.5598
 01005   9.81 %  2013               5.00          116.51           7.5586
 01005   9.81 %  2013               5.00          116.46           7.5647
 01005   9.81 %  2013               5.00          116.49           7.5610
 01005   9.81 %  2013               5.00          116.52           7.5573
 01005   9.81 %  2013               5.00          116.48           7.5623
 01005   9.81 %  2013               5.00          116.48           7.5623
 01005   9.81 %  2013               5.00          116.54           7.5549
 01005   9.81 %  2013               5.00          116.53           7.5561
 01005   9.81 %  2013               5.00          116.50           7.5598
 01005   9.81 %  2013               5.00          116.52           7.5573
 01005   9.81 %  2013               5.00          116.53           7.5561
 01005   9.81 %  2013               5.00          116.51           7.5586
 01005   9.81 %  2013               5.00          116.52           7.5573
8 01005   9.81 %  2013              10.00          116.52           7.5573
 01005   9.81 %  2013               5.00          116.49           7.5610
 01005   9.81 %  2013               5.00          116.50           7.5598
 01005   9.81 %  2013              20.00          116.555          7.5530
 01005   9.81 %  2013               5.00          116.51           7.5586
 01005   9.81 %  2013               5.00          116.50           7.5598
 01005   9.81 %  2013               5.00          116.48           7.5623
 01005   9.81 %  2013               5.00          116.53           7.5561
 01005   9.81 %  2013               5.00          116.51           7.5586
 01005   9.81 %  2013               5.00          116.70           7.5352
 01005   9.81 %  2013               5.00          116.52           7.5573
 99020  11.83 %  2014               5.00          129.200          8.0525
 99020  11.83 %  2014               5.00          129.15           8.0579
 99020  11.83 %  2014               5.00          129.200          8.0525
 99020  11.83 %  2014               0.065         131.20           7.8390
 01001  10.47 %  2015              10.00          120.27           7.8994
 01001  10.47 %  2015              10.00          120.26           7.9005
 85007  11.50 %  2015              15.00          127.30           8.0531
 00015  11.43 %  2015               0.23          127.40           8.0110
 00015  11.43 %  2015               5.00          127.75           7.9743
 01011   9.85 %  2015               5.00          117.80           7.6853
 01011   9.85 %  2015               5.00          117.74           7.6918
 01011   9.85 %  2015               5.00          117.72           7.6940
 01011   9.85 %  2015               5.00          117.77           7.6886
 01011   9.85 %  2015               5.00          117.72           7.6940
 01011   9.85 %  2015              25.00          117.80           7.6853
 01011   9.85 %  2015               5.00          117.78           7.6875
 01011   9.85 %  2015               5.00          117.70           7.6961
 01011   9.85 %  2015               5.00          117.70           7.6961
 01011   9.85 %  2015               5.00          117.70           7.6961
 01011   9.85 %  2015              10.00          117.70           7.6961
 01011   9.85 %  2015              10.00          117.70           7.6961
 01011   9.85 %  2015              10.00          117.70           7.6961
 01011   9.85 %  2015               5.00          117.70           7.6961
 01011   9.85 %  2015               5.00          117.68           7.6983
 01011   9.85 %  2015               5.00          117.69           7.6972
 01011   9.85 %  2015               5.00          117.69           7.6972
 01011   9.85 %  2015               5.00          117.75           7.6907
 01011   9.85 %  2015              10.00          117.71           7.6951
 01011   9.85 %  2015               5.00          117.75           7.6907
 01011   9.85 %  2015               5.00          117.75           7.6907
 01011   9.85 %  2015              10.00          117.75           7.6907
 01011   9.85 %  2015              10.00          117.70           7.6961
 01011   9.85 %  2015               5.00          117.72           7.6940
 01011   9.85 %  2015               5.00          117.70           7.6961
 01011   9.85 %  2015               5.00          117.75           7.6907
 01011   9.85 %  2015               0.25          117.40           7.7287
 01011   9.85 %  2015               5.00          117.68           7.6983
 01011   9.85 %  2015               5.00          117.68           7.6983
 01011   9.85 %  2015               0.50          117.70           7.6961
 01011   9.85 %  2015               5.00          117.72           7.6940
 01011   9.85 %  2015               5.00          117.70           7.6961
 01011   9.85 %  2015               1.00          117.69           7.6972
 01011   9.85 %  2015               0.50          117.68           7.6983
 01011   9.85 %  2015               5.00          117.67           7.6994
9 01011   9.85 %  2015               5.00          117.76           7.6896
 01011   9.85 %  2015               5.00          117.70           7.6961
 01011   9.85 %  2015               5.00          117.70           7.6961
 01011   9.85 %  2015               5.00          117.70           7.6961
 01011   9.85 %  2015              25.00          117.72           7.6940
 01011   9.85 %  2015               2.00          117.75           7.6907
 01003  10.71 %  2016               5.00          123.94           7.8366
 01003  10.71 %  2016               5.00          123.85           7.8459
 01003  10.71 %  2016               5.00          123.85           7.8459
 01003  10.71 %  2016               5.00          123.83           7.8479
 01003  10.71 %  2016              10.00          123.85           7.8459
 01003  10.71 %  2016              20.00          123.85           7.8459
 01003  10.71 %  2016              10.00          123.85           7.8459
 01003  10.71 %  2016               5.00          123.82           7.8490
 01003  10.71 %  2016               5.00          123.85           7.8459
 01003  10.71 %  2016               5.00          123.78           7.8531
 01003  10.71 %  2016               5.00          123.76           7.8552
 01003  10.71 %  2016               5.00          123.75           7.8562
 01003  10.71 %  2016              10.00          123.75           7.8562
 01003  10.71 %  2016               5.00          123.78           7.8531
 01003  10.71 %  2016              10.00          123.81           7.8500
 01003  10.71 %  2016               5.00          123.77           7.8541
 01003  10.71 %  2016               5.00          123.87           7.8438
 01003  10.71 %  2016               5.00          123.78           7.8531
 01003  10.71 %  2016               5.00          123.84           7.8469
 01003  10.71 %  2016               5.00          123.80           7.8510
 01003  10.71 %  2016               5.00          123.83           7.8479
 01003  10.71 %  2016               5.00          123.86           7.8449
 01003  10.71 %  2016               5.00          123.87           7.8438
 01003  10.71 %  2016               5.00          123.87           7.8438
 01003  10.71 %  2016               5.00          123.85           7.8459
 01003  10.71 %  2016               5.00          123.85           7.8459
 01003  10.71 %  2016               5.00          123.89           7.8418
 01003  10.71 %  2016              10.00          123.90           7.8407
 01003  10.71 %  2016               5.00          123.71           7.8603
 01003  10.71 %  2016               5.00          123.79           7.8521
 01003  10.71 %  2016              25.00          123.85           7.8459
 02001   8.07 %  2017               1.00          102.90           7.7337
 02001   8.07 %  2017               5.00          102.98           7.7247
 02001   8.07 %  2017               5.00          102.98           7.7247
 02001   8.07 %  2017               1.00          102.90           7.7337
 02001   8.07 %  2017               1.634         102.85           7.7394
 02001   8.07 %  2017               5.00          102.92           7.7315
 02001   8.07 %  2017               2.00          103.10           7.7111
 02001   8.07 %  2017               0.25          102.90           7.7337
 02001   8.07 %  2017               0.25          103.00           7.7224
 02001   8.07 %  2017               1.00          103.00           7.7224
 02001   8.07 %  2017               0.25          103.00           7.7224
 02001   8.07 %  2017               1.00          102.90           7.7337
 02001   8.07 %  2017               1.00          103.05           7.7167
 02007   7.49 %  2017               5.00           98.15           7.6998
 02007   7.49 %  2017               5.00           98.00           7.7172
 02007   7.49 %  2017               0.50           98.70           7.6363
 02007   7.49 %  2017               5.00           98.00           7.7172
 02007   7.49 %  2017               1.00           98.45           7.6651
10 02007   7.49 %  2017              10.00           98.00           7.7172
 02007   7.49 %  2017               0.75           98.00           7.7172
 02007   7.49 %  2017               0.75           98.13           7.7021
 02007   7.49 %  2017               0.50           98.10           7.7056
 02007   7.49 %  2017               1.00           98.37           7.6743
 02007   7.49 %  2017              10.00           98.03           7.7137
 02007   7.49 %  2017               0.40           98.40           7.6708
 02007   7.49 %  2017               5.00           98.25           7.6882
 02007   7.49 %  2017               1.00           98.02           7.7148
 02012   6.84 %  2017              25.00          100.00           6.8399
 01004  10.45 %  2018               1.00          119.25           8.2472
 00008  10.70 %  2020               3.512         123.745          8.1472
 00008  10.70 %  2020               0.05          123.00           8.2156
 01006  10.25 %  2021               5.00          120.78           8.0848
 01006  10.25 %  2021              20.00          120.65           8.0966
 01006  10.25 %  2021               5.00          120.60           8.1011
 01006  10.25 %  2021               5.00          120.50           8.1101
 01006  10.25 %  2021               0.25          120.25           8.1328
 02011   8.35 %  2022               1.00          103.25           8.0185
 02011   8.35 %  2022               1.00          102.00           8.1435
 01010  10.18 %  2026               0.50          120.50           8.2136
 01010  10.18 %  2026               0.20          120.00           8.2549
 01010  10.18 %  2026              10.00          120.35           8.2260
 01010  10.18 %  2026              15.00          120.30           8.2301
 01010  10.18 %  2026               0.20          120.25           8.2342
     Total                       3443.5574
B. State Government Securities
          Contract Date : July 04, 2002
 94223 12.50% TAMILNADU SDL 2004    0.30          106.50          8.5266
 98221 12.15% TAMILNADU SDL 2008    0.12          119.94          7.8009
 00222 10.52% KARNATAKA SDL 2010    0.15          114.40          8.0004
 00213 10.52% AP SDL 2010           1.00          113.43          8.1565
 02285 7.83% MAHARASTRA G.S.2012    1.25          100.00          7.8296
     Total                          2.82
C. Treasury Bills
   (i) 14 Day Bills (Maturity-wise)
       (DD/MM/YYYY)
                                           NIL
   (ii) 91 Day Bills (Maturity-wise)
       (DD/MM/YYYY)
          Contract Date : July 04, 2002
        05/07/2002                 15.00           99.9841         5.7885
        12/07/2002                  6.00           99.8665         6.0824
        12/07/2002                 10.00           99.8665         6.0824
        19/07/2002                  1.80           99.7614         5.8039
        02/08/2002                  7.25           99.5413         5.7840
        09/08/2002                  6.1325         99.4331         5.7647
        16/08/2002                 10.00           99.3039         5.9339
        16/08/2002                 10.00           99.3155         5.8343
        16/08/2002                  7.50           99.3213         5.7845
        16/08/2002                 13.4161         99.3237         5.7639
        16/08/2002                  0.1964         99.3237         5.7639
        23/08/2002                 10.00           99.2117         5.7844
11        23/08/2002                 15.00           99.2144         5.7645
        20/09/2002                  9.00           98.7361         5.9737
        27/09/2002                  5.00           98.6674         5.7837
     Total                        126.295
   (iii) 182 Day Bills (Maturity-wise)
       (DD/MM/YYYY)
                                           NIL
   (iv) 364 Day Bills (Maturity-wise)
       (DD/MM/YYYY)
          Contract Date : July 03, 2002
        16/05/2003                 25.00           94.9603         6.0940
          Contract Date : July 04, 2002
        06/09/2002                  0.05           98.9160         6.2328
        06/09/2002                  0.40           98.9675         5.9336
        20/09/2002                 10.00          100.0000         0.0000
        07/03/2003                 10.00           96.0387         6.1032
        02/05/2003                 10.00           95.1954         6.0833
        27/06/2003                  1.25           94.4334         5.9935
     Total                         56.70
II.  REPO Transactions *
    (Other than with RBI)
---------------------------------------------------------------------------
 Loan  Nomenclature                Amount      Price *   Repo Rate   Repo
 Code                            (Face Value) Per Rs.100   (%pa )    Period
                                 (in Rs.Crore) Nominal              (Days)
           (1)                      (2)          (3)        (4)      (5)
---------------------------------------------------------------------------
A. Government of India Dated Securities
 97011  11.15 %  2002              25.00      100.80        5.80       1
 98004  11.10 %  2003              10.00      103.50        5.60       1
 98004  11.10 %  2003              60.00      103.50        5.60       1
 98004  11.10 %  2003              30.00      103.50        5.70       1
 00013  11.00 %  2006              50.00      114.50        5.80       1
 01012   6.23 %  2006              50.00      100.00        5.75       1
 01012   6.23 %  2006              60.00      100.00        5.75       1
 01012   6.23 %  2006              30.00      100.00        5.75       1
 02005   6.65 %  2009             100.00       97.00        5.75       1
 02005   6.65 %  2009              50.00       97.00        5.80       4
 02010   7.55 %  2010              25.00      101.65        5.75       1
 00014  11.30 %  2010              40.00      122.70        5.80       1
 01007   9.39 %  2011              25.00      111.95        5.80       1
 02006   6.85 %  2012              10.00       96.00        5.75       1
 02006   6.85 %  2012              30.00       96.00        5.80       4
 00012  11.03 %  2012              45.00      123.80        5.70       4
 00012  11.03 %  2012             150.00      123.75        5.75       1
 00012  11.03 %  2012              25.00      123.80        5.60       1
 00012  11.03 %  2012               6.78      123.80        5.60       1
 00012  11.03 %  2012              10.00      123.00        6.75       1
 01001  10.47 %  2015               5.00      120.00        6.75       1
 00015  11.43 %  2015              18.75      128.00        5.65       1
 01003  10.71 %  2016               5.00      123.85        5.50       1
 02001   8.07 %  2017              20.00      103.00        5.80       4
 02007   7.49 %  2017              60.00       98.00        5.70       4
 02012   6.84 %  2017              20.00      100.00        5.85       4
12 02012   6.84 %  2017              50.00      100.00        5.80       4
 02012   6.84 %  2017              80.00      100.00        5.75       1
     Total                       1090.53
B. State Government Securities
                                           NIL
C. Treasury Bills
   (i) 14 Day Bills (Maturity-wise)
      (DD/MM/YYYY)
                                           NIL
   (ii) 91 Day Bills (Maturity-wise)
      (DD/MM/YYYY)
                                           NIL
   (iii) 182 Day Bills (Maturity-wise)
      (DD/MM/YYYY)
                                           NIL
   (iv) 364 Day Bills (Maturity-wise)
       (DD/MM/YYYY)
                                           NIL
-----------------------------------------------------------------------------
  * Relate to the first leg of Repos
  # YTM(indicative) will depend upon assumed rate of inflation
Date :  04 July 2002
13