Subsidiary General Ledger Account Transactions
in Government Dated Securities and Treasury Bills
at RBI, Mumbai on 11 April 2002
---------------------------------------------------------------------------
 Loan  Nomenclature              Amount           Price *        YTM %
 Code                            (Face Value)     Per Rs.100   Indicative
                                 (in Rs.Crore)    nominal
---------------------------------------------------------------------------
I.  Outright Transactions
A.Government of India Dated Securities
          Contract Date : April 09, 2002
 01009   9.40 %  2012               5.00          116.25           7.1594
 02001   8.07 %  2017               5.00          107.45           7.2385
          Contract Date : April 10, 2002
 97011  11.15 %  2002              25.00          101.87           6.2058
 94003  12.50 %  2004              10.00          111.36           6.2273
 94003  12.50 %  2004              10.00          111.395          6.2093
 94003  12.50 %  2004              10.00          111.395          6.2093
 94003  12.50 %  2004              10.00          111.36           6.2273
 94003  12.50 %  2004               5.00          111.395          6.2093
 94003  12.50 %  2004              10.00          111.36           6.2273
 00007   9.90 %  2005              10.00          109.73           6.3228
 97010  11.19 %  2005              20.00          114.50           6.3003
 97010  11.19 %  2005              20.00          114.50           6.3003
 97010  11.19 %  2005              20.00          114.50           6.3003
 97010  11.19 %  2005              20.00          114.50           6.3003
 97010  11.19 %  2005              20.00          114.50           6.3003
 95012  14.00 %  2005(INSTA         0.15          121.80           6.7491
 97002  13.05 %  2007               0.71          126.00           6.8536
 99006  11.99 %  2009               5.00          126.80           7.0661
 99006  11.99 %  2009               5.00          126.75           7.0740
 99006  11.99 %  2009              10.00          126.80           7.0661
 99006  11.99 %  2009               5.00          126.61           7.0961
 89009  11.50 %  2009               0.55          122.75           7.3288
 80003   7.50 %  2010               0.25          103.00           7.0063
 00014  11.30 %  2010              10.00          125.12           7.2200
 00014  11.30 %  2010               5.00          125.12           7.2200
 00014  11.30 %  2010               5.00          125.15           7.2158
 00014  11.30 %  2010               5.00          125.15           7.2158
 81005   8.00 %  2011               0.30          105.45           7.1700
 81005   8.00 %  2011               0.75          104.75           7.2733
 01007   9.39 %  2011               5.00          114.03           7.2731
 01007   9.39 %  2011               5.00          114.30           7.2358
 00017  11.50 %  2011               5.00          128.72           7.2919
 00017  11.50 %  2011               5.00          128.770          7.2857
 00017  11.50 %  2011               5.00          128.85           7.2758
 00017  11.50 %  2011               5.00          128.770          7.2857
 00017  11.50 %  2011               5.00          128.88           7.2721
 00017  11.50 %  2011               5.00          128.85           7.2758
 00017  11.50 %  2011               5.00          128.710          7.2932
 00017  11.50 %  2011               5.00          128.90           7.2697 00017  11.50 %  2011               5.00          128.65           7.3006
 00017  11.50 %  2011               5.00          128.700          7.2944
 00017  11.50 %  2011               5.00          128.800          7.2820
 00017  11.50 %  2011               5.00          128.63           7.3031
 00017  11.50 %  2011               5.00          128.860          7.2746
 00017  11.50 %  2011               5.00          128.800          7.2820
 00017  11.50 %  2011               7.15          128.75           7.2882
 00017  11.50 %  2011               5.00          128.75           7.2882
 00017  11.50 %  2011               5.00          128.84           7.2771
 00017  11.50 %  2011               5.00          128.85           7.2758
 00017  11.50 %  2011               5.00          128.90           7.2697
 00017  11.50 %  2011               5.00          128.82           7.2796
 00017  11.50 %  2011               5.00          128.770          7.2857
 00017  11.50 %  2011               5.00          128.950          7.2635
 00017  11.50 %  2011               5.00          128.610          7.3055
 00017  11.50 %  2011               5.00          128.800          7.2820
 00017  11.50 %  2011               5.00          128.72           7.2919
 00017  11.50 %  2011               5.00          128.800          7.2820
 00017  11.50 %  2011               5.00          128.90           7.2697
 00017  11.50 %  2011               5.00          128.60           7.3068
 00017  11.50 %  2011               5.00          128.90           7.2697
 00017  11.50 %  2011               5.00          128.90           7.2697
 00017  11.50 %  2011               5.00          128.700          7.2944
 00017  11.50 %  2011               5.00          128.82           7.2796
 00017  11.50 %  2011               5.00          128.800          7.2820
 00017  11.50 %  2011               5.00          128.72           7.2919
 02006   6.85 %  2012               5.00           99.00           6.9906
 02006   6.85 %  2012               5.00           99.16           6.9679
 02006   6.85 %  2012               0.25          100.05           6.8428
 00012  11.03 %  2012               5.00          126.71           7.2878
 00012  11.03 %  2012               5.00          126.61           7.2997
 00012  11.03 %  2012               5.00          126.64           7.2961
 00012  11.03 %  2012               5.00          126.45           7.3189
 00012  11.03 %  2012               5.00          126.70           7.2890
 00012  11.03 %  2012               5.00          126.75           7.2830
 00012  11.03 %  2012               5.00          126.55           7.3069
 00012  11.03 %  2012               5.00          126.75           7.2830
 00012  11.03 %  2012               5.00          126.65           7.2949
 00012  11.03 %  2012               5.00          126.65           7.2949
 01005   9.81 %  2013               5.00          118.70           7.3231
 01005   9.81 %  2013               5.00          118.45           7.3528
 01005   9.81 %  2013               5.00          118.55           7.3409
 01005   9.81 %  2013               5.00          118.51           7.3456
 01005   9.81 %  2013               5.00          118.53           7.3433
 01005   9.81 %  2013              10.00          118.70           7.3231
 01005   9.81 %  2013               5.00          118.72           7.3207
 01005   9.81 %  2013               5.00          118.70           7.3231
 01005   9.81 %  2013               5.00          118.50           7.3468
 01005   9.81 %  2013               5.00          118.70           7.3231
 01005   9.81 %  2013               5.00          118.70           7.3231
 01005   9.81 %  2013               5.00          118.70           7.3231
 01003  10.71 %  2016               5.00          126.60           7.5942
 01003  10.71 %  2016               5.00          126.75           7.5793
 01003  10.71 %  2016               5.00          126.50           7.6041
 01003  10.71 %  2016               5.00          126.75           7.5793
 01003  10.71 %  2016               5.00          126.50           7.6041
 01003  10.71 %  2016               5.00          126.80           7.5744 02001   8.07 %  2017               5.00          106.45           7.3450
 02001   8.07 %  2017               5.00          106.45           7.3450
 02001   8.07 %  2017               2.882         106.23           7.3686
 02001   8.07 %  2017               0.25          106.75           7.3128
 02001   8.07 %  2017               6.00          106.25           7.3665
 02001   8.07 %  2017               0.50          107.55           7.2278
 02001   8.07 %  2017               0.50          106.75           7.3128
 02001   8.07 %  2017               0.25          106.75           7.3128
 02001   8.07 %  2017               0.50          106.52           7.3375
 02001   8.07 %  2017               5.00          106.50           7.3396
 02001   8.07 %  2017               5.00          106.45           7.3450
 02001   8.07 %  2017               5.00          106.45           7.3450
 02001   8.07 %  2017               5.00          106.30           7.3611
 01006  10.25 %  2021               5.00          124.15           7.7981
          Contract Date : April 11, 2002
 87006  11.00 %  2002              10.00          100.37           6.3324
 97012   6.00 %  2002               1.00          121.50            #
 94003  12.50 %  2004               5.00          111.43           6.1832
 94003  12.50 %  2004               5.00          111.42           6.1884
 94003  12.50 %  2004               0.264         111.55           6.1216
 94003  12.50 %  2004              10.00          111.42           6.1884
 94003  12.50 %  2004               5.00          111.43           6.1832
 94003  12.50 %  2004               5.00          111.43           6.1832
 97007  12.59 %  2004              10.00          112.60           6.3174
 97007  12.59 %  2004              10.00          112.60           6.3174
 97010  11.19 %  2005              10.00          114.43           6.3185
 97010  11.19 %  2005              10.00          114.40           6.3278
 97010  11.19 %  2005              10.00          114.42           6.3216
 97010  11.19 %  2005              10.00          114.45           6.3124
 99008  11.68 %  2006              10.00          118.37           6.3987
 98009  11.90 %  2007              11.25          100.00          11.8911
 98009  11.90 %  2007               9.00          100.00          11.8911
 98009  11.90 %  2007               5.00          122.85           6.5763
 98009  11.90 %  2007               5.00          122.85           6.5763
 98009  11.90 %  2007               5.00          122.85           6.5763
 98009  11.90 %  2007               5.00          122.85           6.5763
 00016  11.40 %  2008               3.51          100.00          11.3939
 00016  11.40 %  2008               5.00          123.43           6.8125
 00016  11.40 %  2008               5.00          123.39           6.8194
 00016  11.40 %  2008              10.00          123.39           6.8194
 00016  11.40 %  2008               5.00          123.33           6.8296
 00016  11.40 %  2008               5.00          123.30           6.8348
 00016  11.40 %  2008               5.00          123.32           6.8314
 00016  11.40 %  2008               5.00          123.30           6.8348
 00016  11.40 %  2008               5.00          123.30           6.8348
 00016  11.40 %  2008               5.00          123.31           6.8331
 00016  11.40 %  2008               5.00          123.25           6.8434
 00016  11.40 %  2008               5.00          123.25           6.8434
 00016  11.40 %  2008              10.00          123.33           6.8296
 00016  11.40 %  2008              15.00          123.35           6.8262
 00016  11.40 %  2008               5.00          123.32           6.8314
 00016  11.40 %  2008              10.00          123.32           6.8314
 00016  11.40 %  2008               5.00          123.30           6.8348
 00016  11.40 %  2008              10.00          123.33           6.8296
 00016  11.40 %  2008              10.00          123.32           6.8314
 00016  11.40 %  2008               5.00          123.37           6.8228
 00016  11.40 %  2008              10.00          123.42           6.8142 00016  11.40 %  2008               5.00          123.35           6.8262
 00016  11.40 %  2008               5.00          123.35           6.8262
 00016  11.40 %  2008               5.00          123.44           6.8108
 00016  11.40 %  2008               5.00          123.44           6.8108
 00016  11.40 %  2008              10.00          123.36           6.8245
 00016  11.40 %  2008              10.00          123.42           6.8142
 00016  11.40 %  2008               5.00          123.46           6.8074
 00016  11.40 %  2008               5.00          123.32           6.8314
 00016  11.40 %  2008              10.00          123.45           6.8091
 00016  11.40 %  2008               5.00          123.32           6.8314
 00016  11.40 %  2008              10.00          123.42           6.8142
 00016  11.40 %  2008               5.00          123.46           6.8074
 00016  11.40 %  2008               5.00          123.35           6.8262
 00016  11.40 %  2008               5.00          123.34           6.8279
 00016  11.40 %  2008               5.00          123.43           6.8125
 02005   6.65 %  2009               5.00           99.00           6.8321
 02005   6.65 %  2009               1.00          100.00           6.6497
 02005   6.65 %  2009              10.00           99.00           6.8321
 02005   6.65 %  2009               5.00           99.00           6.8321
 02005   6.65 %  2009               5.00           98.97           6.8376
 02005   6.65 %  2009              10.00           98.95           6.8413
 02005   6.65 %  2009               5.00           98.95           6.8413
 02005   6.65 %  2009              10.00           99.10           6.8138
 02005   6.65 %  2009               5.00           99.06           6.8211
 02005   6.65 %  2009               1.00           99.09           6.8156
 02005   6.65 %  2009               5.00           99.18           6.7991
 02005   6.65 %  2009               1.00           99.05           6.8230
 02005   6.65 %  2009              10.00           99.25           6.7863
 02005   6.65 %  2009              10.00           99.20           6.7955
 02005   6.65 %  2009               5.00           99.25           6.7863
 02005   6.65 %  2009               5.00           99.30           6.7772
 02005   6.65 %  2009              10.00           99.25           6.7863
 02005   6.65 %  2009               5.00           99.29           6.7790
 02005   6.65 %  2009               5.00           99.10           6.8138
 99006  11.99 %  2009              10.00          126.96           7.0395
 99006  11.99 %  2009               5.00          126.75           7.0726
 99006  11.99 %  2009               5.00          126.78           7.0678
 99006  11.99 %  2009               5.00          126.90           7.0489
 99006  11.99 %  2009               5.00          126.90           7.0489
 89009  11.50 %  2009               0.55          122.69           7.3374
 80003   7.50 %  2010               4.00          103.00           7.0062
 98015  12.25 %  2010               3.00          128.60           7.5197
 00014  11.30 %  2010               5.00          125.12           7.2191
 00014  11.30 %  2010               5.00          125.20           7.2079
 00014  11.30 %  2010               5.00          125.35           7.1869
 00014  11.30 %  2010               5.00          125.35           7.1869
 00014  11.30 %  2010               5.00          125.32           7.1911
 00014  11.30 %  2010               5.00          125.24           7.2023
 81005   8.00 %  2011               0.20          105.50           7.1625
 81005   8.00 %  2011               0.50          105.48           7.1654
 00010  10.95 %  2011              30.00          123.00           7.4338
 00010  10.95 %  2011              25.00          123.00           7.4338
 00010  10.95 %  2011              15.00          123.00           7.4338
 00010  10.95 %  2011              15.00          123.00           7.4338
 00010  10.95 %  2011              20.00          123.00           7.4338
 00010  10.95 %  2011              50.00          123.00           7.4338
 00010  10.95 %  2011              25.00          123.00           7.4338 00010  10.95 %  2011              25.00          123.00           7.4338
 00010  10.95 %  2011             160.00          123.00           7.4338
 00010  10.95 %  2011              30.00          123.00           7.4338
 00010  10.95 %  2011              25.00          123.00           7.4338
 00010  10.95 %  2011             100.00          123.00           7.4338
 00010  10.95 %  2011              25.00          123.00           7.4338
 00010  10.95 %  2011              25.00          123.00           7.4338
 00010  10.95 %  2011              25.00          123.00           7.4338
 00010  10.95 %  2011             100.00          123.00           7.4338
 00010  10.95 %  2011              20.00          123.00           7.4338
 00010  10.95 %  2011              50.00          123.00           7.4338
 00010  10.95 %  2011              50.00          123.00           7.4338
 00010  10.95 %  2011             100.00          123.00           7.4338
 00010  10.95 %  2011              25.00          123.00           7.4338
 00010  10.95 %  2011              20.00          123.00           7.4338
 00010  10.95 %  2011              30.00          123.00           7.4338
 00010  10.95 %  2011              25.00          123.00           7.4338
 00010  10.95 %  2011              25.00          123.00           7.4338
 00010  10.95 %  2011               5.00          123.29           7.3952
 00010  10.95 %  2011               5.00          123.34           7.3886
 00010  10.95 %  2011               5.00          123.20           7.4072
 00010  10.95 %  2011              25.00          123.25           7.4005
 00010  10.95 %  2011              10.00          123.28           7.3965
 00010  10.95 %  2011               5.00          123.10           7.4205
 00010  10.95 %  2011               5.00          123.15           7.4138
 00010  10.95 %  2011               5.00          123.15           7.4138
 00010  10.95 %  2011              15.00          123.10           7.4205
 00010  10.95 %  2011               5.00          123.15           7.4138
 00010  10.95 %  2011               5.00          123.20           7.4072
 00010  10.95 %  2011               5.00          123.25           7.4005
 00010  10.95 %  2011              10.00          123.25           7.4005
 00010  10.95 %  2011               5.00          123.30           7.3939
 00010  10.95 %  2011              10.00          123.30           7.3939
 00010  10.95 %  2011               5.00          123.35           7.3873
 00010  10.95 %  2011              25.00          123.28           7.3965
 00010  10.95 %  2011               5.00          123.30           7.3939
 00010  10.95 %  2011              10.00          123.29           7.3952
 00010  10.95 %  2011               5.00          123.30           7.3939
 00010  10.95 %  2011              10.00          123.30           7.3939
 00010  10.95 %  2011               5.00          123.30           7.3939
 00010  10.95 %  2011               5.00          123.35           7.3873
 00010  10.95 %  2011               5.00          123.35           7.3873
 01007   9.39 %  2011               5.00          114.40           7.2216
 01007   9.39 %  2011              10.00          114.42           7.2189
 01007   9.39 %  2011               5.00          114.25           7.2423
 01007   9.39 %  2011               5.00          114.30           7.2354
 01007   9.39 %  2011               5.00          114.31           7.2340
 01007   9.39 %  2011               5.00          114.28           7.2382
 01007   9.39 %  2011               5.00          114.30           7.2354
 01007   9.39 %  2011              10.00          114.32           7.2327
 01007   9.39 %  2011               1.00          114.45           7.2148
 01007   9.39 %  2011               5.00          114.28           7.2382
 01007   9.39 %  2011               5.00          114.32           7.2327
 01007   9.39 %  2011               5.00          114.41           7.2203
 01007   9.39 %  2011               5.00          114.41           7.2203
 01007   9.39 %  2011               0.50          114.45           7.2148
 01007   9.39 %  2011               5.00          114.40           7.2216 00017  11.50 %  2011               5.00          129.07           7.2480
 00017  11.50 %  2011               5.00          128.770          7.2851
 00017  11.50 %  2011              25.00          129.00           7.2566
 00017  11.50 %  2011              10.00          128.955          7.2622
 00017  11.50 %  2011               5.00          129.050          7.2505
 00017  11.50 %  2011               5.00          128.990          7.2579
 00017  11.50 %  2011               5.00          129.050          7.2505
 00017  11.50 %  2011               5.00          128.950          7.2628
 00017  11.50 %  2011               5.00          129.020          7.2542
 00017  11.50 %  2011               5.00          128.960          7.2616
 00017  11.50 %  2011               5.00          128.990          7.2579
 00017  11.50 %  2011               5.00          129.00           7.2566
 00017  11.50 %  2011               5.00          129.00           7.2566
 00017  11.50 %  2011               5.00          128.950          7.2628
 00017  11.50 %  2011               5.00          128.81           7.2801
 00017  11.50 %  2011               5.00          129.00           7.2566
 00017  11.50 %  2011              25.00          129.10           7.2443
 00017  11.50 %  2011              10.00          128.700          7.2937
 00017  11.50 %  2011              10.00          128.90           7.2690
 00017  11.50 %  2011               5.00          128.50           7.3185
 00017  11.50 %  2011               5.00          128.950          7.2628
 00017  11.50 %  2011               5.00          128.950          7.2628
 00017  11.50 %  2011               5.00          129.06           7.2492
 00017  11.50 %  2011               5.00          129.050          7.2505
 00017  11.50 %  2011               5.00          129.00           7.2566
 00017  11.50 %  2011               5.00          128.950          7.2628
 00017  11.50 %  2011               5.00          128.980          7.2591
 00017  11.50 %  2011               5.00          128.995          7.2573
 00017  11.50 %  2011               5.00          128.69           7.2950
 00017  11.50 %  2011               5.00          128.800          7.2813
 00017  11.50 %  2011               5.00          128.800          7.2813
 00017  11.50 %  2011               5.00          128.640          7.3011
 00017  11.50 %  2011              10.00          128.65           7.2999
 00017  11.50 %  2011               5.00          128.60           7.3061
 00017  11.50 %  2011               5.00          128.75           7.2875
 00017  11.50 %  2011               5.00          128.87           7.2727
 00017  11.50 %  2011               5.00          128.88           7.2715
 00017  11.50 %  2011               5.00          128.800          7.2813
 00017  11.50 %  2011               5.00          128.88           7.2715
 00017  11.50 %  2011               5.00          128.75           7.2875
 00017  11.50 %  2011               5.00          128.770          7.2851
 00017  11.50 %  2011               5.00          128.50           7.3185
 00017  11.50 %  2011              10.00          128.50           7.3185
 00017  11.50 %  2011               5.00          128.50           7.3185
 00017  11.50 %  2011               5.00          128.82           7.2789
 00017  11.50 %  2011               5.00          128.790          7.2826
 00017  11.50 %  2011              10.00          128.88           7.2715
 00017  11.50 %  2011              10.00          128.90           7.2690
 00017  11.50 %  2011               5.00          128.81           7.2801
 00017  11.50 %  2011               5.00          128.88           7.2715
 00017  11.50 %  2011               5.00          128.790          7.2826
 00017  11.50 %  2011               5.00          128.85           7.2752
 00017  11.50 %  2011               5.00          128.800          7.2813
 00017  11.50 %  2011               5.00          128.85           7.2752
 00017  11.50 %  2011              10.00          128.860          7.2739
 00017  11.50 %  2011               5.00          128.75           7.2875
 00017  11.50 %  2011               5.00          128.85           7.2752 00017  11.50 %  2011               5.00          128.740          7.2888
 00017  11.50 %  2011               5.00          128.950          7.2628
 00017  11.50 %  2011               5.00          129.00           7.2566
 00017  11.50 %  2011               5.00          129.00           7.2566
 00017  11.50 %  2011               5.00          129.00           7.2566
 00017  11.50 %  2011               5.00          128.90           7.2690
 00017  11.50 %  2011               5.00          129.00           7.2566
 00017  11.50 %  2011               5.00          128.90           7.2690
 00017  11.50 %  2011               5.00          129.00           7.2566
 00017  11.50 %  2011               5.00          129.00           7.2566
 00017  11.50 %  2011               5.00          128.90           7.2690
 00017  11.50 %  2011               5.00          129.03           7.2529
 00017  11.50 %  2011               5.00          129.050          7.2505
 00017  11.50 %  2011               5.00          128.94           7.2640
 00017  11.50 %  2011               5.00          128.85           7.2752
 00017  11.50 %  2011               5.00          128.66           7.2987
 00017  11.50 %  2011              10.00          129.050          7.2505
 00017  11.50 %  2011               5.00          129.050          7.2505
 00017  11.50 %  2011               5.00          128.950          7.2628
 00017  11.50 %  2011              10.00          128.90           7.2690
 00017  11.50 %  2011               5.00          128.90           7.2690
 00017  11.50 %  2011               5.00          129.00           7.2566
 00017  11.50 %  2011               5.00          128.81           7.2801
 00017  11.50 %  2011               5.00          128.90           7.2690
 00017  11.50 %  2011               5.00          129.050          7.2505
 00017  11.50 %  2011               5.00          128.85           7.2752
 00017  11.50 %  2011               5.00          129.00           7.2566
 00017  11.50 %  2011               5.00          128.980          7.2591
 00017  11.50 %  2011               5.00          128.81           7.2801
 00017  11.50 %  2011               5.00          129.00           7.2566
 00017  11.50 %  2011               5.00          128.980          7.2591
 00017  11.50 %  2011               5.00          129.00           7.2566
 00017  11.50 %  2011               5.00          128.960          7.2616
 00017  11.50 %  2011               5.00          129.00           7.2566
 00017  11.50 %  2011               5.00          129.00           7.2566
 00017  11.50 %  2011               5.00          128.950          7.2628
 00017  11.50 %  2011               5.00          129.00           7.2566
 00017  11.50 %  2011               5.00          128.950          7.2628
 00017  11.50 %  2011               5.00          128.950          7.2628
 00017  11.50 %  2011               5.00          128.950          7.2628
 00017  11.50 %  2011               5.00          128.90           7.2690
 00017  11.50 %  2011               5.00          129.00           7.2566
 00017  11.50 %  2011              10.00          128.85           7.2752
 00017  11.50 %  2011              15.00          128.85           7.2752
 00017  11.50 %  2011               5.00          129.050          7.2505
 00017  11.50 %  2011               5.00          129.00           7.2566
 00017  11.50 %  2011              10.00          129.06           7.2492
 00017  11.50 %  2011               5.00          129.00           7.2566
 00017  11.50 %  2011               5.00          129.050          7.2505
 00017  11.50 %  2011              10.00          129.050          7.2505
 00017  11.50 %  2011               5.00          129.050          7.2505
 00017  11.50 %  2011               5.00          129.040          7.2517
 00017  11.50 %  2011               5.00          129.00           7.2566
 00017  11.50 %  2011               5.00          129.050          7.2505
 00017  11.50 %  2011               5.00          129.050          7.2505
 00017  11.50 %  2011              10.00          128.950          7.2628
 00017  11.50 %  2011               5.00          129.03           7.2529 00017  11.50 %  2011               5.00          129.050          7.2505
 00017  11.50 %  2011              10.00          128.990          7.2579
 00017  11.50 %  2011              10.00          128.94           7.2640
 00017  11.50 %  2011              10.00          128.94           7.2640
 00017  11.50 %  2011               5.00          129.00           7.2566
 00017  11.50 %  2011               5.00          128.78           7.2838
 00017  11.50 %  2011               5.00          129.010          7.2554
 00017  11.50 %  2011               5.00          129.00           7.2566
 00017  11.50 %  2011               5.00          129.050          7.2505
 00017  11.50 %  2011               5.00          129.10           7.2443
 00017  11.50 %  2011               5.00          129.110          7.2431
 00017  11.50 %  2011               5.00          129.10           7.2443
 00017  11.50 %  2011               5.00          129.15           7.2382
 00017  11.50 %  2011              10.00          129.050          7.2505
 00017  11.50 %  2011               5.00          129.15           7.2382
 00017  11.50 %  2011               5.00          129.020          7.2542
 00017  11.50 %  2011               5.00          129.00           7.2566
 00017  11.50 %  2011               5.00          128.950          7.2628
 00017  11.50 %  2011               5.00          129.050          7.2505
 00017  11.50 %  2011               5.00          129.050          7.2505
 00017  11.50 %  2011               5.00          128.960          7.2616
 00017  11.50 %  2011              25.00          129.200          7.2320
 00017  11.50 %  2011               5.00          129.00           7.2566
 02006   6.85 %  2012              24.00           99.085          6.9785
 02006   6.85 %  2012               5.00           99.16           6.9679
 02006   6.85 %  2012               0.50           99.48           6.9227
 02006   6.85 %  2012               0.01          100.00           6.8497
 02006   6.85 %  2012               1.00           99.86           6.8693
 02006   6.85 %  2012               5.00           99.00           6.9906
 02006   6.85 %  2012               5.00           98.94           6.9991
 02006   6.85 %  2012               2.50           99.09           6.9778
 02006   6.85 %  2012              25.00           99.12           6.9736
 02006   6.85 %  2012               2.50           99.05           6.9835
 02006   6.85 %  2012               5.00           99.24           6.9566
 02006   6.85 %  2012               5.00           99.12           6.9736
 02006   6.85 %  2012               5.00           99.25           6.9552
 02006   6.85 %  2012               5.00           99.28           6.9509
 02006   6.85 %  2012               0.14           99.75           6.8848
 02006   6.85 %  2012              10.00           99.10           6.9764
 02006   6.85 %  2012               4.00           99.10           6.9764
 02006   6.85 %  2012              10.00           99.10           6.9764
 00012  11.03 %  2012               5.00          100.00          11.0239
 00012  11.03 %  2012               5.00          126.72           7.2860
 00012  11.03 %  2012              10.00          126.735          7.2842
 00012  11.03 %  2012               5.00          126.65           7.2943
 00012  11.03 %  2012               5.00          126.77           7.2800
 00012  11.03 %  2012               5.00          126.62           7.2979
 00012  11.03 %  2012               5.00          126.74           7.2836
 00012  11.03 %  2012               5.00          126.80           7.2764
 00012  11.03 %  2012               5.00          126.75           7.2824
 00012  11.03 %  2012               5.00          126.70           7.2884
 00012  11.03 %  2012               5.00          126.50           7.3123
 00012  11.03 %  2012               5.00          126.50           7.3123
 00012  11.03 %  2012               5.00          126.54           7.3075
 00012  11.03 %  2012               5.00          126.60           7.3003
 00012  11.03 %  2012               5.00          126.45           7.3183
 00012  11.03 %  2012               5.00          126.63           7.2967 00012  11.03 %  2012               5.00          126.60           7.3003
 00012  11.03 %  2012               5.00          126.75           7.2824
 00012  11.03 %  2012               5.00          126.71           7.2872
 00012  11.03 %  2012               5.00          126.70           7.2884
 00012  11.03 %  2012               5.00          126.62           7.2979
 00012  11.03 %  2012               5.00          126.60           7.3003
 00012  11.03 %  2012               5.00          126.75           7.2824
 00012  11.03 %  2012               5.00          126.50           7.3123
 00012  11.03 %  2012               5.00          126.74           7.2836
 00012  11.03 %  2012               5.00          126.78           7.2788
 00012  11.03 %  2012               5.00          126.78           7.2788
 00012  11.03 %  2012               5.00          126.60           7.3003
 00012  11.03 %  2012               5.00          126.80           7.2764
 00012  11.03 %  2012              10.00          126.65           7.2943
 00012  11.03 %  2012               5.00          126.75           7.2824
 00012  11.03 %  2012               5.00          126.75           7.2824
 00012  11.03 %  2012               5.00          126.75           7.2824
 00012  11.03 %  2012               5.00          126.80           7.2764
 00012  11.03 %  2012               5.00          126.75           7.2824
 00012  11.03 %  2012               5.00          126.65           7.2943
 00012  11.03 %  2012               5.00          126.80           7.2764
 00012  11.03 %  2012               5.00          126.75           7.2824
 00012  11.03 %  2012               5.00          126.77           7.2800
 00012  11.03 %  2012               5.00          126.82           7.2741
 00012  11.03 %  2012               5.00          126.85           7.2705
 00012  11.03 %  2012              10.00          126.75           7.2824
 00012  11.03 %  2012              10.00          126.73           7.2848
 00012  11.03 %  2012               5.00          126.84           7.2717
 00012  11.03 %  2012               5.00          126.85           7.2705
 00012  11.03 %  2012               5.00          126.85           7.2705
 00012  11.03 %  2012               5.00          127.00           7.2526
 00012  11.03 %  2012               5.00          126.79           7.2776
 00012  11.03 %  2012               5.00          126.75           7.2824
 00012  11.03 %  2012               5.00          126.80           7.2764
 00012  11.03 %  2012               5.00          126.78           7.2788
 01009   9.40 %  2012               5.00          115.51           7.2514
 01009   9.40 %  2012               5.00          115.58           7.2425
 01009   9.40 %  2012               0.40          116.25           7.1586
 01009   9.40 %  2012              10.00          115.50           7.2526
 01009   9.40 %  2012               5.00          115.50           7.2526
 01009   9.40 %  2012               0.25          116.50           7.1275
 01009   9.40 %  2012               0.50          116.41           7.1387
 01009   9.40 %  2012               6.25          115.55           7.2463
 01009   9.40 %  2012               5.00          115.55           7.2463
 01009   9.40 %  2012               5.00          115.55           7.2463
 01009   9.40 %  2012               5.00          115.60           7.2400
 01009   9.40 %  2012               5.00          115.60           7.2400
 01009   9.40 %  2012               5.00          115.58           7.2425
 01009   9.40 %  2012               5.00          115.58           7.2425
 01009   9.40 %  2012              10.00          115.45           7.2589
 01009   9.40 %  2012               5.00          115.60           7.2400
 01009   9.40 %  2012               5.00          115.60           7.2400
 01009   9.40 %  2012               5.00          115.64           7.2350
 82005   9.00 %  2013               0.25          112.25           7.3652
 82005   9.00 %  2013               1.00          111.50           7.4582
 01005   9.81 %  2013               5.00          118.75           7.3169
 01005   9.81 %  2013               5.00          118.80           7.3109 01005   9.81 %  2013               5.00          118.80           7.3109
 01005   9.81 %  2013               5.00          118.90           7.2991
 01005   9.81 %  2013               5.00          118.52           7.3441
 01005   9.81 %  2013               5.00          118.78           7.3133
 01005   9.81 %  2013               5.00          118.65           7.3287
 01005   9.81 %  2013               5.00          118.81           7.3098
 01005   9.81 %  2013               5.00          118.72           7.3204
 01005   9.81 %  2013               5.00          118.85           7.3050
 01005   9.81 %  2013               5.00          118.73           7.3192
 01005   9.81 %  2013               5.00          118.80           7.3109
 01005   9.81 %  2013               5.00          118.83           7.3074
 01005   9.81 %  2013               5.00          118.79           7.3121
 01005   9.81 %  2013               5.00          118.70           7.3228
 01005   9.81 %  2013               5.00          118.65           7.3287
 01005   9.81 %  2013               5.00          118.60           7.3346
 01005   9.81 %  2013               5.00          118.55           7.3406
 01005   9.81 %  2013              20.00          118.60           7.3346
 01005   9.81 %  2013               0.50          118.85           7.3050
 01005   9.81 %  2013               5.00          118.69           7.3240
 01005   9.81 %  2013               5.00          118.72           7.3204
 01005   9.81 %  2013               5.00          118.70           7.3228
 01005   9.81 %  2013               5.00          118.65           7.3287
 01005   9.81 %  2013               5.00          118.70           7.3228
 01005   9.81 %  2013              10.00          118.52           7.3441
 01005   9.81 %  2013               5.00          118.82           7.3086
 01005   9.81 %  2013               5.00          118.85           7.3050
 01005   9.81 %  2013               5.00          118.40           7.3584
 01005   9.81 %  2013               5.00          118.79           7.3121
 01005   9.81 %  2013               5.00          118.82           7.3086
 01005   9.81 %  2013               5.00          118.85           7.3050
 01005   9.81 %  2013               5.00          118.79           7.3121
 01005   9.81 %  2013               5.00          118.80           7.3109
 01005   9.81 %  2013               5.00          118.80           7.3109
 01005   9.81 %  2013               5.00          118.80           7.3109
 01005   9.81 %  2013               5.00          118.84           7.3062
 01005   9.81 %  2013               5.00          118.82           7.3086
 01005   9.81 %  2013              10.00          118.78           7.3133
 01005   9.81 %  2013               5.00          118.82           7.3086
 01005   9.81 %  2013               5.00          118.82           7.3086
 01005   9.81 %  2013               5.00          118.86           7.3039
 01005   9.81 %  2013               5.00          118.83           7.3074
 01005   9.81 %  2013               5.00          118.87           7.3027
 01005   9.81 %  2013               5.00          118.90           7.2991
 01005   9.81 %  2013              10.00          118.80           7.3109
 01005   9.81 %  2013               5.00          118.85           7.3050
 01005   9.81 %  2013               1.00          119.10           7.2755
 01005   9.81 %  2013              10.00          118.90           7.2991
 01005   9.81 %  2013               5.00          118.95           7.2932
 01005   9.81 %  2013               0.25          119.92           7.1793
 01005   9.81 %  2013               5.00          118.90           7.2991
 01005   9.81 %  2013               5.00          118.95           7.2932
 01005   9.81 %  2013               5.00          118.81           7.3098
 01005   9.81 %  2013               2.00          119.00           7.2873
 01005   9.81 %  2013               5.00          118.82           7.3086
 01005   9.81 %  2013               0.25          118.78           7.3133
 01005   9.81 %  2013               5.00          118.80           7.3109
 01005   9.81 %  2013              10.00          119.00           7.2873 01005   9.81 %  2013               5.00          118.80           7.3109
 01005   9.81 %  2013               5.00          118.85           7.3050
 01005   9.81 %  2013               5.00          118.88           7.3015
 01005   9.81 %  2013               5.00          118.83           7.3074
 01005   9.81 %  2013               5.00          118.79           7.3121
 01005   9.81 %  2013              10.00          118.93           7.2956
 01005   9.81 %  2013               5.00          118.82           7.3086
 01005   9.81 %  2013               5.00          118.80           7.3109
 01005   9.81 %  2013               5.00          118.79           7.3121
 01005   9.81 %  2013               5.00          118.90           7.2991
 01005   9.81 %  2013               5.00          118.805          7.3104
 98021  12.40 %  2013               0.50          134.55           7.7640
 83004  10.00 %  2014               2.00          118.80           7.5987
 01001  10.47 %  2015               1.00          121.53           7.7847
 01001  10.47 %  2015              15.00          123.60           7.5623
 01001  10.47 %  2015               5.00          123.65           7.5570
 85007  11.50 %  2015              10.00          130.300          7.7717
 00015  11.43 %  2015               5.00          130.770          7.6942
 00015  11.43 %  2015               5.00          130.75           7.6963
 00015  11.43 %  2015              10.00          130.75           7.6963
 00015  11.43 %  2015              10.00          130.75           7.6963
 00015  11.43 %  2015               5.00          130.700          7.7013
 01003  10.71 %  2016               5.00          126.95           7.5593
 01003  10.71 %  2016               5.00          126.985          7.5559
 01003  10.71 %  2016               5.00          126.85           7.5692
 01003  10.71 %  2016               5.00          126.79           7.5751
 01003  10.71 %  2016              10.00          126.50           7.6038
 01003  10.71 %  2016               5.00          126.50           7.6038
 01003  10.71 %  2016               5.00          126.50           7.6038
 01003  10.71 %  2016               5.00          128.760          7.3824
 01003  10.71 %  2016               5.00          126.94           7.5603
 01003  10.71 %  2016               5.00          126.94           7.5603
 01003  10.71 %  2016               5.00          127.00           7.5544
 01003  10.71 %  2016               5.00          126.94           7.5603
 01003  10.71 %  2016               5.00          126.98           7.5564
 02001   8.07 %  2017               5.00          106.55           7.3342
 02001   8.07 %  2017               5.00          106.59           7.3299
 02001   8.07 %  2017               5.00          106.80           7.3074
 02001   8.07 %  2017               0.25          106.75           7.3128
 02001   8.07 %  2017               1.00          106.50           7.3395
 02001   8.07 %  2017               0.10          107.89           7.1918
 02001   8.07 %  2017              10.00          106.85           7.3021
 02001   8.07 %  2017               5.00          106.64           7.3245
 02001   8.07 %  2017               0.50          106.52           7.3374
 02001   8.07 %  2017               0.50          106.45           7.3449
 02001   8.07 %  2017               0.50          106.45           7.3449
 02001   8.07 %  2017               2.00          106.45           7.3449
 02001   8.07 %  2017               0.25          106.55           7.3342
 02001   8.07 %  2017               5.00          106.54           7.3352
 02001   8.07 %  2017               5.00          106.40           7.3503
 02001   8.07 %  2017               5.00          106.50           7.3395
 02001   8.07 %  2017               5.00          107.13           7.2722
 02001   8.07 %  2017               5.00          106.55           7.3342
 02001   8.07 %  2017              10.00          106.55           7.3342
 02001   8.07 %  2017               5.00          106.58           7.3310
 02001   8.07 %  2017               5.00          106.60           7.3288
 02001   8.07 %  2017               5.00          106.60           7.3288 02001   8.07 %  2017               5.00          106.59           7.3299
 02001   8.07 %  2017               5.00          106.60           7.3288
 02001   8.07 %  2017               1.00          106.45           7.3449
 02001   8.07 %  2017               1.50          106.52           7.3374
 02001   8.07 %  2017               1.00          106.51           7.3385
 02001   8.07 %  2017               0.50          106.58           7.3310
 02001   8.07 %  2017               1.00          106.50           7.3395
 02001   8.07 %  2017               5.00          106.39           7.3513
 02001   8.07 %  2017               0.50          106.57           7.3320
 02001   8.07 %  2017               0.50          106.53           7.3363
 02001   8.07 %  2017               5.00          106.59           7.3299
 02001   8.07 %  2017               0.50          107.54           7.2287
 02001   8.07 %  2017               5.00          106.65           7.3235
 02001   8.07 %  2017               5.00          106.61           7.3277
 02001   8.07 %  2017               5.00          106.55           7.3342
 02001   8.07 %  2017              10.00          106.60           7.3288
 01008  10.03 %  2019               5.00          122.25           7.6834
 01008  10.03 %  2019               0.50          122.35           7.6743
 01006  10.25 %  2021               5.00          125.67           7.6684
 01006  10.25 %  2021               5.00          124.60           7.7594
 01006  10.25 %  2021               5.00          124.15           7.7980
 01006  10.25 %  2021               5.00          124.20           7.7937
 01006  10.25 %  2021               5.00          124.20           7.7937
 01006  10.25 %  2021               3.00          124.50           7.7680
 01006  10.25 %  2021               5.00          124.50           7.7680
 01006  10.25 %  2021               5.00          124.70           7.7508
 01006  10.25 %  2021               5.00          124.70           7.7508
 01010  10.18 %  2026               8.00          125.90           7.7915
 01010  10.18 %  2026              10.00          125.58           7.8160
 01010  10.18 %  2026               1.00          125.29           7.8383
 01010  10.18 %  2026               1.00          125.25           7.8414
     Total                       4559.666
B. State Government Securities
          Contract Date : April 10, 2002
 01260 9.40% MAHARASHTRA GOVT.
       STOCK 2011                   8.0614        108.80          8.0440
 01287 8.37% ANDHRA PRADESH SDL
       2011 (ON TAP)               10.00          102.10          8.0509
 02239 8.00% JHARKHAND SDL 2012     1.00          102.20          7.6778
          Contract Date : April 11, 2002
 87215 11.00% PUNJAB 2002          12.9551        101.10          7.6905
 87205 11.00% HARYANA S.D. 2002     6.626         101.10          7.6905
 87201 11.00% ANDHRA PRADESH
       S.D. 2002                    6.4165        101.10          7.6905
 87204 11.00% GUJARAT S.D. 2002     3.00          101.11          7.6616
 87211 11.00% MAHARASHTRA S.D.
       2002                         3.00          101.11          7.6616
 87202 11.00% ASSAM 2002            3.0524        101.11          7.6616
 87220 11.00% WEST BENGAL 2002      4.3743        101.11          7.6616
 87219 11.00% UTTAR PRADESH S.D.
       2002                         4.50          101.11          7.6616
 87210 11.00% MADHYA PRADESH
       S.D. 2002                    5.9704        101.11          7.6616
 87208 11.00% KARNATAKA S.D.
       2002                         3.00          101.11          7.6616
 95213 14.00% MAHARASHTRA S.D.L.       2005                         1.78          116.83          7.7994
 96217 13.85% MAHARASHTRA SDL
       2006                         2.88          120.83          7.8030
 97238 13.05% MAHARASHTRA SDL
       2007                         3.60          121.55          7.8044
 98223 12.15% UTTAR PRADESH SDL
       2008                         9.70          118.00          8.2927
 88203 11.50% ANDHRA PRADESH
       S.D. 2008                    2.165         116.38          8.1535
 88219 11.50% TAMIL NADU 2008       1.00          116.38          8.1535
 88210 11.50% KARNATAKA S.D.
       2008                         2.25          116.38          8.1535
 99241 11.85% MAHARASTRA SDL
       2009                         0.3186        122.45          7.8000
 00207 11% HP SDL 2010              0.0242        119.00          7.7514
 00216 10.52% BIHAR SDL 2010        3.75          113.64          8.1709
 01238 10.35% MAHARASHTRA SDL
       2011                         8.90          116.02          7.8472
 01238 10.35% MAHARASHTRA SDL
       2011                         8.90          116.03          7.8458
 02240 8.00% KARNATAKA SDL 2012     1.00          102.40          7.6490
 02235 8.00% GUJRAT SDL 2012        0.25          103.00          7.5633
 02235 8.00% GUJRAT SDL 2012        0.25          103.00          7.5633
     Total                        118.7239
C. Treasury Bills
   (i) 14 Day Bills (Maturity-wise)
       (DD/MM/YYYY)
                                           NIL
   (ii) 91 Day Bills (Maturity-wise)
       (DD/MM/YYYY)
          Contract Date : April 10, 2002
        29/06/2002                 25.00           98.7349         5.8300
          Contract Date : April 11, 2002
        19/04/2002                  5.45           99.8700         5.9227
        26/04/2002                  3.59           99.7532         6.0038
        03/05/2002                  2.00           99.6516         5.7846
        10/05/2002                  2.56           99.5216         6.0336
        10/05/2002                 13.24           99.5300         5.9272
        29/06/2002                 15.00           98.7476         5.8437
        29/06/2002                  5.00           98.7500         5.8324
     Total                         71.84
   (iii) 182 Day Bills (Maturity-wise)
       (DD/MM/YYYY)
                                           NIL
   (iv) 364 Day Bills (Maturity-wise)
       (DD/MM/YYYY)
          Contract Date : April 10, 2002
        07/03/2003                 10.00           94.8545         5.9654
          Contract Date : April 11, 2002
        17/05/2002                 10.00           99.4107         5.9938
        23/08/2002                  5.00           97.8518         5.9635
        23/08/2002                 15.00           97.8518         5.9635
        01/11/2002                  5.00           96.7800         5.9367
        10/01/2003                 10.00           95.7038         5.9636
        21/02/2003                 10.00           95.0776         5.9637
        21/03/2003                  5.00          100.0000         0.0000     Total                         70.00
II.  REPO Transactions *
    (Other than with RBI)
---------------------------------------------------------------------------
 Loan  Nomenclature                Amount      Price *   Repo Rate   Repo
 Code                            (Face Value) Per Rs.100   (%pa)    Period
                                 (in Rs.Crore) Nominal              (Days)
           (1)                      (2)          (3)        (4)      (5)
---------------------------------------------------------------------------
A. Government of India Dated Securities
 94003  12.50 %  2004               3.00      111.35        6.75      16
 98020  11.78 %  2003              65.00      107.25        6.15       4
 94003  12.50 %  2004             100.00      111.45        6.10       4
 94003  12.50 %  2004             100.00      114.45        6.15       6
 97007  12.59 %  2004             155.00      112.59        6.00       1
 00007   9.90 %  2005               6.00      109.75        6.05       1
 00007   9.90 %  2005              10.00      109.75        6.05       1
 00007   9.90 %  2005              10.00      109.75        6.05       1
 00007   9.90 %  2005              10.00      109.75        6.05       1
 00007   9.90 %  2005               5.00      109.75        6.05       1
 00007   9.90 %  2005              10.00      109.75        6.05       1
 00016  11.40 %  2008              65.00      123.30        5.80       1
 02005   6.65 %  2009               9.59      100.00        6.10       1
 02005   6.65 %  2009              10.00       99.50        6.15       1
 02005   6.65 %  2009              10.00       99.50        6.15       1
 02005   6.65 %  2009              10.00       99.50        6.15       1
 02005   6.65 %  2009              10.00       99.50        6.15       1
 02005   6.65 %  2009              15.00       99.25        6.05       4
 02005   6.65 %  2009              15.00       99.25        6.05       4
 02005   6.65 %  2009               5.00       99.50        6.10       1
 02005   6.65 %  2009               5.00       99.50        6.10       1
 02005   6.65 %  2009               5.00       99.50        6.10       1
 02005   6.65 %  2009               5.00       99.50        6.10       1
 02005   6.65 %  2009               5.00       99.50        6.10       1
 01013   6.98 %  2009              50.00      100.00        5.90       8
 01013   6.98 %  2009              50.00      100.00        5.90       8
 01013   6.98 %  2009              50.00      100.00        5.90       8
 01013   6.98 %  2009              50.00      100.00        5.90       8
 01013   6.98 %  2009              50.00      100.00        5.90       8
 01013   6.98 %  2009              50.00      100.00        5.90       8
 01013   6.98 %  2009              50.00      100.00        5.90       8
 01013   6.98 %  2009              50.00      100.00        5.90       8
 01013   6.98 %  2009              50.00      100.00        5.90       8
 01013   6.98 %  2009              50.00      100.00        5.90       8
 01013   6.98 %  2009              50.00      100.00        5.90       8
 01013   6.98 %  2009              50.00      100.00        5.90       8
 01013   6.98 %  2009              50.00      100.00        5.90       8
 01013   6.98 %  2009              50.00      100.00        5.90       8
 01013   6.98 %  2009              50.00      100.00        5.90       8
 01013   6.98 %  2009              50.00      100.00        5.90       8
 01013   6.98 %  2009              50.00      100.00        5.90       8
 01013   6.98 %  2009              50.00      100.00        5.90       8
 01013   6.98 %  2009              50.00      100.00        5.90       8
 01013   6.98 %  2009              50.00      100.00        5.90       8
 01013   6.98 %  2009              50.00      100.00        5.90       8 01013   6.98 %  2009              50.00      100.00        5.90       8
 99004  12.29 %  2010              10.00      126.90        6.00       4
 98015  12.25 %  2010              10.00      128.65        6.00       4
 98015  12.25 %  2010               5.00      128.65        6.00       4
 99005  12.32 %  2011              10.00      131.00        6.00       4
 99005  12.32 %  2011              10.00      131.00        6.00       4
 99005  12.32 %  2011               5.00      131.00        6.00       4
 00010  10.95 %  2011              40.00      123.30        6.00       1
 00010  10.95 %  2011              98.00      123.30        6.10       1
 01007   9.39 %  2011              25.00      114.30        6.50       1
 01007   9.39 %  2011              25.00      114.30        6.50       1
 01007   9.39 %  2011              25.00      114.30        6.50       1
 01007   9.39 %  2011              25.00      114.30        6.50       1
 01007   9.39 %  2011              25.00      114.30        6.50       1
 00017  11.50 %  2011              25.00      128.80        6.50       1
 00017  11.50 %  2011              25.00      128.80        6.50       1
 00017  11.50 %  2011              25.00      128.80        6.50       1
 00017  11.50 %  2011              25.00      128.80        6.50       1
 02006   6.85 %  2012              10.00       99.00        6.10       4
 02006   6.85 %  2012              10.00       99.00        6.10       4
 02006   6.85 %  2012              10.00       99.00        6.10       4
 02006   6.85 %  2012              10.00       99.00        6.10       4
 02006   6.85 %  2012              10.00       99.00        6.10       4
 00012  11.03 %  2012               5.00      126.50        6.75       1
 01009   9.40 %  2012              25.00      115.20        6.50       1
 01009   9.40 %  2012              25.00      115.20        6.50       1
 01009   9.40 %  2012              25.00      115.20        6.50       1
 01009   9.40 %  2012              25.00      115.20        6.50       1
 01009   9.40 %  2012              25.00      115.20        6.50       1
 99020  11.83 %  2014              45.00      132.50        6.10       4
 99020  11.83 %  2014              45.00      132.50        6.10       4
 99020  11.83 %  2014              45.00      132.50        6.10       4
 99020  11.83 %  2014              45.00      132.50        6.10       4
 01003  10.71 %  2016               5.00      126.50        6.75       1
 01008  10.03 %  2019              10.00      122.00        6.10       4
 01008  10.03 %  2019              10.00      122.00        6.10       4
 01008  10.03 %  2019              10.00      122.00        6.10       4
 01008  10.03 %  2019              10.00      122.00        6.10       4
 01008  10.03 %  2019              10.00      122.00        6.10       4
     Total                       2571.59
B. State Government Securities
                                           NIL
C. Treasury Bills
   (i) 14 Day Bills (Maturity-wise)
      (DD/MM/YYYY)
                                           NIL
   (ii) 91 Day Bills (Maturity-wise)
      (DD/MM/YYYY)
                                           NIL
   (iii) 182 Day Bills (Maturity-wise)
      (DD/MM/YYYY)
                                           NIL
   (iv) 364 Day Bills (Maturity-wise)
       (DD/MM/YYYY)
        04/10/2002                 25.00       97.0745      6.05       4
        04/10/2002                 25.00       97.0745      6.05       4
        04/10/2002                 25.00       97.0745      6.05       4        04/10/2002                 25.00       97.0745      6.05       4
        13/12/2002                 25.00       95.9579      6.05       4
        13/12/2002                 25.00       95.9579      6.05       1
        13/12/2002                 25.00       95.9579      6.05       1
     Total                        175.00
---------------------------------------------------------------------------
  * Relate to the first leg of Repos
  # YTM(indicative) will depend upon assumed rate of inflation
Date :  11 April 2002