Subsidiary General Ledger Account Transactions
in Government Dated Securities and Treasury Bills
at RBI, Mumbai on 12 November 2001
---------------------------------------------------------------------------
 Loan  Nomenclature              Amount           Price *        YTM %
 Code                            (Face Value)     Per Rs.100   Indicative
                                 (in Rs.Crore)    nominal
---------------------------------------------------------------------------
I.  Outright Transactions
A.Government of India Dated Securities
          Contract Date : November 08, 2001
 99020  11.83 %  2014               7.00          118.75           9.3136
          Contract Date : November 09, 2001
 99006  11.99 %  2009               5.00          119.22           8.4449
 99005  12.32 %  2011               5.00          119.80           9.0967
 01007   9.39 %  2011               5.00          105.10           8.5983
 84010  10.50 %  2014               5.00          109.25           9.2595
 99020  11.83 %  2014               5.00          119.45           9.2308
 99020  11.83 %  2014              10.00          119.50           9.2250
 99020  11.83 %  2014               5.00          119.55           9.2191
 99020  11.83 %  2014               5.00          119.55           9.2191
 01011   9.85 %  2015              10.00          107.35           8.9169
 01011   9.85 %  2015               5.00          107.39           8.9121
 01011   9.85 %  2015               5.00          107.35           8.9169
 01008  10.03 %  2019              15.00          107.30           9.1853
 01008  10.03 %  2019               5.00          107.32           9.1832
 00018  11.60 %  2020               5.00          119.80           9.3549
 01006  10.25 %  2021               5.00          108.95           9.2505
 01006  10.25 %  2021               5.00          108.85           9.2609
 01010  10.18 %  2026              20.00          107.78           9.3651
          Contract Date : November 10, 2001
 97011  11.15 %  2002              25.00          103.33           6.8176
 97011  11.15 %  2002              25.00          103.33           6.8176
 94003  12.50 %  2004               5.00          111.92           6.9476
 94003  12.50 %  2004              25.00          111.94           6.9390
 94003  12.50 %  2004               5.00          111.91           6.9519
 97010  11.19 %  2005              10.00          113.10           7.1439
 98007  12.00 %  2008               5.00          118.35           8.2818
 00016  11.40 %  2008               5.00          118.30           7.8715
 00016  11.40 %  2008               5.00          118.35           7.8629
 00016  11.40 %  2008               5.00          118.36           7.8612
 00016  11.40 %  2008               5.00          118.35           7.8629
 00016  11.40 %  2008               5.00          118.34           7.8646
 00016  11.40 %  2008               5.00          118.36           7.8612
 00016  11.40 %  2008               5.00          118.35           7.8629
 00016  11.40 %  2008              10.00          118.32           7.8681
 00016  11.40 %  2008               5.00          118.32           7.8681
 00016  11.40 %  2008              10.00          118.22           7.8853
 99006  11.99 %  2009              10.00          119.31           8.4292
 99006  11.99 %  2009               5.00          119.295          8.4317
 79002   7.00 %  2009               0.50           94.30           8.0210 80003   7.50 %  2010               1.00           96.27           8.1155
 80003   7.50 %  2010               0.50           96.40           8.0936
 80003   7.50 %  2010              10.00           94.52           8.4149
 80003   7.50 %  2010               7.3704         96.30           8.1105
 00014  11.30 %  2010              10.00          116.45           8.5770
 00014  11.30 %  2010               5.00          116.46           8.5755
 00014  11.30 %  2010              10.00          116.50           8.5696
 00014  11.30 %  2010              10.00          116.50           8.5696
 00014  11.30 %  2010               5.00          116.52           8.5666
 00014  11.30 %  2010               5.00          116.52           8.5666
 00014  11.30 %  2010               5.00          116.55           8.5621
 00014  11.30 %  2010               5.00          116.55           8.5621
 00014  11.30 %  2010               5.00          116.49           8.5711
 00014  11.30 %  2010               5.00          116.60           8.5547
 82013   8.75 %  2010               2.00          101.60           8.4917
 82013   8.75 %  2010               5.00          101.35           8.5314
 99005  12.32 %  2011               5.00          120.25           9.0317
 99005  12.32 %  2011               5.00          120.15           9.0460
 99005  12.32 %  2011               5.00          120.15           9.0460
 81005   8.00 %  2011               1.00           99.04           8.1467
 81005   8.00 %  2011               1.00           99.55           8.0681
 81005   8.00 %  2011               1.25           99.26           8.1127
 81005   8.00 %  2011               1.00           99.20           8.1220
 81005   8.00 %  2011               5.00           98.68           8.2024
 01007   9.39 %  2011              10.00          105.30           8.5683
 01007   9.39 %  2011               5.00          105.30           8.5683
 01007   9.39 %  2011               5.00          105.30           8.5683
 01007   9.39 %  2011               5.00          105.32           8.5653
 01007   9.39 %  2011               1.00          105.25           8.5757
 01007   9.39 %  2011              10.00          105.30           8.5683
 01007   9.39 %  2011              10.00          105.30           8.5683
 01007   9.39 %  2011               5.00          105.35           8.5608
 01007   9.39 %  2011               5.00          105.33           8.5638
 01007   9.39 %  2011               5.00          105.37           8.5578
 01007   9.39 %  2011               5.00          105.30           8.5683
 01007   9.39 %  2011              10.00          105.30           8.5683
 01007   9.39 %  2011               5.00          105.37           8.5578
 00017  11.50 %  2011               5.00          118.70           8.6713
 00017  11.50 %  2011               5.00          118.69           8.6726
 00017  11.50 %  2011               5.00          118.705          8.6706
 00017  11.50 %  2011               5.00          118.90           8.6444
 00017  11.50 %  2011               5.00          118.85           8.6511
 00017  11.50 %  2011               5.00          118.80           8.6578
 00017  11.50 %  2011               5.00          118.67           8.6753
 00017  11.50 %  2011               5.00          118.80           8.6578
 00017  11.50 %  2011              25.00          118.78           8.6605
 00017  11.50 %  2011               5.00          118.65           8.6780
 00017  11.50 %  2011               5.00          118.80           8.6578
 00017  11.50 %  2011               5.00          118.82           8.6551
 00017  11.50 %  2011               5.00          118.82           8.6551
 00017  11.50 %  2011              10.00          118.75           8.6645
 00017  11.50 %  2011               5.00          118.69           8.6726
 00017  11.50 %  2011               5.00          118.69           8.6726
 00017  11.50 %  2011               5.00          118.69           8.6726
 00017  11.50 %  2011               5.00          118.69           8.6726
 00017  11.50 %  2011               5.00          118.70           8.6713
 00017  11.50 %  2011               5.00          118.78           8.6605 00012  11.03 %  2012              10.00          115.66           8.7417
 00012  11.03 %  2012               5.00          115.54           8.7576
 00012  11.03 %  2012               5.00          115.60           8.7496
 00012  11.03 %  2012               5.00          115.68           8.7391
 00012  11.03 %  2012               5.00          115.58           8.7523
 00012  11.03 %  2012               5.00          115.72           8.7338
 00012  11.03 %  2012               5.00          115.54           8.7576
 00012  11.03 %  2012               5.00          115.48           8.7655
 00012  11.03 %  2012              10.00          115.54           8.7576
 00012  11.03 %  2012               5.00          115.70           8.7364
 00012  11.03 %  2012               5.00          115.70           8.7364
 00012  11.03 %  2012               5.00          115.70           8.7364
 00012  11.03 %  2012               5.00          115.70           8.7364
 00012  11.03 %  2012               5.00          115.53           8.7589
 00012  11.03 %  2012              20.00          115.51           8.7615
 00012  11.03 %  2012               5.00          115.50           8.7628
 00012  11.03 %  2012               5.00          115.62           8.7470
 00012  11.03 %  2012               5.00          115.70           8.7364
 00012  11.03 %  2012              10.00          115.50           8.7628
 00012  11.03 %  2012              10.00          115.69           8.7377
 00012  11.03 %  2012               5.00          115.70           8.7364
 01009   9.40 %  2012               1.00          105.23           8.6437
 01009   9.40 %  2012               1.00          104.90           8.6897
 82005   9.00 %  2013               4.00          102.04           8.7152
 01005   9.81 %  2013               5.00          107.60           8.7501
 01005   9.81 %  2013              20.00          107.48           8.7660
 01005   9.81 %  2013               5.00          107.45           8.7700
 01005   9.81 %  2013               5.00          107.45           8.7700
 01005   9.81 %  2013               5.00          107.40           8.7766
 01005   9.81 %  2013               5.00          107.39           8.7779
 01005   9.81 %  2013               5.00          107.48           8.7660
 01005   9.81 %  2013               5.00          107.50           8.7633
 01005   9.81 %  2013               5.00          107.50           8.7633
 01005   9.81 %  2013               1.00          107.43           8.7726
 01005   9.81 %  2013               1.00          107.50           8.7633
 01005   9.81 %  2013               5.00          107.38           8.7793
 01005   9.81 %  2013               5.00          107.48           8.7660
 01005   9.81 %  2013               5.00          107.38           8.7793
 01005   9.81 %  2013               5.00          107.45           8.7700
 01005   9.81 %  2013               5.00          107.43           8.7726
 01005   9.81 %  2013               5.00          107.45           8.7700
 01005   9.81 %  2013               5.00          107.50           8.7633
 01005   9.81 %  2013               5.00          107.50           8.7633
 01005   9.81 %  2013              25.00          107.50           8.7633
 01005   9.81 %  2013               5.00          107.39           8.7779
 01005   9.81 %  2013               5.00          107.50           8.7633
 01005   9.81 %  2013               5.00          107.38           8.7793
 01005   9.81 %  2013               5.00          107.38           8.7793
 01005   9.81 %  2013               5.00          107.45           8.7700
 84010  10.50 %  2014               0.50          110.00           9.1654
 99020  11.83 %  2014               5.00          120.25           9.1371
 99020  11.83 %  2014               5.00          120.22           9.1406
 99020  11.83 %  2014              10.00          119.95           9.1721
 99020  11.83 %  2014               5.00          119.95           9.1721
 99020  11.83 %  2014               5.00          120.05           9.1604
 99020  11.83 %  2014               5.00          120.05           9.1604
 99020  11.83 %  2014               5.00          120.05           9.1604 99020  11.83 %  2014               5.00          120.15           9.1487
 99020  11.83 %  2014               5.00          120.16           9.1476
 01001  10.47 %  2015               5.00          111.50           8.9661
 01001  10.47 %  2015               5.00          111.50           8.9661
 01001  10.47 %  2015               5.00          111.50           8.9661
 01001  10.47 %  2015               5.00          111.46           8.9709
 01001  10.47 %  2015               5.00          111.45           8.9722
 01001  10.47 %  2015               5.00          111.50           8.9661
 01001  10.47 %  2015               5.00          111.44           8.9734
 01001  10.47 %  2015               5.00          111.50           8.9661
 01001  10.47 %  2015               5.00          111.50           8.9661
 85007  11.50 %  2015               1.00          117.40           9.2221
 85007  11.50 %  2015               1.00          116.88           9.2828
 00015  11.43 %  2015               5.00          118.35           9.0641
 00015  11.43 %  2015               5.00          118.52           9.0448
 00015  11.43 %  2015               5.00          118.50           9.0470
 00015  11.43 %  2015               5.00          118.50           9.0470
 00015  11.43 %  2015               5.00          118.48           9.0493
 00015  11.43 %  2015               5.00          118.45           9.0527
 00015  11.43 %  2015               5.00          118.35           9.0641
 00015  11.43 %  2015              10.00          118.35           9.0641
 01011   9.85 %  2015              15.00          107.54           8.8939
 01011   9.85 %  2015              10.00          107.54           8.8939
 01011   9.85 %  2015               5.00          107.54           8.8939
 01011   9.85 %  2015               5.00          107.42           8.9083
 01011   9.85 %  2015               5.00          107.40           8.9107
 01011   9.85 %  2015               5.00          107.41           8.9095
 01011   9.85 %  2015               5.00          107.54           8.8939
 01011   9.85 %  2015               5.00          107.50           8.8987
 01011   9.85 %  2015               5.00          107.52           8.8963
 01011   9.85 %  2015               5.00          107.50           8.8987
 01011   9.85 %  2015               5.00          107.54           8.8939
 01011   9.85 %  2015               5.00          107.41           8.9095
 01011   9.85 %  2015               5.00          107.52           8.8963
 01011   9.85 %  2015               5.00          107.50           8.8987
 01011   9.85 %  2015              25.00          107.52           8.8963
 01011   9.85 %  2015              25.00          107.52           8.8963
 01011   9.85 %  2015               1.50          107.47           8.9023
 01011   9.85 %  2015               5.00          107.50           8.8987
 01011   9.85 %  2015               5.00          107.50           8.8987
 01011   9.85 %  2015               5.00          107.42           8.9083
 01011   9.85 %  2015               5.00          107.40           8.9107
 01011   9.85 %  2015               0.50          107.59           8.8879
 01011   9.85 %  2015               5.00          107.54           8.8939
 01011   9.85 %  2015               5.00          107.54           8.8939
 01011   9.85 %  2015              10.00          107.52           8.8963
 01011   9.85 %  2015               5.00          107.50           8.8987
 01011   9.85 %  2015               5.00          107.42           8.9083
 01011   9.85 %  2015              10.00          107.54           8.8939
 01011   9.85 %  2015              10.00          107.54           8.8939
 01011   9.85 %  2015               5.00          107.48           8.9011
 01011   9.85 %  2015               5.00          107.55           8.8927
 01003  10.71 %  2016              10.00          113.43           9.0262
 01003  10.71 %  2016               5.00          113.35           9.0353
 01003  10.71 %  2016              10.00          113.28           9.0433
 01003  10.71 %  2016               5.00          113.35           9.0353
 01003  10.71 %  2016               5.00          113.55           9.0125 01003  10.71 %  2016               5.00          113.47           9.0216
 01003  10.71 %  2016              25.00          113.40           9.0296
 01003  10.71 %  2016               5.00          113.50           9.0182
 01003  10.71 %  2016               5.00          113.45           9.0239
 01003  10.71 %  2016               5.00          113.35           9.0353
 01003  10.71 %  2016               5.00          113.40           9.0296
 01003  10.71 %  2016               5.00          113.30           9.0410
 01003  10.71 %  2016               5.00          113.30           9.0410
 01003  10.71 %  2016               5.00          113.29           9.0422
 01003  10.71 %  2016               5.00          113.45           9.0239
 01004  10.45 %  2018               5.00          111.11           9.1321
 01004  10.45 %  2018               5.00          111.30           9.1114
 01004  10.45 %  2018               8.00          111.30           9.1114
 01004  10.45 %  2018               5.00          111.10           9.1332
 01004  10.45 %  2018               5.00          111.10           9.1332
 01008  10.03 %  2019              10.00          107.82           9.1287
 01008  10.03 %  2019               1.00          107.20           9.1962
 01008  10.03 %  2019               0.50          106.90           9.2291
 01008  10.03 %  2019               5.00          107.74           9.1374
 01008  10.03 %  2019               1.00          107.00           9.2181
 01008  10.03 %  2019               5.00          106.62           9.2599
 00008  10.70 %  2020               2.00          112.30           9.2926
 01006  10.25 %  2021               5.00          109.17           9.2276
 01006  10.25 %  2021               1.50          108.25           9.3238
 01006  10.25 %  2021               0.50          108.79           9.2672
 01006  10.25 %  2021               5.00          109.10           9.2349
 01006  10.25 %  2021               5.00          108.75           9.2714
 01006  10.25 %  2021               5.00          109.05           9.2401
 01006  10.25 %  2021              10.00          109.00           9.2453
 01006  10.25 %  2021               5.00          109.05           9.2401
 01006  10.25 %  2021               5.00          109.15           9.2297
 01006  10.25 %  2021               5.00          109.045          9.2406
 01006  10.25 %  2021               1.00          109.12           9.2328
 01006  10.25 %  2021               5.00          109.07           9.2380
 01006  10.25 %  2021               1.00          108.63           9.2839
 01006  10.25 %  2021               5.00          109.00           9.2453
 01006  10.25 %  2021               5.00          109.05           9.2401
 01006  10.25 %  2021              10.00          109.10           9.2349
 01006  10.25 %  2021               5.00          109.10           9.2349
 01006  10.25 %  2021               5.00          109.06           9.2390
 01006  10.25 %  2021               4.00          108.08           9.3418
 01006  10.25 %  2021               5.00          109.18           9.2266
 01006  10.25 %  2021               2.00          108.10           9.3397
 01006  10.25 %  2021               5.00          109.05           9.2401
 01006  10.25 %  2021               5.00          109.14           9.2307
 01006  10.25 %  2021               5.00          109.04           9.2411
 01006  10.25 %  2021               5.00          109.03           9.2422
 01006  10.25 %  2021               5.00          109.04           9.2411
 01006  10.25 %  2021               5.00          108.86           9.2599
 01010  10.18 %  2026               1.00          108.18           9.3260
 01010  10.18 %  2026               1.00          106.85           9.4569
 01010  10.18 %  2026               1.00          107.55           9.3877
 01010  10.18 %  2026               1.00          108.15           9.3289
 01010  10.18 %  2026               2.00          108.09           9.3348
 01010  10.18 %  2026               5.00          108.25           9.3192
 01010  10.18 %  2026               1.00          108.07           9.3367
          Contract Date : November 12, 2001 97011  11.15 %  2002              10.00          103.28           6.8521
 97011  11.15 %  2002              10.00          103.29           6.8394
 94003  12.50 %  2004               5.00          111.93           6.9319
 94003  12.50 %  2004              10.00          111.92           6.9362
 94003  12.50 %  2004               5.00          111.93           6.9319
 94003  12.50 %  2004              10.00          111.93           6.9319
 94003  12.50 %  2004              10.00          111.93           6.9319
 94003  12.50 %  2004               5.00          111.93           6.9319
 94003  12.50 %  2004              10.00          111.935          6.9297
 94003  12.50 %  2004               5.00          111.935          6.9297
 94003  12.50 %  2004              10.00          111.925          6.9340
 94003  12.50 %  2004               5.00          111.935          6.9297
 94003  12.50 %  2004               5.00          111.935          6.9297
 94003  12.50 %  2004               5.00          111.925          6.9340
 94003  12.50 %  2004               5.00          111.935          6.9297
 98008  11.50 %  2004              10.00          109.65           7.1995
 98008  11.50 %  2004              10.00          109.60           7.2205
 98008  11.50 %  2004              10.00          109.52           7.2541
 86013  11.30 %  2004               1.00          110.50           7.2874
 97010  11.19 %  2005               5.00          113.25           7.0962
 99008  11.68 %  2006              10.00          116.45           7.2519
 99008  11.68 %  2006              10.00          116.49           7.2421
 99008  11.68 %  2006               5.00          116.40           7.2641
 99008  11.68 %  2006               5.00          116.40           7.2641
 99008  11.68 %  2006               5.00          116.48           7.2445
 98005  11.75 %  2006               3.50          116.08           7.4194
 86007  11.50 %  2006               0.50          115.00           7.5101
 97002  13.05 %  2007               2.60          119.50           8.4987
 98009  11.90 %  2007              10.00          118.69           7.6936
 98009  11.90 %  2007               5.00          118.64           7.7037
 98009  11.90 %  2007               5.00          118.75           7.6815
 98009  11.90 %  2007               5.00          118.75           7.6815
 98009  11.90 %  2007               5.00          118.80           7.6714
 00016  11.40 %  2008               5.00          118.46           7.8419
 00016  11.40 %  2008               5.00          118.45           7.8436
 00016  11.40 %  2008              10.00          118.46           7.8419
 00016  11.40 %  2008               5.00          118.46           7.8419
 00016  11.40 %  2008               5.00          118.46           7.8419
 00016  11.40 %  2008               5.00          118.45           7.8436
 00016  11.40 %  2008               5.00          118.45           7.8436
 00016  11.40 %  2008              10.00          118.45           7.8436
 00016  11.40 %  2008              10.00          118.45           7.8436
 00016  11.40 %  2008               5.00          118.45           7.8436
 00016  11.40 %  2008               5.00          118.45           7.8436
 00016  11.40 %  2008               5.00          118.45           7.8436
 00016  11.40 %  2008               5.00          118.48           7.8384
 00016  11.40 %  2008               5.00          118.47           7.8401
 00016  11.40 %  2008               5.00          118.44           7.8453
 00016  11.40 %  2008              10.00          118.46           7.8419
 00016  11.40 %  2008               5.00          118.50           7.8350
 00016  11.40 %  2008               5.00          118.45           7.8436
 00016  11.40 %  2008              10.00          118.45           7.8436
 00016  11.40 %  2008               5.00          118.46           7.8419
 00016  11.40 %  2008              20.00          118.45           7.8436
 00016  11.40 %  2008               5.00          118.45           7.8436
 00016  11.40 %  2008              10.00          118.44           7.8453
 00016  11.40 %  2008               5.00          118.45           7.8436 00016  11.40 %  2008               5.00          118.43           7.8470
 00016  11.40 %  2008               5.00          118.45           7.8436
 00016  11.40 %  2008               5.00          118.45           7.8436
 00016  11.40 %  2008               5.00          118.44           7.8453
 00016  11.40 %  2008               5.00          118.45           7.8436
 00016  11.40 %  2008               5.00          118.44           7.8453
 00016  11.40 %  2008               5.00          118.44           7.8453
 98023  12.25 %  2008               0.50          117.50           8.7801
 99006  11.99 %  2009               0.50          119.22           8.4421
 99006  11.99 %  2009              10.00          119.49           8.3978
 99006  11.99 %  2009              10.00          119.55           8.3880
 99006  11.99 %  2009               5.00          119.57           8.3847
 99006  11.99 %  2009               5.00          119.57           8.3847
 99006  11.99 %  2009               5.00          119.57           8.3847
 99006  11.99 %  2009               5.00          119.56           8.3864
 99006  11.99 %  2009               5.00          119.56           8.3864
 99006  11.99 %  2009               5.00          119.60           8.3798
 99006  11.99 %  2009               5.00          119.60           8.3798
 99006  11.99 %  2009               5.00          119.69           8.3651
 99006  11.99 %  2009               5.00          119.60           8.3798
 99006  11.99 %  2009               5.00          119.55           8.3880
 99006  11.99 %  2009               5.00          119.65           8.3717
 79002   7.00 %  2009               0.40           98.50           7.2612
 80003   7.50 %  2010               1.00           95.95           8.1702
 80003   7.50 %  2010               1.00           96.20           8.1278
 80003   7.50 %  2010               0.10           95.35           8.2725
 00014  11.30 %  2010               5.00          116.89           8.5105
 00014  11.30 %  2010               5.00          116.75           8.5313
 00014  11.30 %  2010               5.00          117.03           8.4897
 00014  11.30 %  2010               5.00          117.03           8.4897
 00014  11.30 %  2010              10.00          116.85           8.5164
 00014  11.30 %  2010               5.00          116.87           8.5134
 00014  11.30 %  2010               0.50          116.40           8.5835
 00014  11.30 %  2010               5.00          116.70           8.5387
 00014  11.30 %  2010               5.00          116.80           8.5238
 00014  11.30 %  2010               5.00          116.84           8.5179
 00014  11.30 %  2010               5.00          116.95           8.5016
 00014  11.30 %  2010               5.00          117.00           8.4941
 00014  11.30 %  2010               5.00          116.74           8.5328
 00014  11.30 %  2010               5.00          116.78           8.5268
 00014  11.30 %  2010               5.00          117.00           8.4941
 00014  11.30 %  2010               5.00          117.00           8.4941
 00014  11.30 %  2010              10.00          117.00           8.4941
 00014  11.30 %  2010               5.00          116.78           8.5268
 00014  11.30 %  2010              20.00          117.05           8.4867
 99005  12.32 %  2011              10.00          120.25           9.0306
 99005  12.32 %  2011               5.00          120.50           8.9949
 99005  12.32 %  2011              10.00          120.45           9.0020
 99005  12.32 %  2011               5.00          120.50           8.9949
 81005   8.00 %  2011               5.00           98.60           8.2148
 81005   8.00 %  2011               0.71425        98.50           8.2304
 81005   8.00 %  2011               2.00           98.75           8.1915
 81005   8.00 %  2011               5.00           98.93           8.1636
 00010  10.95 %  2011              20.00          114.15           8.7335
 01007   9.39 %  2011               5.00          105.515          8.5360
 01007   9.39 %  2011               5.00          105.50           8.5382
 01007   9.39 %  2011               5.00          105.49           8.5397 01007   9.39 %  2011               5.00          105.49           8.5397
 01007   9.39 %  2011               5.00          105.49           8.5397
 01007   9.39 %  2011               5.00          105.48           8.5412
 01007   9.39 %  2011               5.00          105.54           8.5323
 01007   9.39 %  2011               5.00          105.51           8.5368
 01007   9.39 %  2011               5.00          105.50           8.5382
 01007   9.39 %  2011               5.00          105.50           8.5382
 01007   9.39 %  2011               5.00          105.48           8.5412
 01007   9.39 %  2011               5.00          105.48           8.5412
 01007   9.39 %  2011              10.00          105.49           8.5397
 01007   9.39 %  2011               5.00          105.50           8.5382
 01007   9.39 %  2011               5.00          105.505          8.5375
 01007   9.39 %  2011               5.00          105.50           8.5382
 01007   9.39 %  2011               5.00          105.45           8.5457
 01007   9.39 %  2011               5.00          105.49           8.5397
 01007   9.39 %  2011               5.00          105.52           8.5353
 01007   9.39 %  2011               5.00          105.53           8.5338
 01007   9.39 %  2011               5.00          105.49           8.5397
 01007   9.39 %  2011               5.00          105.55           8.5308
 00017  11.50 %  2011               5.00          118.95           8.6370
 00017  11.50 %  2011               5.00          118.95           8.6370
 00017  11.50 %  2011               5.00          119.00           8.6302
 00017  11.50 %  2011               5.00          118.98           8.6329
 00017  11.50 %  2011               5.00          119.05           8.6235
 00017  11.50 %  2011               5.00          119.10           8.6168
 00017  11.50 %  2011               5.00          119.11           8.6155
 00017  11.50 %  2011              10.00          119.13           8.6128
 00017  11.50 %  2011               5.00          118.98           8.6329
 00017  11.50 %  2011               5.00          118.96           8.6356
 00017  11.50 %  2011               5.00          119.00           8.6302
 00017  11.50 %  2011               5.00          119.00           8.6302
 00017  11.50 %  2011               5.00          119.00           8.6302
 00017  11.50 %  2011              10.00          118.99           8.6316
 00017  11.50 %  2011               5.00          118.98           8.6329
 00017  11.50 %  2011               5.00          119.00           8.6302
 00017  11.50 %  2011               5.00          118.81           8.6558
 00017  11.50 %  2011               5.00          118.99           8.6316
 00017  11.50 %  2011               5.00          118.85           8.6504
 00017  11.50 %  2011               5.00          119.00           8.6302
 00017  11.50 %  2011               5.00          118.90           8.6437
 00017  11.50 %  2011               5.00          119.10           8.6168
 00017  11.50 %  2011               5.00          118.99           8.6316
 00017  11.50 %  2011               5.00          119.10           8.6168
 00017  11.50 %  2011               5.00          118.99           8.6316
 00017  11.50 %  2011               5.00          118.99           8.6316
 00017  11.50 %  2011               5.00          118.995          8.6309
 00017  11.50 %  2011              10.00          119.10           8.6168
 00017  11.50 %  2011               5.00          118.90           8.6437
 00017  11.50 %  2011               5.00          119.00           8.6302
 00017  11.50 %  2011              10.00          119.00           8.6302
 00017  11.50 %  2011               5.00          119.00           8.6302
 00017  11.50 %  2011               5.00          119.12           8.6142
 00017  11.50 %  2011               5.00          119.12           8.6142
 00017  11.50 %  2011               5.00          118.90           8.6437
 00017  11.50 %  2011               5.00          119.00           8.6302
 00017  11.50 %  2011               5.00          118.99           8.6316
 00017  11.50 %  2011               5.00          119.00           8.6302 00017  11.50 %  2011               5.00          119.00           8.6302
 00017  11.50 %  2011               5.00          119.00           8.6302
 00017  11.50 %  2011               5.00          119.00           8.6302
 00017  11.50 %  2011               5.00          119.00           8.6302
 00017  11.50 %  2011               5.00          119.02           8.6276
 00017  11.50 %  2011               5.00          119.04           8.6249
 00017  11.50 %  2011               5.00          119.05           8.6235
 00017  11.50 %  2011               5.00          119.05           8.6235
 00017  11.50 %  2011               5.00          119.05           8.6235
 00017  11.50 %  2011               5.00          119.00           8.6302
 00017  11.50 %  2011               5.00          118.97           8.6343
 00017  11.50 %  2011               5.00          119.00           8.6302
 00017  11.50 %  2011               5.00          119.00           8.6302
 00017  11.50 %  2011               5.00          119.10           8.6168
 00017  11.50 %  2011               5.00          118.93           8.6396
 00017  11.50 %  2011               5.00          119.00           8.6302
 00017  11.50 %  2011              20.00          118.85           8.6504
 84005  10.25 %  2012               0.75          108.70           8.9568
 00012  11.03 %  2012               5.00          115.80           8.7226
 00012  11.03 %  2012               5.00          116.00           8.6963
 00012  11.03 %  2012               5.00          115.84           8.7174
 00012  11.03 %  2012               5.00          115.83           8.7187
 00012  11.03 %  2012               5.00          115.84           8.7174
 00012  11.03 %  2012               5.00          115.82           8.7200
 00012  11.03 %  2012               5.00          115.50           8.7622
 00012  11.03 %  2012               5.00          111.50           9.3041
 00012  11.03 %  2012               5.00          115.97           8.7003
 00012  11.03 %  2012               5.00          115.82           8.7200
 00012  11.03 %  2012               5.00          115.75           8.7292
 00012  11.03 %  2012               5.00          115.75           8.7292
 00012  11.03 %  2012               5.00          115.75           8.7292
 00012  11.03 %  2012               5.00          116.00           8.6963
 00012  11.03 %  2012               5.00          116.00           8.6963
 00012  11.03 %  2012               5.00          115.80           8.7226
 00012  11.03 %  2012               5.00          115.93           8.7055
 00012  11.03 %  2012               5.00          115.80           8.7226
 00012  11.03 %  2012               5.00          116.00           8.6963
 00012  11.03 %  2012              25.00          116.00           8.6963
 00012  11.03 %  2012               5.00          115.80           8.7226
 00012  11.03 %  2012               5.00          115.80           8.7226
 00012  11.03 %  2012              10.00          115.85           8.7160
 00012  11.03 %  2012               5.00          115.82           8.7200
 00012  11.03 %  2012               5.00          115.84           8.7174
 00012  11.03 %  2012               5.00          115.82           8.7200
 00012  11.03 %  2012               5.00          115.84           8.7174
 00012  11.03 %  2012               5.00          115.50           8.7622
 00012  11.03 %  2012              20.00          115.50           8.7622
 00012  11.03 %  2012               5.00          115.50           8.7622
 00012  11.03 %  2012               5.00          115.50           8.7622
 00012  11.03 %  2012               5.00          115.79           8.7239
 00012  11.03 %  2012               5.00          115.80           8.7226
 00012  11.03 %  2012               5.00          115.82           8.7200
 00012  11.03 %  2012               5.00          115.82           8.7200
 00012  11.03 %  2012               5.00          115.84           8.7174
 00012  11.03 %  2012               5.00          115.84           8.7174
 00012  11.03 %  2012              10.00          115.82           8.7200
 00012  11.03 %  2012               5.00          116.00           8.6963 00012  11.03 %  2012               5.00          116.00           8.6963
 00012  11.03 %  2012               5.00          115.80           8.7226
 00012  11.03 %  2012               5.00          115.90           8.7095
 00012  11.03 %  2012               5.00          115.50           8.7622
 00012  11.03 %  2012               5.00          115.95           8.7029
 00012  11.03 %  2012               5.00          115.90           8.7095
 00012  11.03 %  2012               5.00          115.82           8.7200
 00012  11.03 %  2012               5.00          115.95           8.7029
 00012  11.03 %  2012               5.00          115.95           8.7029
 00012  11.03 %  2012               5.00          115.95           8.7029
 01009   9.40 %  2012               2.00          105.08           8.6644
 82005   9.00 %  2013               1.50          102.425          8.6625
 82005   9.00 %  2013               0.50          100.20           8.9709
 01005   9.81 %  2013               5.00          107.65           8.7433
 01005   9.81 %  2013              10.00          107.65           8.7433
 01005   9.81 %  2013               5.00          107.63           8.7460
 01005   9.81 %  2013               5.00          107.64           8.7446
 01005   9.81 %  2013               5.00          107.63           8.7460
 01005   9.81 %  2013              10.00          107.66           8.7420
 01005   9.81 %  2013              20.00          107.64           8.7446
 01005   9.81 %  2013               5.00          107.37           8.7804
 01005   9.81 %  2013               5.00          107.49           8.7645
 01005   9.81 %  2013              30.00          107.80           8.7235
 01005   9.81 %  2013               5.00          107.63           8.7460
 01005   9.81 %  2013               5.00          107.63           8.7460
 01005   9.81 %  2013               5.00          107.63           8.7460
 01005   9.81 %  2013              30.00          107.70           8.7367
 01005   9.81 %  2013               5.00          107.64           8.7446
 01005   9.81 %  2013              10.00          107.64           8.7446
 01005   9.81 %  2013               5.00          107.64           8.7446
 01005   9.81 %  2013               5.00          107.63           8.7460
 01005   9.81 %  2013               5.00          107.49           8.7645
 01005   9.81 %  2013               1.00          107.63           8.7460
 01005   9.81 %  2013               5.00          107.64           8.7446
 01005   9.81 %  2013               5.00          107.65           8.7433
 01005   9.81 %  2013               5.00          107.65           8.7433
 01005   9.81 %  2013               5.00          107.70           8.7367
 01005   9.81 %  2013               5.00          107.62           8.7473
 01005   9.81 %  2013               5.00          107.70           8.7367
 01005   9.81 %  2013               5.00          107.67           8.7407
 01005   9.81 %  2013               5.00          107.67           8.7407
 01005   9.81 %  2013               5.00          107.50           8.7632
 01005   9.81 %  2013               5.00          107.70           8.7367
 01005   9.81 %  2013               5.00          107.60           8.7499
 01005   9.81 %  2013               5.00          107.60           8.7499
 01005   9.81 %  2013               5.00          107.675          8.7400
 01005   9.81 %  2013               5.00          107.65           8.7433
 01005   9.81 %  2013               5.00          107.80           8.7235
 01005   9.81 %  2013               5.00          107.64           8.7446
 01005   9.81 %  2013               5.00          107.80           8.7235
 01005   9.81 %  2013               5.00          107.78           8.7261
 01005   9.81 %  2013               5.00          107.63           8.7460
 01005   9.81 %  2013               5.00          107.64           8.7446
 01005   9.81 %  2013               5.00          107.63           8.7460
 01005   9.81 %  2013              10.00          107.65           8.7433
 01005   9.81 %  2013               5.00          107.65           8.7433
 01005   9.81 %  2013               5.00          107.65           8.7433 01005   9.81 %  2013               5.00          107.64           8.7446
 01005   9.81 %  2013               5.00          107.68           8.7393
 01005   9.81 %  2013               5.00          107.65           8.7433
 01005   9.81 %  2013               5.00          107.65           8.7433
 01005   9.81 %  2013               5.00          107.65           8.7433
 01005   9.81 %  2013               5.00          107.65           8.7433
 01005   9.81 %  2013               5.00          107.65           8.7433
 01005   9.81 %  2013               5.00          107.65           8.7433
 01005   9.81 %  2013               5.00          107.67           8.7407
 01005   9.81 %  2013               5.00          107.63           8.7460
 01005   9.81 %  2013               5.00          107.70           8.7367
 01005   9.81 %  2013               5.00          107.70           8.7367
 01005   9.81 %  2013               5.00          107.70           8.7367
 01005   9.81 %  2013               5.00          107.65           8.7433
 01005   9.81 %  2013               5.00          107.62           8.7473
 01005   9.81 %  2013               5.00          107.65           8.7433
 84010  10.50 %  2014               1.00          109.25           9.2589
 99020  11.83 %  2014               0.05          114.90           9.7804
 99020  11.83 %  2014              10.00          119.40           9.2362
 99020  11.83 %  2014               2.00          118.40           9.3546
 99020  11.83 %  2014               5.00          120.48           9.1100
 99020  11.83 %  2014               5.00          120.00           9.1659
 99020  11.83 %  2014              10.00          120.00           9.1659
 99020  11.83 %  2014               5.00          119.90           9.1776
 99020  11.83 %  2014              15.00          119.95           9.1717
 99020  11.83 %  2014               5.00          120.05           9.1600
 99020  11.83 %  2014              10.00          118.94           9.2905
 99020  11.83 %  2014               5.00          120.25           9.1367
 01001  10.47 %  2015               5.00          111.77           8.9333
 01001  10.47 %  2015              10.00          111.69           8.9429
 01001  10.47 %  2015               5.00          111.68           8.9441
 01001  10.47 %  2015               5.00          111.66           8.9465
 01001  10.47 %  2015               5.00          111.67           8.9453
 01001  10.47 %  2015               5.00          111.67           8.9453
 01001  10.47 %  2015              10.00          111.68           8.9441
 01001  10.47 %  2015               1.00          111.65           8.9477
 01001  10.47 %  2015              10.00          111.70           8.9417
 01001  10.47 %  2015              15.00          111.65           8.9477
 01001  10.47 %  2015              10.00          111.65           8.9477
 01001  10.47 %  2015               5.00          111.80           8.9297
 01001  10.47 %  2015               5.00          111.80           8.9297
 01001  10.47 %  2015               5.00          111.80           8.9297
 00009  10.79 %  2015               1.00          111.50           9.2792
 85007  11.50 %  2015               1.00          117.00           9.2685
 00015  11.43 %  2015               5.00          118.655          9.0290
 00015  11.43 %  2015               5.00          118.64           9.0307
 00015  11.43 %  2015               5.00          118.60           9.0353
 00015  11.43 %  2015               5.00          118.64           9.0307
 00015  11.43 %  2015               5.00          118.70           9.0239
 00015  11.43 %  2015               5.00          118.70           9.0239
 00015  11.43 %  2015               5.00          118.70           9.0239
 00015  11.43 %  2015               5.00          118.75           9.0182
 00015  11.43 %  2015               5.00          118.70           9.0239
 00015  11.43 %  2015               5.00          118.65           9.0296
 00015  11.43 %  2015               5.00          118.68           9.0262
 00015  11.43 %  2015               5.00          118.70           9.0239
 00015  11.43 %  2015               5.00          118.68           9.0262 00015  11.43 %  2015               5.00          118.72           9.0216
 01011   9.85 %  2015               5.00          107.75           8.8684
 01011   9.85 %  2015               5.00          107.60           8.8864
 01011   9.85 %  2015               5.00          107.74           8.8696
 01011   9.85 %  2015               5.00          107.73           8.8708
 01011   9.85 %  2015               5.00          107.73           8.8708
 01011   9.85 %  2015               5.00          107.80           8.8624
 01011   9.85 %  2015               5.00          107.71           8.8732
 01011   9.85 %  2015               5.00          107.65           8.8804
 01011   9.85 %  2015               5.00          107.70           8.8744
 01011   9.85 %  2015               5.00          107.80           8.8624
 01011   9.85 %  2015               5.00          107.62           8.8840
 01011   9.85 %  2015               5.00          107.67           8.8780
 01011   9.85 %  2015              10.00          107.80           8.8624
 01011   9.85 %  2015               5.00          107.80           8.8624
 01011   9.85 %  2015              10.00          107.80           8.8624
 01011   9.85 %  2015               5.00          107.76           8.8672
 01011   9.85 %  2015               5.00          107.70           8.8744
 01011   9.85 %  2015               5.00          107.41           8.9092
 01011   9.85 %  2015               5.00          107.72           8.8720
 01011   9.85 %  2015               5.00          107.72           8.8720
 01011   9.85 %  2015               5.00          107.75           8.8684
 01011   9.85 %  2015               5.00          107.72           8.8720
 01011   9.85 %  2015               5.00          107.74           8.8696
 01011   9.85 %  2015              10.00          107.73           8.8708
 01011   9.85 %  2015               5.00          107.60           8.8864
 01011   9.85 %  2015               5.00          107.60           8.8864
 01011   9.85 %  2015              10.00          107.73           8.8708
 01011   9.85 %  2015               5.00          107.73           8.8708
 01011   9.85 %  2015               5.00          107.75           8.8684
 01011   9.85 %  2015               5.00          107.55           8.8924
 01011   9.85 %  2015               5.00          107.77           8.8660
 01011   9.85 %  2015               5.00          107.75           8.8684
 01011   9.85 %  2015               5.00          107.68           8.8768
 01011   9.85 %  2015               5.00          107.71           8.8732
 01011   9.85 %  2015               5.00          107.75           8.8684
 01011   9.85 %  2015               5.00          107.73           8.8708
 01011   9.85 %  2015               5.00          107.85           8.8564
 01011   9.85 %  2015               5.00          107.85           8.8564
 01011   9.85 %  2015               5.00          107.71           8.8732
 01011   9.85 %  2015               5.00          107.66           8.8792
 01011   9.85 %  2015               5.00          107.65           8.8804
 01011   9.85 %  2015               5.00          107.70           8.8744
 01011   9.85 %  2015               5.00          107.75           8.8684
 01011   9.85 %  2015               5.00          107.70           8.8744
 01011   9.85 %  2015               5.00          107.85           8.8564
 01011   9.85 %  2015               5.00          107.75           8.8684
 01011   9.85 %  2015               0.50          107.78           8.8648
 01011   9.85 %  2015              15.00          107.46           8.9032
 01011   9.85 %  2015               5.00          107.75           8.8684
 01011   9.85 %  2015               5.00          107.73           8.8708
 01011   9.85 %  2015               5.00          107.73           8.8708
 01011   9.85 %  2015               5.00          107.75           8.8684
 01011   9.85 %  2015              10.00          107.885          8.8522
 01011   9.85 %  2015               5.00          107.85           8.8564
 01011   9.85 %  2015               5.00          107.72           8.8720
 01011   9.85 %  2015               5.00          107.72           8.8720 01011   9.85 %  2015               5.00          107.75           8.8684
 01011   9.85 %  2015               5.00          107.70           8.8744
 01011   9.85 %  2015               5.00          107.64           8.8816
 01011   9.85 %  2015               5.00          107.65           8.8804
 01011   9.85 %  2015               5.00          107.65           8.8804
 01011   9.85 %  2015               5.00          107.70           8.8744
 01011   9.85 %  2015               5.00          107.75           8.8684
 01011   9.85 %  2015               5.00          107.70           8.8744
 01011   9.85 %  2015               5.00          107.75           8.8684
 01011   9.85 %  2015               5.00          107.87           8.8540
 01011   9.85 %  2015              20.00          107.75           8.8684
 01011   9.85 %  2015               5.00          107.72           8.8720
 01011   9.85 %  2015              10.00          107.75           8.8684
 01011   9.85 %  2015               5.00          107.80           8.8624
 01011   9.85 %  2015               5.00          107.75           8.8684
 01011   9.85 %  2015               5.00          107.75           8.8684
 01011   9.85 %  2015               5.00          107.75           8.8684
 01011   9.85 %  2015               5.00          107.75           8.8684
 01011   9.85 %  2015               5.00          107.85           8.8564
 01011   9.85 %  2015               5.00          107.78           8.8648
 01011   9.85 %  2015               5.00          107.80           8.8624
 01011   9.85 %  2015               5.00          107.85           8.8564
 01003  10.71 %  2016               5.00          113.60           9.0064
 01003  10.71 %  2016              10.00          113.27           9.0441
 01003  10.71 %  2016               5.00          113.65           9.0007
 01003  10.71 %  2016              10.00          113.65           9.0007
 01003  10.71 %  2016              20.00          113.57           9.0098
 01003  10.71 %  2016               5.00          113.57           9.0098
 01003  10.71 %  2016              20.00          113.57           9.0098
 01003  10.71 %  2016               5.00          113.57           9.0098
 01003  10.71 %  2016               5.00          113.80           8.9836
 01003  10.71 %  2016               5.00          113.57           9.0098
 01003  10.71 %  2016               5.00          113.63           9.0029
 01003  10.71 %  2016               5.00          113.58           9.0086
 01003  10.71 %  2016              10.00          113.60           9.0064
 01003  10.71 %  2016               5.00          113.66           8.9995
 01003  10.71 %  2016               5.00          113.70           8.9950
 01003  10.71 %  2016               5.00          113.67           8.9984
 01003  10.71 %  2016              10.00          113.70           8.9950
 01003  10.71 %  2016               5.00          113.71           8.9938
 01003  10.71 %  2016               5.00          113.70           8.9950
 01003  10.71 %  2016               5.00          113.69           8.9961
 01003  10.71 %  2016               5.00          113.75           8.9893
 01003  10.71 %  2016               5.00          113.55           9.0121
 01003  10.71 %  2016               5.00          113.60           9.0064
 01003  10.71 %  2016               5.00          113.76           8.9881
 01003  10.71 %  2016               5.00          113.60           9.0064
 01003  10.71 %  2016               5.00          113.58           9.0086
 01003  10.71 %  2016               5.00          113.75           8.9893
 01003  10.71 %  2016               5.00          113.65           9.0007
 01003  10.71 %  2016               5.00          113.58           9.0086
 01003  10.71 %  2016              10.00          113.76           8.9881
 01003  10.71 %  2016               5.00          113.60           9.0064
 01003  10.71 %  2016              10.00          113.57           9.0098
 01003  10.71 %  2016               5.00          113.60           9.0064
 01003  10.71 %  2016              10.00          113.80           8.9836
 01004  10.45 %  2018               5.00          111.39           9.1012 01004  10.45 %  2018               5.00          111.65           9.0729
 01004  10.45 %  2018               5.00          111.45           9.0947
 01004  10.45 %  2018              10.00          111.50           9.0892
 01004  10.45 %  2018               5.00          111.50           9.0892
 01004  10.45 %  2018              25.00          111.50           9.0892
 01004  10.45 %  2018              10.00          111.35           9.1056
 01004  10.45 %  2018              10.00          111.35           9.1056
 01004  10.45 %  2018              10.00          111.40           9.1001
 01004  10.45 %  2018               4.00          111.40           9.1001
 01008  10.03 %  2019               2.00          107.45           9.1688
 01008  10.03 %  2019              20.00          108.145          9.0935
 01008  10.03 %  2019              10.00          108.30           9.0768
 01008  10.03 %  2019              10.00          108.30           9.0768
 01008  10.03 %  2019              10.00          108.30           9.0768
 01008  10.03 %  2019              20.00          108.00           9.1091
 01008  10.03 %  2019               5.00          106.72           9.2488
 01008  10.03 %  2019               5.00          108.20           9.0875
 01008  10.03 %  2019               5.00          108.05           9.1037
 01008  10.03 %  2019               2.00          106.22           9.3040
 01008  10.03 %  2019              20.00          108.15           9.0929
 00008  10.70 %  2020               5.00          113.10           9.2092
 00008  10.70 %  2020               0.50          111.35           9.3922
 00008  10.70 %  2020               0.50          112.80           9.2403
 00008  10.70 %  2020               1.75          112.05           9.3185
 00008  10.70 %  2020               1.00          111.40           9.3870
 00008  10.70 %  2020               1.00          112.22           9.3007
 01006  10.25 %  2021              25.00          109.50           9.1934
 01006  10.25 %  2021               5.00          109.51           9.1923
 01006  10.25 %  2021              25.00          109.49           9.1944
 01006  10.25 %  2021               5.00          109.63           9.1799
 01006  10.25 %  2021               5.00          109.35           9.2089
 01006  10.25 %  2021               5.00          109.35           9.2089
 01006  10.25 %  2021              10.00          109.35           9.2089
 01006  10.25 %  2021               5.00          109.25           9.2193
 01006  10.25 %  2021              10.00          109.25           9.2193
 01006  10.25 %  2021              10.00          109.25           9.2193
 01006  10.25 %  2021               5.00          109.30           9.2141
 01006  10.25 %  2021               5.00          109.30           9.2141
 01006  10.25 %  2021               5.00          109.30           9.2141
 01006  10.25 %  2021              10.00          109.33           9.2110
 01006  10.25 %  2021               5.00          109.35           9.2089
 01006  10.25 %  2021               5.00          109.40           9.2037
 01006  10.25 %  2021               5.00          109.23           9.2214
 01006  10.25 %  2021               0.50          109.45           9.1986
 01006  10.25 %  2021               5.00          109.45           9.1986
 01006  10.25 %  2021              40.00          109.10           9.2349
 01006  10.25 %  2021               5.00          109.30           9.2141
 01006  10.25 %  2021               5.00          109.39           9.2048
 01006  10.25 %  2021               5.00          109.40           9.2037
 01006  10.25 %  2021               5.00          109.20           9.2245
 01006  10.25 %  2021               5.00          109.25           9.2193
 01006  10.25 %  2021               5.00          109.40           9.2037
 01006  10.25 %  2021               5.00          109.25           9.2193
 01006  10.25 %  2021               5.00          109.16           9.2286
 01006  10.25 %  2021               3.00          109.50           9.1934
 01006  10.25 %  2021               5.00          109.35           9.2089
 01006  10.25 %  2021               0.50          109.40           9.2037 01006  10.25 %  2021               5.00          109.32           9.2120
 01006  10.25 %  2021              10.00          109.20           9.2245
 01006  10.25 %  2021               8.00          109.26           9.2183
 01006  10.25 %  2021               5.00          109.26           9.2183
 01006  10.25 %  2021               5.00          109.20           9.2245
 01006  10.25 %  2021               5.00          109.24           9.2203
 01006  10.25 %  2021               5.00          109.50           9.1934
 01010  10.18 %  2026               5.00          108.78           9.2677
 01010  10.18 %  2026               0.084         103.00           9.8516
 01010  10.18 %  2026               1.00          106.63           9.4787
 01010  10.18 %  2026               0.25          107.20           9.4221
 01010  10.18 %  2026               2.00          108.30           9.3142
 01010  10.18 %  2026               2.00          108.77           9.2687
 01010  10.18 %  2026               3.00          108.35           9.3094
     Total                       4770.31865
B. State Government Securities
          Contract Date : November 10, 2001
 95206 14.00% GUJARAT S.D.L.
       2005                         1.00          117.00          8.3428
 98212 12.15% MAHARASHTRA SDL
       2008                         2.00          109.25         10.1560
 89221 11.50% KARNATAKA S.D.
       2009                         1.00          108.20          9.9475
 01253 9.40 % GUJARAT
       GOVT.STOCK,2009              0.35          102.85          8.8785
 99241 11.85% MAHARASTRA SDL
       2009                         2.00          108.60         10.2211
 90213 11.50% WEST BENGAL 2010      0.50          113.00          9.2844
          Contract Date : November 12, 2001
 95206 14.00% GUJARAT S.D.L.
       2005                         0.3203        115.25          8.8686
 00213 10.52% AP SDL 2010           1.00          106.65          9.3622
     Total                          8.1703
C. Treasury Bills
   (i) 14 Day Bills (Maturity-wise)
       (DD/MM/YYYY)
                                           NIL
   (ii) 91 Day Bills (Maturity-wise)
       (DD/MM/YYYY)
          Contract Date : November 12, 2001
        23/11/2001                  5.00           99.8105         6.2826
        04/01/2002                  5.00           99.0365         6.6816
        08/02/2002                 15.00           98.4220         6.6318
     Total                         25.00
   (iii) 182 Day Bills (Maturity-wise)
       (DD/MM/YYYY)
                                           NIL
   (iv) 364 Day Bills (Maturity-wise)
       (DD/MM/YYYY)
          Contract Date : November 10, 2001
        09/08/2002                  1.00          100.0000         0.0000
        18/10/2002                 10.00          100.0000         0.0000
        01/11/2002                  5.00          100.0000         0.0000
          Contract Date : November 12, 2001        13/12/2001                  0.50           99.4426         6.5816
        07/03/2002                 10.00           97.9478         6.6318
        21/03/2002                 25.00           97.7037         6.6318
        21/03/2002                 17.50           97.7037         6.6318
        21/03/2002                 10.00           97.6868         6.6817
        18/04/2002                  3.00           97.1663         6.7615
        02/05/2002                  5.00           96.9214         6.7614
        31/05/2002                 12.00           96.4486         6.7015
        31/05/2002                  5.00           96.4180         6.7614
        14/06/2002                  9.85           96.2094         6.7016
        28/06/2002                  4.00           95.9714         6.7016
        06/09/2002                  1.95           94.7402         6.7814
        20/09/2002                  2.00           94.4914         6.8014
        18/10/2002                  6.00           94.0513         6.7714
        18/10/2002                  4.00           94.0513         6.7714
     Total                        131.80
---------------------------------------------------------------------------
 Loan  Nomenclature                Amount      Price *   Repo Rate   Repo
 Code                            (Face Value) Per Rs.100   (%pa)    Period
                                 (in Rs.Crore) Nominal              (Days)
       (1)                          (2)          (3)        (4)      (5)
---------------------------------------------------------------------------
II.  REPO Transactions *
    (Other than with RBI)
A. Government of India Dated Securities
 97011  11.15 %  2002              95.00      103.40        6.50       3
 97011  11.15 %  2002              25.00      103.32        6.45       1
 94003  12.50 %  2004               5.00      111.60        8.60       7
 98022  11.98 %  2004              20.00      112.30        6.35       3
 98022  11.98 %  2004              20.00      112.30        6.35       3
 98022  11.98 %  2004              10.00      112.30        6.35       1
 00007   9.90 %  2005               5.00      108.05        6.75       1
 00007   9.90 %  2005               5.00      108.05        6.75       1
 00007   9.90 %  2005               5.00      108.05        6.75       1
 00007   9.90 %  2005               5.00      108.05        6.75       1
 00007   9.90 %  2005               5.00      108.05        6.75       1
 00007   9.90 %  2005               5.00      108.05        6.75       1
 00007   9.90 %  2005               5.00      108.05        6.75       1
 00007   9.90 %  2005               5.00      108.05        6.75       1
 00007   9.90 %  2005               5.00      108.05        6.75       1
 00007   9.90 %  2005               5.00      108.05        6.75       1
 00011  10.20 %  2005              25.00      109.75        6.40       3
 97010  11.19 %  2005              20.00      113.30        6.45       7
 97010  11.19 %  2005              20.00      113.30        6.45       7
 97010  11.19 %  2005              20.00      113.30        6.45       7
 97010  11.19 %  2005               5.00      112.80        8.60       7
 00013  11.00 %  2006              25.00      114.40        6.45       7
 98009  11.90 %  2007              40.00      118.90        6.50       1
 98009  11.90 %  2007              40.00      118.90        6.50       1
 98007  12.00 %  2008              25.00      118.50        6.55       7
 98007  12.00 %  2008              25.00      118.50        6.55       7
 00016  11.40 %  2008              40.00      118.50        6.50       1
 00016  11.40 %  2008              40.00      118.50        6.50       1
 00016  11.40 %  2008              40.00      118.50        6.50       1 00016  11.40 %  2008              40.00      118.50        6.50       1
 00016  11.40 %  2008              25.00      118.50        6.25       7
 00016  11.40 %  2008              25.00      118.50        6.25       7
 00016  11.40 %  2008              42.00      118.50        6.50       3
 00016  11.40 %  2008              42.00      118.50        6.50       3
 00016  11.40 %  2008               5.00      117.75        8.60       7
 99006  11.99 %  2009              20.00      119.50        6.25       7
 99006  11.99 %  2009              20.00      119.50        6.25       7
 99006  11.99 %  2009              25.00      119.75        6.25       3
 99006  11.99 %  2009               5.00      119.10        8.60       7
 99004  12.29 %  2010               5.00      118.00        6.75       3
 98015  12.25 %  2010              25.00      119.75        6.25       3
 00012  11.03 %  2012               8.00      115.90        4.00       1
 01009   9.40 %  2012              30.00      105.45        6.50       1
 01009   9.40 %  2012              30.00      105.45        6.50       1
 01009   9.40 %  2012              30.00      105.45        6.50       1
 01009   9.40 %  2012              30.00      105.45        6.50       1
 01009   9.40 %  2012              30.00      105.45        6.50       1
 01009   9.40 %  2012              40.00      105.45        6.50       1
 01005   9.81 %  2013               5.00      100.00        7.00       3
 85007  11.50 %  2015               5.00      105.00        8.00       1
 01011   9.85 %  2015               5.00      100.00        7.00       3
 01011   9.85 %  2015              10.00      107.75        6.35       7
 01011   9.85 %  2015              10.00      107.75        6.35       7
 01011   9.85 %  2015              10.00      107.75        6.35       7
 01011   9.85 %  2015              10.00      107.75        6.35       7
 01011   9.85 %  2015              10.00      107.75        6.35       7
 01003  10.71 %  2016              10.00      113.65        6.35       7
 01003  10.71 %  2016              10.00      113.65        6.35       7
 01003  10.71 %  2016              10.00      113.65        6.35       7
 01003  10.71 %  2016              10.00      113.65        6.35       7
 01008  10.03 %  2019              10.00      108.00        6.50       1
 01008  10.03 %  2019              10.00      108.00        6.50       1
 01008  10.03 %  2019              10.00      108.00        6.50       1
 01008  10.03 %  2019              10.00      108.00        6.50       1
 01008  10.03 %  2019               5.00      108.00        6.50       7
 01008  10.03 %  2019              10.00      108.00        6.50       1
 01008  10.03 %  2019              10.00      108.00        6.45       1
 01008  10.03 %  2019               5.00      108.00        6.45       1
 00018  11.60 %  2020               5.00      118.00        6.75       3
 01006  10.25 %  2021              40.00      109.00        6.55       7
 01006  10.25 %  2021              10.00      109.25        6.50       1
 01006  10.25 %  2021               5.00      109.25        6.50       1
 01006  10.25 %  2021              85.00      109.00        6.40       7
 01006  10.25 %  2021              10.00      109.25        6.50       1
 01010  10.18 %  2026               5.00      108.75        6.50       1
 01010  10.18 %  2026              10.00      108.75        6.50       1
 01010  10.18 %  2026              10.00      108.75        6.50       1
     Total                       1422.00
B. State Government Securities
                                           NIL
C. Treasury Bills
   (i) 14 Day Bills (Maturity-wise)
      (DD/MM/YYYY)
                                           NIL
   (ii) 91 Day Bills (Maturity-wise)
      (DD/MM/YYYY)                                           NIL
   (iii) 182 Day Bills (Maturity-wise)
      (DD/MM/YYYY)
                                           NIL
   (iv) 364 Day Bills (Maturity-wise)
       (DD/MM/YYYY)
        26/07/2002                 20.00       95.5000      6.45       7
        26/07/2002                 20.00       95.5000      6.45       7
        26/07/2002                 20.00       95.5000      6.45       7
        09/08/2002                 25.00       95.2443      6.25       7
        23/08/2002                 25.00       95.0100      6.25       7
        06/09/2002                 25.00       94.7769      6.25       7
        01/11/2002                 25.00       93.8130      6.25       7
     Total                        160.00
-----------------------------------------------------------------------------
  * Relate to the first leg of Repos
  # YTM(indicative) will depend upon assumed rate of inflation
Date :  12 November 2001