Subsidiary General Ledger Account Transactions
in Government Dated Securities and Treasury Bills
at RBI, Mumbai on 15 November 2001
---------------------------------------------------------------------------
 Loan  Nomenclature              Amount           Price *        YTM %
 Code                            (Face Value)     Per Rs.100   Indicative
                                 (in Rs.Crore)    nominal
---------------------------------------------------------------------------
I.  Outright Transactions
A.Government of India Dated Securities
          Contract Date : November 12, 2001
 01005   9.81 %  2013               5.00          108.15           8.6774
 01008  10.03 %  2019              10.00          108.35           9.0714
          Contract Date : November 13, 2001
 94003  12.50 %  2004               2.00          111.91           6.9348
 94003  12.50 %  2004               5.00          111.89           6.9435
 94003  12.50 %  2004               5.00          111.89           6.9435
 98008  11.50 %  2004               5.00          109.73           7.1615
 00007   9.90 %  2005              15.00          108.27           7.1442
 78002   6.75 %  2006               0.30           94.20           8.3197
 85009  10.80 %  2008               1.00          114.30           7.9943
 00016  11.40 %  2008               5.00          118.37           7.8564
 99006  11.99 %  2009               5.00          119.50           8.3953
 99006  11.99 %  2009               5.00          119.15           8.4527
 99006  11.99 %  2009               5.00          119.51           8.3936
 99006  11.99 %  2009              10.00          119.51           8.3936
 80003   7.50 %  2010               0.50           96.55           8.0687
 80003   7.50 %  2010               1.00           96.55           8.0687
 00014  11.30 %  2010               5.00          116.96           8.4995
 82013   8.75 %  2010               1.00          101.45           8.5155
 81005   8.00 %  2011               1.00           99.55           8.0680
 81005   8.00 %  2011               0.50           99.55           8.0680
 01007   9.39 %  2011               5.00          105.52           8.5352
 01007   9.39 %  2011               1.00          105.64           8.5173
 01007   9.39 %  2011              25.00          105.65           8.5158
 01007   9.39 %  2011              20.00          105.60           8.5233
 01007   9.39 %  2011              10.00          105.55           8.5307
 00017  11.50 %  2011               5.00          118.96           8.6352
 00017  11.50 %  2011               5.00          119.12           8.6138
 00017  11.50 %  2011               5.00          119.04           8.6245
 00017  11.50 %  2011               5.00          119.12           8.6138
 00017  11.50 %  2011              10.00          118.98           8.6326
 00017  11.50 %  2011              10.00          119.05           8.6232
 00017  11.50 %  2011               5.00          119.05           8.6232
 00012  11.03 %  2012               5.00          116.02           8.6934
 00012  11.03 %  2012               5.00          116.10           8.6829
 00012  11.03 %  2012               5.00          116.06           8.6881
 00012  11.03 %  2012               5.00          116.07           8.6868
 00012  11.03 %  2012               5.00          116.06           8.6881
 00012  11.03 %  2012               5.00          116.06           8.6881
 00012  11.03 %  2012              10.00          116.06           8.6881
 00012  11.03 %  2012              10.00          116.00           8.6960 00012  11.03 %  2012               5.00          115.96           8.7013
 00012  11.03 %  2012               5.00          116.04           8.6907
 00012  11.03 %  2012              10.00          116.04           8.6907
 01009   9.40 %  2012               5.00          105.63           8.5878
 01009   9.40 %  2012               1.00          105.62           8.5892
 01009   9.40 %  2012              20.00          105.60           8.5920
 01009   9.40 %  2012               5.00          105.60           8.5920
 01009   9.40 %  2012              10.00          105.59           8.5934
 01009   9.40 %  2012               5.00          105.65           8.5851
 01009   9.40 %  2012               0.50          105.50           8.6058
 82005   9.00 %  2013               1.00          103.01           8.5829
 01005   9.81 %  2013               5.00          107.98           8.6996
 01005   9.81 %  2013               5.00          107.98           8.6996
 01005   9.81 %  2013               5.00          107.95           8.7036
 01005   9.81 %  2013               5.00          108.05           8.6904
 01005   9.81 %  2013               5.00          107.975          8.7003
 01005   9.81 %  2013               5.00          108.01           8.6957
 01005   9.81 %  2013               5.00          107.97           8.7010
 01005   9.81 %  2013               5.00          107.98           8.6996
 01005   9.81 %  2013               5.00          108.05           8.6904
 01005   9.81 %  2013               5.00          108.00           8.6970
 01005   9.81 %  2013               5.00          107.96           8.7023
 83004  10.00 %  2014               1.00          107.50           8.9898
 84010  10.50 %  2014               2.00          111.50           8.9796
 99020  11.83 %  2014               5.00          120.35           9.1247
 01001  10.47 %  2015              10.00          111.80           8.9295
 01001  10.47 %  2015               5.00          111.80           8.9295
 01001  10.47 %  2015              15.00          111.90           8.9175
 01001  10.47 %  2015               5.00          111.81           8.9283
 01001  10.47 %  2015               5.00          111.86           8.9223
 01001  10.47 %  2015               5.00          111.75           8.9355
 01001  10.47 %  2015              15.00          111.91           8.9163
 85007  11.50 %  2015               1.00          117.40           9.2217
 85007  11.50 %  2015               5.00          118.99           9.0382
 00015  11.43 %  2015              10.00          118.80           9.0124
 00015  11.43 %  2015               5.00          118.90           9.0010
 01011   9.85 %  2015               5.00          107.97           8.8419
 01011   9.85 %  2015              10.00          108.03           8.8348
 01011   9.85 %  2015              10.00          107.93           8.8467
 01011   9.85 %  2015               5.00          108.00           8.8383
 01011   9.85 %  2015               5.00          108.00           8.8383
 01011   9.85 %  2015               5.00          108.00           8.8383
 01011   9.85 %  2015               5.00          107.90           8.8503
 01011   9.85 %  2015              10.00          107.94           8.8455
 01011   9.85 %  2015               5.00          108.13           8.8228
 01011   9.85 %  2015               5.00          108.03           8.8348
 01011   9.85 %  2015              10.00          108.00           8.8383
 01011   9.85 %  2015               5.00          108.05           8.8324
 01011   9.85 %  2015               2.00          108.20           8.8145
 01003  10.71 %  2016              25.00          113.70           8.9948
 01003  10.71 %  2016              10.00          113.85           8.9777
 01003  10.71 %  2016              10.00          113.83           8.9800
 01003  10.71 %  2016               5.00          113.95           8.9663
 01003  10.71 %  2016               5.00          113.80           8.9834
 01003  10.71 %  2016               5.00          113.83           8.9800
 01004  10.45 %  2018              20.00          111.735          9.0635
 01004  10.45 %  2018               5.00          111.81           9.0554 01004  10.45 %  2018               5.00          111.75           9.0619
 01004  10.45 %  2018              10.00          111.72           9.0651
 01008  10.03 %  2019               1.00          108.50           9.0552
 00008  10.70 %  2020               5.00          113.615          9.1561
 00018  11.60 %  2020               5.00          120.48           9.2882
 00018  11.60 %  2020              10.00          120.50           9.2862
 00018  11.60 %  2020               5.00          120.85           9.2522
 01006  10.25 %  2021               1.00          109.85           9.1573
 01006  10.25 %  2021               1.00          108.75           9.2714
 01006  10.25 %  2021              15.00          109.65           9.1779
 01006  10.25 %  2021              10.00          109.65           9.1779
 01006  10.25 %  2021               5.00          109.60           9.1830
 01006  10.25 %  2021              10.00          109.65           9.1779
 01006  10.25 %  2021              10.00          109.65           9.1779
 01006  10.25 %  2021               5.00          109.80           9.1624
 01006  10.25 %  2021               5.00          109.65           9.1779
 01006  10.25 %  2021              25.00          109.75           9.1676
 01006  10.25 %  2021               5.00          109.65           9.1779
 01006  10.25 %  2021              10.00          109.65           9.1779
 01006  10.25 %  2021               0.50          108.25           9.3239
 01006  10.25 %  2021               5.00          109.66           9.1768
 01006  10.25 %  2021               5.00          109.65           9.1779
 01006  10.25 %  2021              25.00          109.765          9.1660
 01006  10.25 %  2021               5.00          109.65           9.1779
 01006  10.25 %  2021              10.00          109.65           9.1779
 01006  10.25 %  2021               5.00          109.65           9.1779
 01010  10.18 %  2026               5.00          109.00           9.2465
 01010  10.18 %  2026               1.00          109.10           9.2368
 01010  10.18 %  2026               5.00          109.20           9.2272
 01010  10.18 %  2026               5.00          109.23           9.2244
 01010  10.18 %  2026               1.00          108.76           9.2696
 01010  10.18 %  2026               1.00          108.76           9.2696
 01010  10.18 %  2026               5.00          109.18           9.2292
          Contract Date : November 15, 2001
 97011  11.15 %  2002               5.00          103.27           6.8219
 94003  12.50 %  2004              10.00          111.87           6.9407
 94003  12.50 %  2004               5.00          111.87           6.9407
 94003  12.50 %  2004               5.00          111.87           6.9407
 94003  12.50 %  2004               3.00          111.90           6.9277
 94003  12.50 %  2004               5.00          111.88           6.9364
 94003  12.50 %  2004               5.00          111.86           6.9451
 94003  12.50 %  2004               5.00          111.87           6.9407
 00013  11.00 %  2006              10.00          114.40           7.3196
 00013  11.00 %  2006               5.00          114.42           7.3149
 00013  11.00 %  2006              15.00          114.40           7.3196
 88008  11.50 %  2008               0.50          118.55           7.8148
 00016  11.40 %  2008               5.00          118.34           7.8596
 00016  11.40 %  2008              10.00          118.34           7.8596
 00016  11.40 %  2008               5.00          118.34           7.8596
 00016  11.40 %  2008              15.00          118.35           7.8578
 00016  11.40 %  2008               5.00          118.35           7.8578
 00016  11.40 %  2008               5.00          118.35           7.8578
 00016  11.40 %  2008               5.00          118.34           7.8596
 00016  11.40 %  2008               5.00          118.34           7.8596
 00016  11.40 %  2008               5.00          118.34           7.8596
 99006  11.99 %  2009              25.00          119.55           8.3852
 89009  11.50 %  2009               5.00          115.62           8.6282 89009  11.50 %  2009               5.00          115.62           8.6282
 98015  12.25 %  2010               5.00          119.81           8.9077
 98015  12.25 %  2010               5.00          119.81           8.9077
 98015  12.25 %  2010              10.00          119.85           8.9017
 98015  12.25 %  2010              10.00          119.70           8.9241
 00014  11.30 %  2010               5.00          116.95           8.5000
 00014  11.30 %  2010               5.00          116.96           8.4985
 00014  11.30 %  2010               5.00          116.95           8.5000
 00014  11.30 %  2010               5.00          116.95           8.5000
 00014  11.30 %  2010               5.00          116.98           8.4955
 00014  11.30 %  2010               5.00          117.01           8.4911
 00014  11.30 %  2010               5.00          116.97           8.4970
 00014  11.30 %  2010               5.00          116.97           8.4970
 00014  11.30 %  2010               5.00          117.00           8.4925
 00014  11.30 %  2010               5.00          116.98           8.4955
 00014  11.30 %  2010               5.00          116.95           8.5000
 00014  11.30 %  2010               5.00          116.95           8.5000
 99005  12.32 %  2011               5.00          120.30           9.0218
 01007   9.39 %  2011               5.00          105.55           8.5305
 01007   9.39 %  2011               5.00          105.57           8.5275
 01007   9.39 %  2011              10.00          105.55           8.5305
 01007   9.39 %  2011               5.00          105.55           8.5305
 00017  11.50 %  2011               5.00          118.87           8.6466
 00017  11.50 %  2011               5.00          118.96           8.6345
 00017  11.50 %  2011              10.00          118.85           8.6493
 00017  11.50 %  2011              10.00          118.96           8.6345
 00017  11.50 %  2011               5.00          118.95           8.6359
 00017  11.50 %  2011               5.00          118.85           8.6493
 00017  11.50 %  2011               5.00          118.97           8.6332
 00017  11.50 %  2011               5.00          118.85           8.6493
 00017  11.50 %  2011               5.00          118.80           8.6560
 00017  11.50 %  2011               5.00          118.85           8.6493
 00017  11.50 %  2011               5.00          118.90           8.6426
 00017  11.50 %  2011               5.00          115.85           9.0596
 00017  11.50 %  2011               5.00          118.89           8.6439
 00017  11.50 %  2011               5.00          119.00           8.6291
 00017  11.50 %  2011               5.00          119.00           8.6291
 00017  11.50 %  2011               5.00          118.90           8.6426
 00017  11.50 %  2011              10.00          118.90           8.6426
 00017  11.50 %  2011              10.00          118.955          8.6352
 00017  11.50 %  2011               5.00          118.95           8.6359
 00017  11.50 %  2011               5.00          118.85           8.6493
 00017  11.50 %  2011               5.00          118.90           8.6426
 00017  11.50 %  2011               5.00          118.95           8.6359
 00017  11.50 %  2011               5.00          118.94           8.6372
 00017  11.50 %  2011              10.00          118.95           8.6359
 00017  11.50 %  2011              25.00          119.05           8.6224
 00017  11.50 %  2011              10.00          119.00           8.6291
 00012  11.03 %  2012               5.00          115.97           8.6993
 00012  11.03 %  2012               5.00          116.00           8.6954
 00012  11.03 %  2012               5.00          115.96           8.7006
 00012  11.03 %  2012               5.00          115.96           8.7006
 00012  11.03 %  2012               5.00          115.92           8.7059
 00012  11.03 %  2012              10.00          116.06           8.6875
 00012  11.03 %  2012               5.00          115.97           8.6993
 00012  11.03 %  2012              10.00          115.95           8.7019
 00012  11.03 %  2012               5.00          115.95           8.7019 00012  11.03 %  2012               5.00          115.95           8.7019
 00012  11.03 %  2012              10.00          116.06           8.6875
 00012  11.03 %  2012              10.00          116.06           8.6875
 00012  11.03 %  2012               5.00          115.96           8.7006
 00012  11.03 %  2012               5.00          115.96           8.7006
 00012  11.03 %  2012               5.00          116.00           8.6954
 00012  11.03 %  2012               5.00          115.90           8.7085
 00012  11.03 %  2012              10.00          115.96           8.7006
 00012  11.03 %  2012               5.00          115.90           8.7085
 00012  11.03 %  2012               5.00          115.965          8.7000
 00012  11.03 %  2012               5.00          115.97           8.6993
 00012  11.03 %  2012               5.00          115.95           8.7019
 00012  11.03 %  2012               5.00          115.96           8.7006
 00012  11.03 %  2012               5.00          115.98           8.6980
 00012  11.03 %  2012               5.00          115.95           8.7019
 00012  11.03 %  2012               5.00          116.00           8.6954
 00012  11.03 %  2012               5.00          115.99           8.6967
 00012  11.03 %  2012               5.00          116.00           8.6954
 00012  11.03 %  2012               5.00          115.96           8.7006
 00012  11.03 %  2012              10.00          115.94           8.7033
 00012  11.03 %  2012              10.00          115.97           8.6993
 00012  11.03 %  2012               5.00          115.94           8.7033
 01009   9.40 %  2012               5.00          105.595          8.5924
 01009   9.40 %  2012               5.00          105.58           8.5945
 01009   9.40 %  2012               5.00          105.55           8.5986
 82005   9.00 %  2013               1.00          102.40           8.6660
 01005   9.81 %  2013               5.00          107.95           8.7034
 01005   9.81 %  2013               0.50          107.10           8.8162
 01005   9.81 %  2013               5.00          108.00           8.6968
 01005   9.81 %  2013               5.00          107.90           8.7100
 01005   9.81 %  2013              10.00          107.85           8.7166
 01005   9.81 %  2013               5.00          107.91           8.7087
 01005   9.81 %  2013              10.00          107.92           8.7074
 01005   9.81 %  2013               5.00          107.91           8.7087
 01005   9.81 %  2013              10.00          107.89           8.7113
 01005   9.81 %  2013               5.00          107.95           8.7034
 01005   9.81 %  2013              10.00          107.95           8.7034
 01005   9.81 %  2013               5.00          107.90           8.7100
 01005   9.81 %  2013               5.00          107.85           8.7166
 01005   9.81 %  2013               5.00          107.90           8.7100
 01005   9.81 %  2013               5.00          107.85           8.7166
 01005   9.81 %  2013               5.00          107.85           8.7166
 01005   9.81 %  2013               5.00          107.90           8.7100
 01005   9.81 %  2013               5.00          107.90           8.7100
 01005   9.81 %  2013               5.00          107.90           8.7100
 01005   9.81 %  2013               5.00          107.91           8.7087
 01005   9.81 %  2013              10.00          107.85           8.7166
 01005   9.81 %  2013               5.00          107.90           8.7100
 01005   9.81 %  2013               5.00          107.89           8.7113
 01005   9.81 %  2013               5.00          107.85           8.7166
 01005   9.81 %  2013               5.00          107.94           8.7047
 01005   9.81 %  2013               5.00          107.82           8.7206
 01005   9.81 %  2013               5.00          107.90           8.7100
 01005   9.81 %  2013               5.00          107.82           8.7206
 98021  12.40 %  2013               0.80          124.00           9.0398
 99020  11.83 %  2014              10.00          120.29           9.1310
 99020  11.83 %  2014              10.00          120.35           9.1240 01001  10.47 %  2015              15.00          111.82           8.9268
 01001  10.47 %  2015              10.00          111.82           8.9268
 01001  10.47 %  2015               5.00          111.83           8.9256
 01001  10.47 %  2015               5.00          111.84           8.9244
 01001  10.47 %  2015              10.00          111.84           8.9244
 01001  10.47 %  2015              10.00          111.84           8.9244
 01001  10.47 %  2015               5.00          111.83           8.9256
 01001  10.47 %  2015               5.00          111.81           8.9280
 01001  10.47 %  2015               5.00          111.81           8.9280
 01001  10.47 %  2015               5.00          111.80           8.9292
 01001  10.47 %  2015               5.00          111.80           8.9292
 01001  10.47 %  2015               5.00          111.82           8.9268
 01001  10.47 %  2015               5.00          111.80           8.9292
 01001  10.47 %  2015               5.00          111.81           8.9280
 01001  10.47 %  2015              10.00          111.84           8.9244
 01001  10.47 %  2015               5.00          111.80           8.9292
 01001  10.47 %  2015               5.00          111.85           8.9232
 01001  10.47 %  2015              25.00          111.82           8.9268
 01001  10.47 %  2015               5.00          111.82           8.9268
 01001  10.47 %  2015               5.00          111.80           8.9292
 01001  10.47 %  2015               5.00          111.81           8.9280
 01001  10.47 %  2015               5.00          111.83           8.9256
 85007  11.50 %  2015               1.00          118.65           9.0769
 00015  11.43 %  2015               5.00          118.80           9.0119
 00015  11.43 %  2015               5.00          118.79           9.0131
 00015  11.43 %  2015               5.00          118.80           9.0119
 00015  11.43 %  2015               5.00          118.80           9.0119
 01011   9.85 %  2015               5.00          107.85           8.8560
 01011   9.85 %  2015               5.00          107.94           8.8452
 01011   9.85 %  2015               5.00          107.82           8.8596
 01011   9.85 %  2015               5.00          107.82           8.8596
 01011   9.85 %  2015              10.00          107.85           8.8560
 01011   9.85 %  2015               5.00          107.95           8.8440
 01011   9.85 %  2015               5.00          107.94           8.8452
 01011   9.85 %  2015               5.00          107.80           8.8620
 01011   9.85 %  2015               5.00          107.80           8.8620
 01011   9.85 %  2015               5.00          107.85           8.8560
 01011   9.85 %  2015               5.00          107.95           8.8440
 01011   9.85 %  2015               5.00          107.85           8.8560
 01011   9.85 %  2015               5.00          107.90           8.8500
 01011   9.85 %  2015               5.00          107.93           8.8464
 01011   9.85 %  2015               5.00          107.95           8.8440
 01011   9.85 %  2015               5.00          107.96           8.8428
 01011   9.85 %  2015               5.00          107.96           8.8428
 01011   9.85 %  2015               5.00          107.96           8.8428
 01011   9.85 %  2015              10.00          107.92           8.8476
 01011   9.85 %  2015               5.00          107.95           8.8440
 01011   9.85 %  2015               5.00          107.94           8.8452
 01011   9.85 %  2015               5.00          107.93           8.8464
 01011   9.85 %  2015               5.00          107.95           8.8440
 01011   9.85 %  2015               5.00          107.96           8.8428
 01011   9.85 %  2015               2.00          107.60           8.8860
 01011   9.85 %  2015               5.00          107.95           8.8440
 01011   9.85 %  2015               5.00          107.80           8.8620
 01011   9.85 %  2015               5.00          107.90           8.8500
 01011   9.85 %  2015               0.50          107.80           8.8620
 01011   9.85 %  2015               5.00          107.90           8.8500 01011   9.85 %  2015               5.00          107.95           8.8440
 01011   9.85 %  2015               5.00          107.95           8.8440
 01011   9.85 %  2015               5.00          107.86           8.8548
 01003  10.71 %  2016               5.00          113.82           8.9807
 01003  10.71 %  2016               5.00          113.81           8.9818
 01003  10.71 %  2016               5.00          113.80           8.9830
 01003  10.71 %  2016               5.00          113.80           8.9830
 01003  10.71 %  2016              10.00          113.83           8.9796
 01003  10.71 %  2016               5.00          113.83           8.9796
 01003  10.71 %  2016              10.00          113.83           8.9796
 01003  10.71 %  2016              10.00          113.82           8.9807
 01003  10.71 %  2016               5.00          113.82           8.9807
 01003  10.71 %  2016               5.00          113.80           8.9830
 01003  10.71 %  2016               5.00          113.82           8.9807
 01003  10.71 %  2016              10.00          113.82           8.9807
 01003  10.71 %  2016               5.00          113.80           8.9830
 01004  10.45 %  2018              20.00          111.72           9.0648
 01004  10.45 %  2018               5.00          111.75           9.0616
 01004  10.45 %  2018               5.00          111.75           9.0616
 01004  10.45 %  2018              10.00          111.75           9.0616
 01004  10.45 %  2018              25.00          111.75           9.0616
 01008  10.03 %  2019              10.00          108.30           9.0766
 00008  10.70 %  2020               5.00          113.60           9.1573
 01006  10.25 %  2021               5.00          109.72           9.1707
 01006  10.25 %  2021              20.00          109.73           9.1696
 01006  10.25 %  2021               5.00          109.70           9.1727
 01006  10.25 %  2021               5.00          109.73           9.1696
 01006  10.25 %  2021               5.00          109.73           9.1696
 01010  10.18 %  2026               5.00          109.12           9.2348
 01010  10.18 %  2026               5.00          109.28           9.2195
 01010  10.18 %  2026               5.00          109.12           9.2348
     Total                       2267.60
B. State Government Securities
          Contract Date : November 13, 2001
 87201 11.00% ANDHRA PRADESH
       S.D. 2002                    0.09          102.85          7.0557
 96217 13.85% MAHARASHTRA SDL
       2006                        10.00          120.00          8.4234
 96217 13.85% MAHARASHTRA SDL
       2006                         5.00          120.00          8.4234
 96226 13.85% TAMILNADU SDL 2006   10.00          120.00          8.4234
 98212 12.15% MAHARASHTRA SDL
       2008                         2.00          114.28          9.1611
 89221 11.50% KARNATAKA S.D.
       2009                         1.00          112.72          9.1593
 89217 11.50% ANDHRA PRADESH
       S.D. 2009                    4.00          112.72          9.1593
 99241 11.85% MAHARASTRA SDL
       2009                         2.00          114.77          9.1580
 00201 11.08% KARNATAKA S.D.L.
       2010                         3.00          110.76          9.1765
 91234 12.00% KERALA S.D. 2011      0.27          117.50          9.2568
 91233 12.00% KARNATAKA S.D.
       2011                         0.2375        117.50          9.2568
 91244 12.00% UTTAR PRADESH S.D.
       2011                         0.3925        117.50          9.2568          Contract Date : November 15, 2001
 00218 10.52% GUJARAT SDL 2010     15.00          107.00          9.3030
 00264 11.57% KARNATAKA STATE
       G.S 2010                     0.12          114.10          9.2365
     Total                         53.11
C. Treasury Bills
   (i) 14 Day Bills (Maturity-wise)
       (DD/MM/YYYY)
  (ii) 91 Day Bills (Maturity-wise)
       (DD/MM/YYYY)
          Contract Date : November 13, 2001
        14/12/2001                  3.00           99.4862         6.0642
        08/02/2002                 15.00           98.4750         6.4793
          Contract Date : November 15, 2001
        07/12/2001                  3.25           99.6032         6.5914
        26/01/2002                 10.00           98.7230         6.5395
        26/01/2002                 10.00           98.7135         6.5887
        26/01/2002                 15.00           98.7230         6.5395
        01/02/2002                  3.10           98.5988         6.6319
        01/02/2002                 20.00           98.5926         6.6616
     Total                         79.35
   (iii) 182 Day Bills (Maturity-wise)
       (DD/MM/YYYY)
                                           NIL
   (iv) 364 Day Bills (Maturity-wise)
       (DD/MM/YYYY)
          Contract Date : November 13, 2001
        08/04/2002                  0.10           97.4997         6.3935
        23/08/2002                  6.00           95.0393         6.7136
          Contract Date : November 15, 2001
        13/12/2001                  0.28           99.4955         6.5918
        28/12/2001                  2.6925         99.2273         6.5919
        06/09/2002                  0.21           94.7904         6.7814
        18/10/2002                 10.00           94.0966         6.7764
        18/10/2002                  4.00           94.1498         6.7115
     Total                         23.2825
II.  REPO Transactions *
    (Other than with RBI)
---------------------------------------------------------------------------
 Loan  Nomenclature                Amount      Price *   Repo Rate   Repo
 Code                            (Face Value) Per Rs.100   (%pa)    Period
                                 (in Rs.Crore) Nominal              (Days)
           (1)                      (2)          (3)        (4)      (5)
---------------------------------------------------------------------------
A. Government of India Dated Securities
 97011  11.15 %  2002              50.00      103.30        6.60       2
 97011  11.15 %  2002              95.00      103.30        6.50       4
 97011  11.15 %  2002              15.00      103.25        6.70       2
 98022  11.98 %  2004              15.00      112.25        6.40       4
 98022  11.98 %  2004              15.00      112.25        6.40       4
 98022  11.98 %  2004              15.00      112.25        6.40       4
 98022  11.98 %  2004              15.00      112.25        6.40       4
 98022  11.98 %  2004              15.00      112.25        6.40       4
 98022  11.98 %  2004              15.00      112.25        6.40       4
 97010  11.19 %  2005              15.00      113.25        6.55       4 97010  11.19 %  2005              26.00      113.25        6.55       2
 00016  11.40 %  2008              42.00      118.35        6.50       4
 00016  11.40 %  2008              42.00      118.35        6.50       4
 00016  11.40 %  2008              35.00      118.35        6.50       4
 00016  11.40 %  2008              45.00      118.35        6.60       4
 00016  11.40 %  2008              45.00      118.35        6.60       4
 00016  11.40 %  2008              45.00      118.35        6.60       4
 00016  11.40 %  2008              45.00      118.35        6.60       4
 01007   9.39 %  2011               5.00      100.00        7.10       4
 01007   9.39 %  2011              30.00      105.60        6.60       4
 01007   9.39 %  2011              30.00      105.60        6.60       4
 01007   9.39 %  2011              30.00      105.60        6.60       4
 01007   9.39 %  2011              25.00      105.60        6.60       4
 00012  11.03 %  2012              10.00      116.00        6.45       4
 01009   9.40 %  2012              30.00      105.60        6.55       4
 01009   9.40 %  2012              30.00      105.60        6.55       4
 01009   9.40 %  2012              30.00      105.60        6.55       4
 01009   9.40 %  2012              30.00      105.60        6.55       4
 01009   9.40 %  2012              30.00      105.60        6.55       4
 01009   9.40 %  2012              40.00      105.60        6.55       4
 98025  12.60 %  2018(ON TAP)       5.00      120.00        6.75       4
 01006  10.25 %  2021               5.00      100.00        7.10       4
 01006  10.25 %  2021              68.50      109.00        6.60       4
     Total                        988.50
B. State Government Securities
                                           NIL
C. Treasury Bills
   (i) 14 Day Bills (Maturity-wise)
      (DD/MM/YYYY)
                                           NIL
   (ii) 91 Day Bills (Maturity-wise)
      (DD/MM/YYYY)
                                           NIL
   (iii) 182 Day Bills (Maturity-wise)
      (DD/MM/YYYY)
                                           NIL
   (iv) 364 Day Bills (Maturity-wise)
       (DD/MM/YYYY)
                                           NIL
* Relate to the first leg of Repos
  # YTM(indicative) will depend upon assumed rate of inflation
Date :  15 November 2001