Subsidiary General Ledger Account Transactions
in Government Dated Securities and Treasury Bills
at RBI, Mumbai on 08 October 2001
For previous issues of SGL Data please click here
---------------------------------------------------------------------------
 Loan  Nomenclature              Amount           Price *        YTM %
 Code                            (Face Value)     Per Rs.100   Indicative
                                 (in Rs.Crore)    nominal
---------------------------------------------------------------------------
I.  Outright Transactions
A.Government of India Dated Securities
          Contract Date : October 04, 2001
 99006  11.99 %  2009              10.00          117.00           8.8433
          Contract Date : October 05, 2001
 98007  12.00 %  2008               4.00          115.35           8.8658
 00016  11.40 %  2008               5.00          116.07           8.2932
 00016  11.40 %  2008               5.00          116.10           8.2879
 00016  11.40 %  2008               5.00          116.10           8.2879
 00016  11.40 %  2008               5.00          116.07           8.2932
 80003   7.50 %  2010              10.00           92.00           8.8454
 00017  11.50 %  2011              10.00          115.65           9.0996
 00017  11.50 %  2011               5.00          115.68           9.0954
 00017  11.50 %  2011               5.00          115.55           9.1135
 00017  11.50 %  2011               5.00          115.65           9.0996
 00017  11.50 %  2011               5.00          115.60           9.1065
 00017  11.50 %  2011               5.00          115.58           9.1093
 00017  11.50 %  2011              10.00          115.60           9.1065
 00017  11.50 %  2011               5.00          115.58           9.1093
 00017  11.50 %  2011               5.00          115.65           9.0996
 00017  11.50 %  2011               5.00          115.69           9.0941
 00012  11.03 %  2012               5.00          111.685          9.2874
 00012  11.03 %  2012               5.00          111.70           9.2853
 00012  11.03 %  2012               5.00          111.60           9.2991
 00012  11.03 %  2012               5.00          111.80           9.2715
 00012  11.03 %  2012               5.00          111.50           9.3129
 00012  11.03 %  2012               5.00          111.80           9.2715
 00012  11.03 %  2012               5.00          111.75           9.2784
 00012  11.03 %  2012               5.00          111.80           9.2715
 00012  11.03 %  2012               5.00          111.68           9.2881
 00012  11.03 %  2012              10.00          111.78           9.2743
 01009   9.40 %  2012              10.00          101.10           9.2363
 01009   9.40 %  2012               5.00          101.12           9.2333
 01009   9.40 %  2012               5.00          101.05           9.2436
 01009   9.40 %  2012               5.00          101.17           9.2260
 01009   9.40 %  2012               5.00          101.14           9.2304
 01009   9.40 %  2012               5.00          101.07           9.2406
 01009   9.40 %  2012               5.00          101.12           9.2333
 01009   9.40 %  2012               1.75          101.10           9.2363
 01009   9.40 %  2012               5.00          101.05           9.2436
1 01009   9.40 %  2012               5.00          101.12           9.2333
 01005   9.81 %  2013               5.00          102.75           9.4129
 01005   9.81 %  2013               5.00          102.75           9.4129
 01005   9.81 %  2013               5.00          102.73           9.4157
 99020  11.83 %  2014               0.75          114.70           9.8096
 00015  11.43 %  2015               5.00          112.75           9.7301
 00015  11.43 %  2015               5.00          112.85           9.7179
 00015  11.43 %  2015               5.00          112.75           9.7301
 00015  11.43 %  2015              10.00          112.75           9.7301
 00018  11.60 %  2020               5.00          113.90           9.9590
 01006  10.25 %  2021              10.00          102.61           9.9422
          Contract Date : October 06, 2001
 93009  13.31 %  2001              10.00          100.595          7.7608
 94003  12.50 %  2004               0.314         111.00           7.5223
 94003  12.50 %  2004               5.00          111.63           7.2570
 94003  12.50 %  2004               5.00          111.65           7.2486
 98017  11.95 %  2004               5.00          111.02           7.5027
 98017  11.95 %  2004               5.00          111.05           7.4914
 95006  14.00 %  2005               0.815         113.00           9.6957
 95006  14.00 %  2005               0.60          113.00           9.6957
 97010  11.19 %  2005               5.00          112.50           7.3936
 95012  14.00 %  2005(INSTA         0.09          113.00           9.9194
 00013  11.00 %  2006               5.00          113.83           7.5154
 00013  11.00 %  2006               5.00          113.80           7.5223
 00013  11.00 %  2006              20.00          113.80           7.5223
 00013  11.00 %  2006               5.00          113.85           7.5107
 00016  11.40 %  2008               5.00          116.06           8.2940
 00016  11.40 %  2008              10.00          116.06           8.2940
 00016  11.40 %  2008               5.00          116.05           8.2958
 00016  11.40 %  2008               5.00          116.07           8.2923
 00016  11.40 %  2008               5.00          116.00           8.3046
 00016  11.40 %  2008              10.00          116.00           8.3046
 00016  11.40 %  2008               5.00          116.00           8.3046
 00016  11.40 %  2008              10.00          115.96           8.3116
 00016  11.40 %  2008               5.00          116.08           8.2905
 00016  11.40 %  2008               5.00          116.06           8.2940
 00016  11.40 %  2008               5.00          116.00           8.3046
 00016  11.40 %  2008               5.00          116.05           8.2958
 00016  11.40 %  2008               5.00          116.05           8.2958
 98023  12.25 %  2008               0.08          118.00           8.7276
 89009  11.50 %  2009              10.00          112.95           9.1002
 79002   7.00 %  2009               0.50           92.25           8.3925
 79002   7.00 %  2009               2.00           92.20           8.4020
 80003   7.50 %  2010               0.20           91.85           8.8725
 00014  11.30 %  2010               5.00          113.56           9.0307
 00014  11.30 %  2010               5.00          113.60           9.0246
 99005  12.32 %  2011               5.00          116.55           9.5880
 01007   9.39 %  2011               5.00          101.75           9.1110
 01007   9.39 %  2011               5.00          101.66           9.1250
 01007   9.39 %  2011              10.00          101.60           9.1343
 01007   9.39 %  2011               5.00          101.60           9.1343
 91012  11.50 %  2011               0.08          114.38           9.2379
 00017  11.50 %  2011               5.00          115.50           9.1201
 00017  11.50 %  2011               5.00          115.50           9.1201
 00017  11.50 %  2011               5.00          115.57           9.1104
2 00017  11.50 %  2011              10.00          113.02           9.4695
 00017  11.50 %  2011               5.00          115.52           9.1173
 00012  11.03 %  2012               5.00          111.63           9.2947
 00012  11.03 %  2012               5.00          111.67           9.2892
 00012  11.03 %  2012              10.00          111.60           9.2988
 00012  11.03 %  2012               5.00          111.64           9.2933
 00012  11.03 %  2012               5.00          111.64           9.2933
 00012  11.03 %  2012               5.00          111.64           9.2933
 00012  11.03 %  2012              10.00          111.64           9.2933
 00012  11.03 %  2012               5.00          111.65           9.2919
 00012  11.03 %  2012               5.00          111.65           9.2919
 00012  11.03 %  2012               5.00          111.68           9.2878
 00012  11.03 %  2012               5.00          111.56           9.3043
 00012  11.03 %  2012               5.00          111.55           9.3057
 00012  11.03 %  2012               5.00          111.70           9.2850
 00012  11.03 %  2012               5.00          111.50           9.3126
 00012  11.03 %  2012              10.00          111.58           9.3016
 01009   9.40 %  2012               5.00          100.975          9.2545
 01009   9.40 %  2012               1.00          101.09           9.2376
 01009   9.40 %  2012               5.00          101.08           9.2391
 01009   9.40 %  2012               5.00          100.98           9.2537
 01009   9.40 %  2012              10.00          101.14           9.2303
 01009   9.40 %  2012               5.00          101.02           9.2479
 01009   9.40 %  2012               1.00          101.02           9.2479
 01009   9.40 %  2012               5.00          100.97           9.2552
 01009   9.40 %  2012              10.00          100.98           9.2537
 01009   9.40 %  2012               5.00          100.98           9.2537
 01009   9.40 %  2012               0.50          101.20           9.2216
 01009   9.40 %  2012               2.00          100.75           9.2874
 01009   9.40 %  2012               0.50          101.15           9.2289
 01009   9.40 %  2012               5.00          100.95           9.2581
 01009   9.40 %  2012               1.00          101.10           9.2362
 01009   9.40 %  2012              10.00          100.30           9.3537
 01009   9.40 %  2012               0.25          101.05           9.2435
 01009   9.40 %  2012               5.00          101.00           9.2508
 01009   9.40 %  2012               5.00          101.02           9.2479
 01009   9.40 %  2012               5.00          100.96           9.2567
 01009   9.40 %  2012               5.00          101.12           9.2333
 01009   9.40 %  2012               5.00          101.10           9.2362
 82005   9.00 %  2013               0.67           99.85           9.0183
 82005   9.00 %  2013               0.08           99.90           9.0113
 82005   9.00 %  2013               2.00          100.30           8.9553
 82005   9.00 %  2013               1.00           99.75           9.0324
 01005   9.81 %  2013              10.00          102.62           9.4312
 01005   9.81 %  2013               5.00          102.50           9.4481
 01005   9.81 %  2013              10.00          102.60           9.4340
 01005   9.81 %  2013               5.00          102.57           9.4382
 01005   9.81 %  2013               0.50          102.65           9.4270
 01005   9.81 %  2013               5.00          102.57           9.4382
 01005   9.81 %  2013               5.00          102.63           9.4298
 01005   9.81 %  2013               5.00          102.765          9.4108
 01005   9.81 %  2013               5.00          103.00           9.3779
 01005   9.81 %  2013               5.00          102.57           9.4382
 01005   9.81 %  2013               5.00          102.65           9.4270
 01005   9.81 %  2013               5.00          102.54           9.4425
3 98021  12.40 %  2013               0.22          117.75           9.8298
 84010  10.50 %  2014               5.00          107.75           9.4528
 01001  10.47 %  2015               1.00          105.47           9.7261
 85007  11.50 %  2015               0.15          111.80           9.9004
 00015  11.43 %  2015               5.00          112.80           9.7238
 00015  11.43 %  2015               5.00          112.60           9.7482
 00015  11.43 %  2015               5.00          112.60           9.7482
 01003  10.71 %  2016              10.00          106.55           9.8518
 01003  10.71 %  2016              20.00          106.55           9.8518
 99019  12.30 %  2016               0.50          113.40          10.4890
 99019  12.30 %  2016               1.00          118.15           9.9253
 01008  10.03 %  2019               5.00          100.82           9.9279
 01008  10.03 %  2019              15.00          101.03           9.9027
 01008  10.03 %  2019              10.00          100.48           9.9687
 01008  10.03 %  2019               2.00          101.35           9.8646
 01008  10.03 %  2019               1.00          101.37           9.8622
 00008  10.70 %  2020              10.00          107.17           9.8498
 00008  10.70 %  2020               4.00          106.38           9.9389
 00008  10.70 %  2020               4.00          106.25           9.9536
 01006  10.25 %  2021              15.00          102.75           9.9262
 01006  10.25 %  2021               5.00          102.75           9.9262
 01006  10.25 %  2021               5.00          102.75           9.9262
 01006  10.25 %  2021              10.00          102.75           9.9262
 01006  10.25 %  2021              10.00          102.75           9.9262
 01006  10.25 %  2021               0.49          102.83           9.9171
 01006  10.25 %  2021               0.50          102.85           9.9148
 01006  10.25 %  2021               5.00          102.83           9.9171
 01006  10.25 %  2021               1.00          102.92           9.9068
 01006  10.25 %  2021               1.00          103.00           9.8977
 01010  10.18 %  2026               1.00          101.60          10.0029
 01010  10.18 %  2026               1.00          101.60          10.0029
 01010  10.18 %  2026               1.00          102.00           9.9598
 01010  10.18 %  2026               5.00          101.57          10.0062
 01010  10.18 %  2026               1.00          101.73           9.9889
 01010  10.18 %  2026               1.00          101.55          10.0084
 01010  10.18 %  2026               0.50          101.60          10.0029
 01010  10.18 %  2026               2.00          101.70           9.9921
          Contract Date : October 08, 2001
 94003  12.50 %  2004               1.00          111.35           7.3644
 94003  12.50 %  2004              10.00          111.45           7.3222
 94003  12.50 %  2004              15.00          111.50           7.3012
 94003  12.50 %  2004               5.00          111.50           7.3012
 94003  12.50 %  2004               5.00          111.39           7.3475
 94003  12.50 %  2004               5.00          111.51           7.2970
 94003  12.50 %  2004               5.00          111.47           7.3138
 94003  12.50 %  2004               5.00          111.45           7.3222
 94003  12.50 %  2004               5.00          111.35           7.3644
 94003  12.50 %  2004               5.00          111.35           7.3644
 94003  12.50 %  2004              10.00          111.35           7.3644
 94003  12.50 %  2004               5.00          111.35           7.3644
 94003  12.50 %  2004               5.00          111.43           7.3307
 94003  12.50 %  2004               5.00          111.43           7.3307
 94003  12.50 %  2004               5.00          111.46           7.3180
 00016  11.40 %  2008               5.00          115.43           8.4032
 00016  11.40 %  2008               5.00          115.60           8.3732
4 00016  11.40 %  2008               5.00          115.60           8.3732
 00016  11.40 %  2008               5.00          115.38           8.4120
 00016  11.40 %  2008               5.00          115.30           8.4262
 00016  11.40 %  2008               5.00          115.60           8.3732
 00016  11.40 %  2008               5.00          115.50           8.3908
 00016  11.40 %  2008               5.00          115.46           8.3979
 00016  11.40 %  2008              10.00          115.50           8.3908
 00016  11.40 %  2008               5.00          115.20           8.4439
 00016  11.40 %  2008               5.00          115.60           8.3732
 00016  11.40 %  2008               5.00          115.60           8.3732
 00016  11.40 %  2008               5.00          115.45           8.3996
 00016  11.40 %  2008               5.00          115.60           8.3732
 00016  11.40 %  2008               5.00          115.58           8.3767
 00016  11.40 %  2008               5.00          115.15           8.4527
 00016  11.40 %  2008               5.00          115.45           8.3996
 00016  11.40 %  2008               5.00          115.40           8.4085
 00016  11.40 %  2008               5.00          115.60           8.3732
 00016  11.40 %  2008               5.00          115.62           8.3696
 00016  11.40 %  2008               5.00          115.65           8.3643
 00016  11.40 %  2008               5.00          115.40           8.4085
 00016  11.40 %  2008              10.00          115.45           8.3996
 00016  11.40 %  2008               5.00          115.50           8.3908
 00016  11.40 %  2008               5.00          115.45           8.3996
 00016  11.40 %  2008               5.00          115.40           8.4085
 00016  11.40 %  2008               5.00          115.45           8.3996
 00016  11.40 %  2008               5.00          115.45           8.3996
 00016  11.40 %  2008               5.00          115.45           8.3996
 00016  11.40 %  2008               5.00          115.55           8.3820
 00016  11.40 %  2008               5.00          115.60           8.3732
 00016  11.40 %  2008               5.00          115.50           8.3908
 00016  11.40 %  2008               5.00          115.40           8.4085
 00016  11.40 %  2008               5.00          115.50           8.3908
 00016  11.40 %  2008              10.00          115.44           8.4014
 00016  11.40 %  2008               5.00          115.60           8.3732
 00016  11.40 %  2008              10.00          115.65           8.3643
 00016  11.40 %  2008               5.00          115.50           8.3908
 00016  11.40 %  2008               5.00          115.40           8.4085
 00016  11.40 %  2008               5.00          115.20           8.4439
 00016  11.40 %  2008               5.00          115.65           8.3643
 00016  11.40 %  2008               5.00          115.64           8.3661
 00016  11.40 %  2008               5.00          115.40           8.4085
 00016  11.40 %  2008              10.00          115.25           8.4350
 00016  11.40 %  2008               5.00          115.40           8.4085
 00016  11.40 %  2008               5.00          115.65           8.3643
 00016  11.40 %  2008               5.00          115.65           8.3643
 00016  11.40 %  2008               5.00          116.07           8.2905
 01007   9.39 %  2011               5.00          101.07           9.2170
 01007   9.39 %  2011               5.00          101.04           9.2217
 01007   9.39 %  2011               5.00          101.04           9.2217
 01007   9.39 %  2011               5.00          101.04           9.2217
 01007   9.39 %  2011               5.00          101.01           9.2264
 01007   9.39 %  2011               5.00          101.00           9.2279
 01007   9.39 %  2011               5.00          101.01           9.2264
 01007   9.39 %  2011              15.00          101.03           9.2232
 01007   9.39 %  2011               5.00          101.04           9.2217
5 01007   9.39 %  2011               5.00          101.15           9.2044
 01007   9.39 %  2011               5.00          101.15           9.2044
 01007   9.39 %  2011               5.00          101.02           9.2248
 01007   9.39 %  2011               5.00          101.10           9.2123
 01007   9.39 %  2011               5.00          101.00           9.2279
 01007   9.39 %  2011               5.00          101.00           9.2279
 01007   9.39 %  2011               5.00          101.00           9.2279
 00017  11.50 %  2011               5.00          115.10           9.1751
 00017  11.50 %  2011               5.00          115.05           9.1821
 00017  11.50 %  2011               5.00          115.05           9.1821
 00017  11.50 %  2011               5.00          114.81           9.2157
 00017  11.50 %  2011               5.00          114.80           9.2171
 00017  11.50 %  2011               5.00          114.90           9.2031
 00017  11.50 %  2011               5.00          115.00           9.1891
 00017  11.50 %  2011               5.00          114.75           9.2241
 00017  11.50 %  2011               5.00          115.00           9.1891
 00017  11.50 %  2011              10.00          114.70           9.2311
 00017  11.50 %  2011               5.00          114.90           9.2031
 00017  11.50 %  2011               5.00          114.80           9.2171
 00017  11.50 %  2011               5.00          114.75           9.2241
 00017  11.50 %  2011               5.00          114.90           9.2031
 00017  11.50 %  2011               5.00          115.05           9.1821
 00017  11.50 %  2011               5.00          115.00           9.1891
 00017  11.50 %  2011               5.00          114.80           9.2171
 00017  11.50 %  2011              15.00          114.72           9.2283
 00017  11.50 %  2011               5.00          114.93           9.1989
 00017  11.50 %  2011              10.00          114.75           9.2241
 00017  11.50 %  2011               5.00          114.81           9.2157
 00017  11.50 %  2011               5.00          114.78           9.2199
 00017  11.50 %  2011               5.00          114.98           9.1919
 00017  11.50 %  2011               5.00          114.75           9.2241
 00017  11.50 %  2011               5.00          114.74           9.2255
 00017  11.50 %  2011               5.00          115.00           9.1891
 00017  11.50 %  2011               5.00          115.05           9.1821
 00017  11.50 %  2011               5.00          115.05           9.1821
 00017  11.50 %  2011               5.00          114.60           9.2451
 00017  11.50 %  2011              10.00          115.03           9.1849
 00017  11.50 %  2011               5.00          115.05           9.1821
 00017  11.50 %  2011               5.00          114.70           9.2311
 00017  11.50 %  2011               5.00          114.60           9.2451
 00017  11.50 %  2011               5.00          114.85           9.2101
 00017  11.50 %  2011               5.00          115.00           9.1891
 00017  11.50 %  2011               5.00          114.80           9.2171
 00017  11.50 %  2011               5.00          114.60           9.2451
 00017  11.50 %  2011               5.00          114.70           9.2311
 00017  11.50 %  2011               5.00          115.00           9.1891
 00017  11.50 %  2011               5.00          114.60           9.2451
 00017  11.50 %  2011               5.00          114.72           9.2283
 00017  11.50 %  2011               5.00          114.65           9.2381
 00017  11.50 %  2011               5.00          114.85           9.2101
 00017  11.50 %  2011               5.00          114.95           9.1961
 00017  11.50 %  2011               5.00          114.95           9.1961
 00017  11.50 %  2011               5.00          114.95           9.1961
 00017  11.50 %  2011               5.00          114.75           9.2241
 00017  11.50 %  2011               5.00          115.03           9.1849
6 00017  11.50 %  2011               5.00          114.72           9.2283
 00017  11.50 %  2011               5.00          115.05           9.1821
 00017  11.50 %  2011               5.00          114.80           9.2171
 00017  11.50 %  2011               5.00          114.65           9.2381
 00017  11.50 %  2011               5.00          114.85           9.2101
 00012  11.03 %  2012               5.00          110.85           9.4022
 00012  11.03 %  2012               5.00          110.80           9.4092
 00012  11.03 %  2012               5.00          110.85           9.4022
 00012  11.03 %  2012               5.00          110.75           9.4162
 00012  11.03 %  2012               5.00          110.83           9.4050
 00012  11.03 %  2012               5.00          110.80           9.4092
 00012  11.03 %  2012               5.00          110.78           9.4120
 00012  11.03 %  2012               5.00          110.85           9.4022
 00012  11.03 %  2012               5.00          110.88           9.3981
 00012  11.03 %  2012               5.00          110.81           9.4078
 00012  11.03 %  2012               5.00          110.70           9.4231
 00012  11.03 %  2012              10.00          110.92           9.3925
 00012  11.03 %  2012               5.00          110.83           9.4050
 00012  11.03 %  2012               5.00          110.85           9.4022
 00012  11.03 %  2012               5.00          111.00           9.3814
 00012  11.03 %  2012               5.00          110.85           9.4022
 00012  11.03 %  2012               5.00          110.87           9.3994
 00012  11.03 %  2012               5.00          111.05           9.3744
 00012  11.03 %  2012               5.00          110.80           9.4092
 00012  11.03 %  2012               5.00          111.03           9.3772
 00012  11.03 %  2012               5.00          111.05           9.3744
 00012  11.03 %  2012               5.00          110.85           9.4022
 00012  11.03 %  2012               5.00          110.85           9.4022
 00012  11.03 %  2012               5.00          111.10           9.3675
 00012  11.03 %  2012               5.00          110.87           9.3994
 00012  11.03 %  2012               5.00          110.70           9.4231
 00012  11.03 %  2012               5.00          110.70           9.4231
 00012  11.03 %  2012               5.00          110.70           9.4231
 00012  11.03 %  2012               5.00          110.81           9.4078
 00012  11.03 %  2012               5.00          110.80           9.4092
 00012  11.03 %  2012               5.00          111.12           9.3647
 00012  11.03 %  2012               5.00          111.05           9.3744
 00012  11.03 %  2012               5.00          110.86           9.4008
 01009   9.40 %  2012               2.00          100.50           9.3241
 01009   9.40 %  2012               0.40          100.55           9.3167
 01009   9.40 %  2012               5.00          100.45           9.3314
 01009   9.40 %  2012               5.00          101.16           9.2272
 01009   9.40 %  2012               5.00          100.45           9.3314
 01009   9.40 %  2012               5.00          100.45           9.3314
 01009   9.40 %  2012               5.00          100.40           9.3388
 01009   9.40 %  2012               1.10          100.55           9.3167
 01009   9.40 %  2012               5.00          100.50           9.3241
 01009   9.40 %  2012               5.00          100.50           9.3241
 01009   9.40 %  2012               5.00          100.50           9.3241
 01009   9.40 %  2012               5.00          100.50           9.3241
 82005   9.00 %  2013               1.50           99.74           9.0339
 01005   9.81 %  2013               5.00          101.95           9.5259
 01005   9.81 %  2013               5.00          101.96           9.5244
 01005   9.81 %  2013               5.00          102.77           9.4101
 01005   9.81 %  2013              10.00          102.05           9.5117
7 01005   9.81 %  2013               5.00          102.15           9.4975
 01005   9.81 %  2013               5.00          101.90           9.5330
 01005   9.81 %  2013               5.00          101.87           9.5372
 01005   9.81 %  2013               5.00          101.87           9.5372
 01005   9.81 %  2013               5.00          101.95           9.5259
 01005   9.81 %  2013               5.00          101.92           9.5301
 01005   9.81 %  2013               5.00          102.10           9.5046
 01005   9.81 %  2013              10.00          102.10           9.5046
 01005   9.81 %  2013               5.00          101.90           9.5330
 01005   9.81 %  2013              10.00          102.21           9.4890
 01005   9.81 %  2013               5.00          101.89           9.5344
 01005   9.81 %  2013               5.00          102.15           9.4975
 01005   9.81 %  2013               5.00          101.89           9.5344
 01005   9.81 %  2013              10.00          102.19           9.4918
 01005   9.81 %  2013               5.00          102.19           9.4918
 01005   9.81 %  2013              10.00          102.17           9.4947
 01005   9.81 %  2013               5.00          102.15           9.4975
 01005   9.81 %  2013               5.00          102.195          9.4911
 01005   9.81 %  2013               5.00          102.195          9.4911
 01005   9.81 %  2013               5.00          101.90           9.5330
 01005   9.81 %  2013               5.00          101.90           9.5330
 01005   9.81 %  2013               5.00          102.15           9.4975
 01005   9.81 %  2013               5.00          101.90           9.5330
 01005   9.81 %  2013               5.00          102.18           9.4933
 01005   9.81 %  2013               5.00          101.90           9.5330
 01005   9.81 %  2013               5.00          101.90           9.5330
 01005   9.81 %  2013               5.00          101.80           9.5472
 01005   9.81 %  2013               5.00          102.19           9.4918
 01005   9.81 %  2013               5.00          101.90           9.5330
 01005   9.81 %  2013               5.00          101.90           9.5330
 84010  10.50 %  2014               2.00          105.60           9.7316
 01003  10.71 %  2016               0.03          107.25           9.7648
 00008  10.70 %  2020               1.00          106.38           9.9389
 00018  11.60 %  2020               5.00          114.03           9.9450
 01006  10.25 %  2021               1.00          102.65           9.9376
 01006  10.25 %  2021               0.50          102.70           9.9319
 01010  10.18 %  2026               1.00          101.50          10.0137
     Total                       2087.569
B. State Government Securities
          Contract Date : October 05, 2001
 01254 9.53% ANDHRA PRADESH
       GOVT. STOCK 2011             5.00          100.20          9.4948
          Contract Date : October 06, 2001
 95211 14.00% KERALA S.D.L. 2005    1.00          112.00          9.9665
 88206 11.50% GUJARAT S.D. 2008     1.00          109.20          9.6388
 99209 12.25% GUJRAT SDL 2009       5.00          113.10          9.7541
 00248 12.00% GUJARAT SDL 2010      0.25          111.90          9.9618
          Contract Date : October 08, 2001
 98237 12.50% MAHARASHTRA
       SDL,2008                     1.00          116.75          9.2044
 99216 12.25% MAHARASHTRA SDL
       2009                         5.00          114.25          9.5527
 99225 12.25% TAMIL NADU SDL
       2009                         1.00          114.05          9.5874
 01224 10.53% KERALA GOVT STOCK
8       2011                        16.75          105.73          9.5978
     Total                         36.00
C. Treasury Bills
   (i) 14 Day Bills (Maturity-wise)
       (DD/MM/YYYY)
                                           NIL
   (ii) 91 Day Bills (Maturity-wise)
       (DD/MM/YYYY)
          Contract Date : October 05, 2001
        21/12/2001                 25.00           98.6303         6.5649
          Contract Date : October 06, 2001
        19/10/2001                 25.00           99.7940         5.7799
          Contract Date : October 08, 2001
        12/10/2001                  5.00           99.9228         7.0306
        19/10/2001                  3.50           99.7880         7.0302
        19/10/2001                  5.00           99.7970         6.7311
        07/12/2001                  5.00           98.8463         7.0808
        28/12/2001                  2.50           98.4983         6.8513
         04/01/2002                 20.00           98.3706         6.8514
     Total                         91.00
   (iii) 182 Day Bills (Maturity-wise)
       (DD/MM/YYYY)
                                           NIL
   (iv) 364 Day Bills (Maturity-wise)
       (DD/MM/YYYY)
          Contract Date : October 06, 2001
        18/10/2001                 25.00           99.8127         5.6921
        10/01/2002                 10.00           98.2491         6.7571
          Contract Date : October 08, 2001
        18/10/2001                  1.945          99.8059         7.0790
        01/11/2001                  5.00           99.5353         7.0809
        15/11/2001                  2.00           99.2509         7.2297
        23/08/2002                 10.00           94.0877         7.1703
        23/08/2002                 10.00           94.0413         7.2301
        06/09/2002                  5.66           93.7960         7.2301
        06/09/2002                 10.72           93.9004         7.1005
     Total                         80.325
II.  REPO Transactions *
    (Other than with RBI)
---------------------------------------------------------------------------
 Loan  Nomenclature                Amount      Price *   Repo Rate   Repo
 Code                            (Face Value) Per Rs.100   (%pa)    Period
                                 (in Rs.Crore) Nominal              (Days)
           (1)                      (2)          (3)        (4)      (5)
---------------------------------------------------------------------------
A. Government of India Dated Securities
 96018  13.55 %  2001              15.00      100.40        6.90       1
 97011  11.15 %  2002              25.00      103.25        6.80       1
 98008  11.50 %  2004              10.00      108.75        6.90       1
 98022  11.98 %  2004              20.00      111.35        6.90       3
 98022  11.98 %  2004              25.00      111.50        7.00       3
 98022  11.98 %  2004              25.00      111.50        7.00       3
 98022  11.98 %  2004              25.00      111.35        6.90       2
 98022  11.98 %  2004              25.00      111.35        6.90       2
9 98022  11.98 %  2004              25.00      111.35        6.90       2
 98022  11.98 %  2004              25.00      111.35        6.80       3
 98022  11.98 %  2004              25.00      111.35        6.90       3
 95004  13.75 %  2005              20.00      118.00        7.05       1
 95004  13.75 %  2005              15.00      118.00        7.05       1
 00011  10.20 %  2005              40.00      108.75        6.95       1
 97010  11.19 %  2005               5.00      102.00        8.30       1
 86007  11.50 %  2006              20.00      116.00        7.05       1
 00013  11.00 %  2006              25.00      113.00        6.85       3
 98009  11.90 %  2007              10.00      116.75        6.60       3
 98009  11.90 %  2007              10.00      116.75        6.60       3
 98007  12.00 %  2008              20.00      115.25        7.10       3
 98007  12.00 %  2008              20.00      115.25        7.05       1
 98007  12.00 %  2008              20.00      115.25        7.10       3
 98007  12.00 %  2008              20.00      115.25        7.10       3
 98007  12.00 %  2008              20.00      115.25        7.05       1
 98007  12.00 %  2008              15.00      115.25        7.10       5
 98007  12.00 %  2008              20.00      115.00        6.75       3
 98007  12.00 %  2008              15.00      115.00        6.75       3
 00016  11.40 %  2008              10.00      115.45        7.00       1
 00016  11.40 %  2008              10.00      115.45        7.00       1
 00016  11.40 %  2008              50.00      115.50        6.90       1
 99006  11.99 %  2009              10.00      116.00        7.00       1
 99006  11.99 %  2009              10.00      116.00        7.00       1
 99006  11.99 %  2009              10.00      116.00        7.00       1
 89009  11.50 %  2009              10.00      114.75        7.10       5
 99004  12.29 %  2010              20.00      115.75        6.75       3
 99004  12.29 %  2010              20.00      115.75        6.75       3
 99004  12.29 %  2010              10.00      115.75        6.60       2
 99004  12.29 %  2010              10.00      115.75        6.60       2
 00014  11.30 %  2010              25.00      112.75        6.90       1
 99005  12.32 %  2011              10.00      116.50        6.60       2
 99005  12.32 %  2011              10.00      116.50        6.60       2
 99005  12.32 %  2011              10.00      116.50        6.60       2
 00010  10.95 %  2011              50.00      110.00        6.95       1
 00010  10.95 %  2011              50.00      110.00        6.95       1
 00010  10.95 %  2011              50.00      110.00        6.95       1
 00010  10.95 %  2011              50.00      110.00        6.95       1
 01007   9.39 %  2011              10.00      101.00        7.00       1
 01007   9.39 %  2011              10.00      101.00        7.00       1
 00017  11.50 %  2011              10.00      114.80        6.80       2
 00012  11.03 %  2012               5.00      100.00        8.50       1
 01009   9.40 %  2012              30.00      100.55        6.95       1
 01009   9.40 %  2012              30.00      100.55        6.95       1
 01009   9.40 %  2012              30.00      100.55        6.95       1
 01009   9.40 %  2012              30.00      100.55        6.95       1
 01009   9.40 %  2012              30.00      100.55        6.95       1
 01005   9.81 %  2013               5.00      100.00        7.65       2
 01005   9.81 %  2013               5.00      102.00        6.85       9
 01005   9.81 %  2013               5.00      102.00        6.85       9
 01005   9.81 %  2013               5.00      102.00        6.85       9
 01005   9.81 %  2013              10.00      101.90        7.00       1
 01005   9.81 %  2013              25.00      102.00        6.85       3
 01005   9.81 %  2013              10.00      101.90        7.00       1
 01005   9.81 %  2013              10.00      101.90        7.00       1
10 85007  11.50 %  2015               5.00      100.00        8.50       1
 00015  11.43 %  2015               5.00      102.00        8.30       1
 01003  10.71 %  2016              25.00      106.00        6.75       2
 01003  10.71 %  2016               6.00      106.00        6.75       2
 01003  10.71 %  2016               4.50       96.00        8.30       1
 01003  10.71 %  2016              10.00      106.50        6.60       3
 01003  10.71 %  2016              10.00      106.50        6.60       3
 01003  10.71 %  2016              10.00      106.50        6.60       3
 01006  10.25 %  2021               1.00       92.00        8.40       1
     Total                       1301.50
B. State Government Securities
                                           NIL
C. Treasury Bills
   (i) 14 Day Bills (Maturity-wise)
      (DD/MM/YYYY)
                                           NIL
   (ii) 91 Day Bills (Maturity-wise)
      (DD/MM/YYYY)
                                           NIL
   (iii) 182 Day Bills (Maturity-wise)
      (DD/MM/YYYY)
                                           NIL
   (iv) 364 Day Bills (Maturity-wise)
       (DD/MM/YYYY)
        18/04/2002                 25.00       96.4486      7.25       1
        18/04/2002                 20.00       96.4486      7.25       1
        18/04/2002                 20.00       96.4486      7.20       1
        14/06/2002                 10.00       95.3802      7.15       7
        09/08/2002                 15.00       94.3622      6.70       2
        09/08/2002                 17.00       94.3622      6.70       2
        04/10/2002                 10.00       93.3092      6.80       3
        04/10/2002                 15.00       93.3092      6.80       3
        04/10/2002                 10.00       93.4386      6.80       7
        04/10/2002                 15.00       93.4386      6.80       7
        04/10/2002                 10.00       93.4386      6.60       1
        04/10/2002                 10.00       93.4386      6.60       1
        04/10/2002                  4.60       93.4386      6.60       1
        04/10/2002                 25.00       93.4386      6.70       2
        04/10/2002                 25.00       93.3092      6.75       1
        04/10/2002                 25.00       93.3092      6.75       1
        04/10/2002                 25.00       93.3092      6.75       1
     Total                        281.60
---------------------------------------------------------------------------
  * Relate to the first leg of Repos
  # YTM(indicative) will depend upon assumed rate of inflation
Date :  08 October 2001
11