Subsidiary General Ledger Account Transactions
in Government Dated Securities and Treasury Bills
at RBI, Mumbai on 09 October 2001
For previous issues of SGL Data please click here
---------------------------------------------------------------------------
 Loan  Nomenclature              Amount           Price *        YTM %
 Code                            (Face Value)     Per Rs.100   Indicative
                                 (in Rs.Crore)    nominal
---------------------------------------------------------------------------
I.  Outright Transactions
A.Government of India Dated Securities
          Contract Date : October 05, 2001
 01005   9.81 %  2013               2.00          102.85           9.3989
          Contract Date : October 08, 2001
 87006  11.00 %  2002               0.0031        101.50           8.3197
 97012   6.00 %  2002               0.128         119.00            #
 94003  12.50 %  2004               5.00          111.55           7.2801
 94003  12.50 %  2004               5.00          111.55           7.2801
 94003  12.50 %  2004               0.03          111.25           7.4066
 94003  12.50 %  2004               5.00          111.55           7.2801
 94003  12.50 %  2004               5.00          111.55           7.2801
 94003  12.50 %  2004               5.00          111.54           7.2843
 94003  12.50 %  2004               5.00          111.55           7.2801
 94003  12.50 %  2004               5.00          111.54           7.2843
 85006  10.50 %  2005               0.0005        108.50           7.7557
 95006  14.00 %  2005               1.415         117.00           8.4965
 96005  14.00 %  2006               0.006         116.50           9.3874
 86007  11.50 %  2006               0.1128        113.50           7.9320
 97002  13.05 %  2007               0.02          118.50           8.7607
 98009  11.90 %  2007               5.00          116.95           8.0916
 98009  11.90 %  2007               5.00          116.98           8.0856
 98009  11.90 %  2007               5.00          116.90           8.1018
 98009  11.90 %  2007              10.00          117.00           8.0815
 98009  11.90 %  2007               5.00          116.97           8.0876
 98007  12.00 %  2008               0.06          114.25           9.0694
 00016  11.40 %  2008               5.00          115.70           8.3555
 00016  11.40 %  2008              10.00          115.70           8.3555
 00016  11.40 %  2008               5.00          115.60           8.3732
 00016  11.40 %  2008               5.00          115.70           8.3555
 00016  11.40 %  2008              15.00          115.65           8.3643
 00016  11.40 %  2008               5.00          115.73           8.3502
 00016  11.40 %  2008               5.00          115.75           8.3467
 00016  11.40 %  2008               5.00          115.85           8.3291
 00016  11.40 %  2008               5.00          115.70           8.3555
 00016  11.40 %  2008               5.00          115.65           8.3643
 00016  11.40 %  2008              10.00          115.825          8.3335
 00016  11.40 %  2008               5.00          115.76           8.3450
 00016  11.40 %  2008               5.00          115.65           8.3643
 00016  11.40 %  2008               5.00          115.70           8.3555
 00016  11.40 %  2008               5.00          115.88           8.3238 00016  11.40 %  2008               5.00          115.85           8.3291
 00016  11.40 %  2008               5.00          115.85           8.3291
 00016  11.40 %  2008               5.00          115.65           8.3643
 00016  11.40 %  2008               5.00          115.79           8.3397
 00016  11.40 %  2008               5.00          115.65           8.3643
 00016  11.40 %  2008               5.00          115.75           8.3467
 00016  11.40 %  2008               5.00          115.75           8.3467
 00016  11.40 %  2008               5.00          115.65           8.3643
 00016  11.40 %  2008               5.00          115.65           8.3643
 00016  11.40 %  2008               5.00          115.85           8.3291
 00016  11.40 %  2008               5.00          115.70           8.3555
 00016  11.40 %  2008               5.00          115.85           8.3291
 00016  11.40 %  2008               5.00          115.70           8.3555
 00016  11.40 %  2008               5.00          115.70           8.3555
 00016  11.40 %  2008              15.00          115.65           8.3643
 00016  11.40 %  2008               5.00          115.85           8.3291
 00016  11.40 %  2008               5.00          115.85           8.3291
 00016  11.40 %  2008               5.00          115.41           8.4067
 00016  11.40 %  2008               5.00          115.70           8.3555
 00016  11.40 %  2008               5.00          115.75           8.3467
 00016  11.40 %  2008              10.00          115.65           8.3643
 00016  11.40 %  2008              10.00          115.65           8.3643
 00016  11.40 %  2008               5.00          115.65           8.3643
 00016  11.40 %  2008               5.00          115.72           8.3520
 98023  12.25 %  2008               0.08          119.00           8.5509
 99006  11.99 %  2009              10.00          116.25           8.9664
 99006  11.99 %  2009               5.00          116.22           8.9714
 89009  11.50 %  2009               0.0004        112.50           9.1763
 99004  12.29 %  2010               0.01          115.50           9.5404
 80003   7.50 %  2010               1.00           92.00           8.8465
 00014  11.30 %  2010               0.027         113.50           9.0390
 00014  11.30 %  2010               5.00          113.45           9.0467
 00014  11.30 %  2010              10.00          113.45           9.0467
 00014  11.30 %  2010               5.00          113.45           9.0467
 00014  11.30 %  2010               2.00          113.25           9.0774
 00014  11.30 %  2010               5.00          113.50           9.0390
 00014  11.30 %  2010               5.00          113.45           9.0467
 01007   9.39 %  2011               5.00          101.10           9.2123
 01007   9.39 %  2011               5.00          101.30           9.1810
 01007   9.39 %  2011               5.00          101.27           9.1857
 01007   9.39 %  2011               5.00          101.34           9.1748
 01007   9.39 %  2011               1.00          102.05           9.0645
 01007   9.39 %  2011               5.00          101.18           9.1998
 01007   9.39 %  2011               5.00          101.395          9.1662
 00017  11.50 %  2011               5.00          114.85           9.2101
 00017  11.50 %  2011              10.00          115.15           9.1681
 00017  11.50 %  2011               5.00          115.15           9.1681
 00017  11.50 %  2011               5.00          115.10           9.1751
 00017  11.50 %  2011               5.00          115.20           9.1612
 00017  11.50 %  2011               5.00          114.98           9.1919
 00017  11.50 %  2011               5.00          115.10           9.1751
 00017  11.50 %  2011               5.00          115.18           9.1640
 00017  11.50 %  2011               5.00          115.10           9.1751
 00017  11.50 %  2011              10.00          115.15           9.1681
 00017  11.50 %  2011               5.00          115.10           9.1751
 00017  11.50 %  2011               5.00          115.12           9.1723
 00017  11.50 %  2011               5.00          115.25           9.1542 00017  11.50 %  2011               5.00          115.23           9.1570
 00017  11.50 %  2011               5.00          115.15           9.1681
 00017  11.50 %  2011               5.00          115.15           9.1681
 00017  11.50 %  2011              10.00          115.03           9.1849
 00017  11.50 %  2011               5.00          115.03           9.1849
 00017  11.50 %  2011               5.00          115.25           9.1542
 00017  11.50 %  2011               5.00          115.17           9.1654
 00017  11.50 %  2011               5.00          115.14           9.1695
 00017  11.50 %  2011               5.00          115.17           9.1654
 00017  11.50 %  2011               5.00          115.12           9.1723
 00017  11.50 %  2011               5.00          115.19           9.1626
 00017  11.50 %  2011               5.00          114.85           9.2101
 00017  11.50 %  2011              10.00          115.15           9.1681
 00017  11.50 %  2011              10.00          115.25           9.1542
 00017  11.50 %  2011               5.00          115.00           9.1891
 00017  11.50 %  2011               5.00          115.15           9.1681
 00017  11.50 %  2011               5.00          115.25           9.1542
 00017  11.50 %  2011               5.00          114.75           9.2241
 00017  11.50 %  2011               5.00          115.20           9.1612
 00017  11.50 %  2011               5.00          114.85           9.2101
 00017  11.50 %  2011               5.00          115.10           9.1751
 00017  11.50 %  2011               5.00          115.00           9.1891
 00017  11.50 %  2011               5.00          115.12           9.1723
 00017  11.50 %  2011               5.00          115.15           9.1681
 00012  11.03 %  2012              10.00          111.18           9.3564
 00012  11.03 %  2012              10.00          111.19           9.3550
 00012  11.03 %  2012               5.00          111.28           9.3425
 00012  11.03 %  2012               0.01          110.80           9.4092
 00012  11.03 %  2012               5.00          111.27           9.3439
 00012  11.03 %  2012               5.00          111.32           9.3370
 00012  11.03 %  2012               5.00          111.30           9.3398
 00012  11.03 %  2012               5.00          111.30           9.3398
 00012  11.03 %  2012               5.00          111.35           9.3328
 00012  11.03 %  2012               5.00          111.30           9.3398
 00012  11.03 %  2012               5.00          111.30           9.3398
 00012  11.03 %  2012               5.00          111.15           9.3605
 00012  11.03 %  2012               5.00          111.35           9.3328
 00012  11.03 %  2012               5.00          111.32           9.3370
 00012  11.03 %  2012               5.00          111.01           9.3800
 00012  11.03 %  2012               5.00          111.25           9.3467
 00012  11.03 %  2012               5.00          111.01           9.3800
 00012  11.03 %  2012               5.00          111.00           9.3814
 00012  11.03 %  2012               5.00          111.30           9.3398
 00012  11.03 %  2012               5.00          111.25           9.3467
 00012  11.03 %  2012               5.00          111.15           9.3605
 00012  11.03 %  2012               5.00          111.07           9.3716
 00012  11.03 %  2012               5.00          111.30           9.3398
 00012  11.03 %  2012               5.00          111.05           9.3744
 00012  11.03 %  2012               5.00          111.01           9.3800
 00012  11.03 %  2012               5.00          111.23           9.3495
 00012  11.03 %  2012               5.00          111.11           9.3661
 00012  11.03 %  2012               5.00          111.25           9.3467
 00012  11.03 %  2012               5.00          111.19           9.3550
 00012  11.03 %  2012               5.00          111.36           9.3315
 01009   9.40 %  2012               0.50          100.85           9.2726
 01009   9.40 %  2012               5.00          100.71           9.2932
 01009   9.40 %  2012               0.394         100.70           9.2946 01009   9.40 %  2012               0.25          100.65           9.3020
 01009   9.40 %  2012               1.00          101.34           9.2010
 01009   9.40 %  2012               5.00          100.78           9.2829
 01009   9.40 %  2012               5.00          100.78           9.2829
 01009   9.40 %  2012               5.00          100.73           9.2902
 01009   9.40 %  2012               3.00          101.10           9.2360
 01009   9.40 %  2012               5.00          100.70           9.2946
 01009   9.40 %  2012               5.00          100.68           9.2976
 01009   9.40 %  2012               5.00          100.74           9.2887
 01009   9.40 %  2012               5.00          100.60           9.3093
 01009   9.40 %  2012               5.00          100.75           9.2873
 01009   9.40 %  2012               1.00          100.75           9.2873
 01009   9.40 %  2012               0.50          101.07           9.2404
 01009   9.40 %  2012               5.00          100.45           9.3314
 82005   9.00 %  2013               2.00          100.00           8.9973
 82005   9.00 %  2013               1.00           98.90           9.1529
 01005   9.81 %  2013               5.00          102.29           9.4777
 01005   9.81 %  2013               5.00          102.30           9.4763
 01005   9.81 %  2013               5.00          102.31           9.4749
 01005   9.81 %  2013               5.00          102.31           9.4749
 01005   9.81 %  2013               5.00          102.31           9.4749
 01005   9.81 %  2013              20.00          102.30           9.4763
 01005   9.81 %  2013               5.00          102.35           9.4692
 01005   9.81 %  2013               5.00          102.30           9.4763
 01005   9.81 %  2013               2.00          102.35           9.4692
 01005   9.81 %  2013               5.00          102.25           9.4834
 01005   9.81 %  2013               5.00          102.31           9.4749
 01005   9.81 %  2013               0.05          102.15           9.4975
 01005   9.81 %  2013               0.52          102.15           9.4975
 01005   9.81 %  2013               0.50          102.35           9.4692
 01005   9.81 %  2013               0.10          102.15           9.4975
 01005   9.81 %  2013               0.14          102.15           9.4975
 01005   9.81 %  2013               5.00          102.15           9.4975
 01005   9.81 %  2013               5.00          101.90           9.5330
 01005   9.81 %  2013               5.00          102.26           9.4819
 01005   9.81 %  2013               5.00          102.30           9.4763
 01005   9.81 %  2013              10.00          102.30           9.4763
 01005   9.81 %  2013               5.00          102.35           9.4692
 01005   9.81 %  2013               5.00          102.26           9.4819
 84010  10.50 %  2014               0.002         104.75           9.8441
 84010  10.50 %  2014               1.00          107.00           9.5491
 01001  10.47 %  2015               0.542         105.50           9.7220
 01001  10.47 %  2015               5.00          105.255          9.7539
 01001  10.47 %  2015               5.00          105.27           9.7519
 01001  10.47 %  2015              10.00          105.30           9.7480
 01001  10.47 %  2015               5.00          105.28           9.7506
 01001  10.47 %  2015               5.00          105.30           9.7480
 01001  10.47 %  2015               5.00          105.29           9.7493
 00009  10.79 %  2015               0.50          107.50           9.7787
 00009  10.79 %  2015               1.00          107.05           9.8362
 00009  10.79 %  2015               0.15          107.40           9.7914
 85007  11.50 %  2015               0.0016        109.00          10.2556
 00015  11.43 %  2015               0.073         112.40           9.7722
 01003  10.71 %  2016               0.002         106.50           9.8580
 01003  10.71 %  2016              31.41          106.50           9.8580
 01003  10.71 %  2016              25.00          106.50           9.8580
 01003  10.71 %  2016              25.00          106.50           9.8580 01003  10.71 %  2016              10.00          106.50           9.8580
 01003  10.71 %  2016              30.00          106.50           9.8580
 01003  10.71 %  2016              20.00          106.50           9.8580
 01003  10.71 %  2016              25.00          106.50           9.8580
 01003  10.71 %  2016               0.25          106.65           9.8393
 01004  10.45 %  2018               0.17          105.25           9.8011
 01008  10.03 %  2019               0.025         101.60           9.8348
 00008  10.70 %  2020              10.00          107.20           9.8465
 00018  11.60 %  2020               0.05          113.85           9.9641
 01006  10.25 %  2021               0.10          102.85           9.9148
 01006  10.25 %  2021              10.00          102.10          10.0008
 01006  10.25 %  2021              10.00          102.44           9.9617
 01010  10.18 %  2026               0.109         101.10          10.0571
 01010  10.18 %  2026               5.00          101.85           9.9758
 01010  10.18 %  2026               1.75          101.48          10.0158
 01010  10.18 %  2026               1.00          101.50          10.0137
 01010  10.18 %  2026               0.50          101.00          10.0680
 01010  10.18 %  2026               5.00          101.50          10.0137
 01010  10.18 %  2026               3.00          101.50          10.0137
 01010  10.18 %  2026               0.80          101.35          10.0299
          Contract Date : October 09, 2001
 97011  11.15 %  2002              15.00          103.39           7.1510
 94003  12.50 %  2004               5.00          111.55           7.2749
 94003  12.50 %  2004               5.00          111.58           7.2622
 94003  12.50 %  2004               5.00          111.60           7.2538
 94003  12.50 %  2004               5.00          111.65           7.2328
 94003  12.50 %  2004               5.00          111.62           7.2454
 94003  12.50 %  2004               5.00          111.68           7.2202
 94003  12.50 %  2004              10.00          111.63           7.2412
 94003  12.50 %  2004               5.00          111.61           7.2496
 94003  12.50 %  2004               5.00          111.63           7.2412
 94003  12.50 %  2004               5.00          111.55           7.2749
 94003  12.50 %  2004               0.314         111.45           7.3170
 94003  12.50 %  2004               5.00          111.65           7.2328
 94003  12.50 %  2004               5.00          111.61           7.2496
 94003  12.50 %  2004               5.00          111.56           7.2707
 94003  12.50 %  2004               5.00          111.60           7.2538
 94003  12.50 %  2004               5.00          111.63           7.2412
 94003  12.50 %  2004               5.00          111.63           7.2412
 98008  11.50 %  2004               5.00          109.35           7.4482
 98008  11.50 %  2004              10.00          109.30           7.4686
 97010  11.19 %  2005               5.00          112.525          7.3797
 97010  11.19 %  2005              20.00          112.20           7.4715
 97010  11.19 %  2005               5.00          112.45           7.4008
 98005  11.75 %  2006               5.00          115.65           7.5933
 98005  11.75 %  2006               5.00          115.59           7.6078
 00013  11.00 %  2006               5.00          113.70           7.5408
 00013  11.00 %  2006               5.00          113.73           7.5339
 00013  11.00 %  2006               5.00          113.70           7.5408
 00013  11.00 %  2006               5.00          113.76           7.5269
 98009  11.90 %  2007               5.00          117.19           8.0417
 00016  11.40 %  2008               5.00          115.80           8.3370
 00016  11.40 %  2008               5.00          115.92           8.3159
 00016  11.40 %  2008               5.00          115.90           8.3194
 00016  11.40 %  2008              15.00          115.65           8.3634
 00016  11.40 %  2008              25.00          115.65           8.3634
 00016  11.40 %  2008               5.00          115.55           8.3811 00016  11.40 %  2008               5.00          115.90           8.3194
 00016  11.40 %  2008               5.00          115.81           8.3352
 00016  11.40 %  2008               5.00          115.80           8.3370
 00016  11.40 %  2008               5.00          115.85           8.3282
 00016  11.40 %  2008               5.00          115.86           8.3264
 00016  11.40 %  2008               5.00          115.86           8.3264
 00016  11.40 %  2008               5.00          115.92           8.3159
 00016  11.40 %  2008               5.00          115.94           8.3124
 00016  11.40 %  2008               5.00          115.90           8.3194
 00016  11.40 %  2008               5.00          115.85           8.3282
 00016  11.40 %  2008               5.00          115.74           8.3476
 00016  11.40 %  2008               5.00          115.84           8.3300
 00016  11.40 %  2008               5.00          115.80           8.3370
 00016  11.40 %  2008               5.00          115.93           8.3141
 00016  11.40 %  2008               5.00          115.83           8.3317
 00016  11.40 %  2008               5.00          115.80           8.3370
 00016  11.40 %  2008               5.00          115.79           8.3388
 00016  11.40 %  2008               5.00          115.80           8.3370
 00016  11.40 %  2008               5.00          115.80           8.3370
 00016  11.40 %  2008               5.00          115.86           8.3264
 00016  11.40 %  2008               5.00          115.80           8.3370
 00016  11.40 %  2008              20.00          115.97           8.3071
 00016  11.40 %  2008              10.00          115.86           8.3264
 00016  11.40 %  2008               5.00          115.92           8.3159
 00016  11.40 %  2008               5.00          115.92           8.3159
 00016  11.40 %  2008               5.00          115.93           8.3141
 00016  11.40 %  2008               5.00          115.88           8.3229
 00016  11.40 %  2008               5.00          115.90           8.3194
 00016  11.40 %  2008               5.00          115.91           8.3177
 00016  11.40 %  2008               5.00          115.93           8.3141
 00016  11.40 %  2008               5.00          115.84           8.3300
 00016  11.40 %  2008               5.00          116.00           8.3018
 00016  11.40 %  2008               5.00          116.00           8.3018
 00016  11.40 %  2008               5.00          115.90           8.3194
 00016  11.40 %  2008               5.00          115.93           8.3141
 99006  11.99 %  2009              10.00          116.55           8.9150
 99006  11.99 %  2009               5.00          116.60           8.9067
 99006  11.99 %  2009               5.00          116.60           8.9067
 99006  11.99 %  2009              10.00          116.60           8.9067
 99006  11.99 %  2009              10.00          116.61           8.9050
 99006  11.99 %  2009               5.00          116.55           8.9150
 99006  11.99 %  2009               5.00          116.45           8.9319
 99006  11.99 %  2009               5.00          116.45           8.9319
 89009  11.50 %  2009              10.00          100.00          11.4948
 89009  11.50 %  2009               5.00          112.66           9.1484
 89009  11.50 %  2009               5.00          112.66           9.1484
 89009  11.50 %  2009              20.00          112.65           9.1501
 89009  11.50 %  2009              20.00          112.65           9.1501
 89009  11.50 %  2009              10.00          112.65           9.1501
 00014  11.30 %  2010              10.00          113.52           9.0355
 00014  11.30 %  2010               5.00          113.60           9.0232
 00014  11.30 %  2010               5.00          113.73           9.0033
 00014  11.30 %  2010               5.00          113.78           8.9957
 00014  11.30 %  2010               5.00          113.54           9.0324
 00014  11.30 %  2010               5.00          113.55           9.0309
 00014  11.30 %  2010               5.00          113.55           9.0309
 00014  11.30 %  2010               5.00          113.55           9.0309 00014  11.30 %  2010              10.00          113.54           9.0324
 00014  11.30 %  2010               5.00          113.70           9.0079
 00014  11.30 %  2010               5.00          113.70           9.0079
 00014  11.30 %  2010               5.00          113.69           9.0094
 00014  11.30 %  2010               5.00          113.57           9.0278
 01007   9.39 %  2011               5.00          101.33           9.1763
 01007   9.39 %  2011               5.00          101.33           9.1763
 01007   9.39 %  2011               5.00          101.33           9.1763
 01007   9.39 %  2011               5.00          101.59           9.1358
 01007   9.39 %  2011               5.00          101.60           9.1342
 01007   9.39 %  2011               5.00          101.52           9.1467
 01007   9.39 %  2011               5.00          101.40           9.1654
 01007   9.39 %  2011               5.00          101.40           9.1654
 01007   9.39 %  2011               5.00          101.45           9.1576
 01007   9.39 %  2011               5.00          101.40           9.1654
 01007   9.39 %  2011               5.00          101.47           9.1545
 01007   9.39 %  2011               5.00          101.50           9.1498
 01007   9.39 %  2011               5.00          101.47           9.1545
 01007   9.39 %  2011               5.00          101.45           9.1576
 01007   9.39 %  2011               5.00          101.45           9.1576
 01007   9.39 %  2011              10.00          101.50           9.1498
 01007   9.39 %  2011               5.00          101.50           9.1498
 01007   9.39 %  2011               5.00          101.50           9.1498
 01007   9.39 %  2011               5.00          101.45           9.1576
 01007   9.39 %  2011               5.00          101.55           9.1420
 01007   9.39 %  2011               5.00          101.35           9.1732
 00017  11.50 %  2011               5.00          115.20           9.1609
 00017  11.50 %  2011               5.00          115.23           9.1567
 00017  11.50 %  2011               5.00          115.20           9.1609
 00017  11.50 %  2011              10.00          115.15           9.1678
 00017  11.50 %  2011               5.00          115.45           9.1261
 00017  11.50 %  2011               5.00          115.53           9.1150
 00017  11.50 %  2011               5.00          115.25           9.1539
 00017  11.50 %  2011               5.00          115.28           9.1497
 00017  11.50 %  2011               5.00          115.25           9.1539
 00017  11.50 %  2011               5.00          115.29           9.1483
 00017  11.50 %  2011              10.00          100.00          11.4949
 00017  11.50 %  2011               5.00          115.38           9.1358
 00017  11.50 %  2011               5.00          115.28           9.1497
 00017  11.50 %  2011               5.00          115.45           9.1261
 00017  11.50 %  2011               5.00          115.48           9.1219
 00017  11.50 %  2011               5.00          115.28           9.1497
 00017  11.50 %  2011               5.00          115.22           9.1581
 00017  11.50 %  2011               5.00          115.25           9.1539
 00017  11.50 %  2011               5.00          115.55           9.1122
 00017  11.50 %  2011               5.00          115.51           9.1177
 00017  11.50 %  2011               5.00          115.39           9.1344
 00017  11.50 %  2011               5.00          115.36           9.1386
 00017  11.50 %  2011               5.00          115.36           9.1386
 00017  11.50 %  2011               5.00          115.38           9.1358
 00017  11.50 %  2011               5.00          115.23           9.1567
 00017  11.50 %  2011               5.00          115.25           9.1539
 00017  11.50 %  2011              15.00          115.30           9.1469
 00017  11.50 %  2011               5.00          115.30           9.1469
 00017  11.50 %  2011               5.00          115.30           9.1469
 00017  11.50 %  2011               5.00          115.25           9.1539
 00017  11.50 %  2011               5.00          115.25           9.1539 00017  11.50 %  2011               5.00          115.25           9.1539
 00017  11.50 %  2011               5.00          115.25           9.1539
 00017  11.50 %  2011               5.00          115.25           9.1539
 00017  11.50 %  2011               5.00          115.28           9.1497
 00017  11.50 %  2011               5.00          115.33           9.1428
 00017  11.50 %  2011               5.00          115.38           9.1358
 00017  11.50 %  2011               5.00          115.55           9.1122
 00017  11.50 %  2011              25.00          115.25           9.1539
 00017  11.50 %  2011               5.00          115.27           9.1511
 00017  11.50 %  2011               5.00          115.24           9.1553
 00017  11.50 %  2011               5.00          115.35           9.1400
 00017  11.50 %  2011               5.00          115.28           9.1497
 00017  11.50 %  2011               5.00          115.28           9.1497
 00017  11.50 %  2011               5.00          115.30           9.1469
 00017  11.50 %  2011               5.00          115.45           9.1261
 00017  11.50 %  2011               5.00          115.40           9.1330
 00017  11.50 %  2011               5.00          115.28           9.1497
 00017  11.50 %  2011               5.00          115.40           9.1330
 00017  11.50 %  2011               5.00          115.40           9.1330
 00017  11.50 %  2011               5.00          115.40           9.1330
 00017  11.50 %  2011               5.00          115.27           9.1511
 00017  11.50 %  2011               5.00          115.42           9.1302
 00017  11.50 %  2011               5.00          115.27           9.1511
 00017  11.50 %  2011               5.00          115.47           9.1233
 00017  11.50 %  2011               5.00          115.39           9.1344
 00012  11.03 %  2012               5.00          111.50           9.3119
 00012  11.03 %  2012               5.00          111.35           9.3326
 00012  11.03 %  2012               5.00          111.38           9.3284
 00012  11.03 %  2012               5.00          111.40           9.3257
 00012  11.03 %  2012               5.00          111.33           9.3354
 00012  11.03 %  2012               5.00          111.35           9.3326
 00012  11.03 %  2012               5.00          111.48           9.3146
 00012  11.03 %  2012               5.00          111.54           9.3063
 00012  11.03 %  2012               5.00          111.55           9.3050
 00012  11.03 %  2012               5.00          111.62           9.2953
 00012  11.03 %  2012               5.00          111.60           9.2981
 00012  11.03 %  2012               5.00          111.36           9.3312
 00012  11.03 %  2012               5.00          111.58           9.3008
 00012  11.03 %  2012               5.00          111.36           9.3312
 00012  11.03 %  2012              10.00          111.34           9.3340
 00012  11.03 %  2012               5.00          111.36           9.3312
 00012  11.03 %  2012               5.00          111.36           9.3312
 00012  11.03 %  2012               5.00          111.42           9.3229
 00012  11.03 %  2012               5.00          111.35           9.3326
 00012  11.03 %  2012               5.00          111.35           9.3326
 00012  11.03 %  2012               5.00          111.36           9.3312
 00012  11.03 %  2012               5.00          111.39           9.3271
 00012  11.03 %  2012               5.00          111.39           9.3271
 00012  11.03 %  2012              10.00          111.35           9.3326
 00012  11.03 %  2012               5.00          111.01           9.3797
 00012  11.03 %  2012               5.00          111.45           9.3188
 00012  11.03 %  2012               5.00          111.36           9.3312
 00012  11.03 %  2012               5.00          111.50           9.3119
 00012  11.03 %  2012              25.00          111.38           9.3284
 00012  11.03 %  2012               5.00          111.535          9.3070
 00012  11.03 %  2012               5.00          111.52           9.3091
 00012  11.03 %  2012               5.00          111.58           9.3008 00012  11.03 %  2012               5.00          111.36           9.3312
 00012  11.03 %  2012               5.00          111.60           9.2981
 00012  11.03 %  2012               5.00          111.58           9.3008
 00012  11.03 %  2012               5.00          111.41           9.3243
 00012  11.03 %  2012               5.00          111.38           9.3284
 00012  11.03 %  2012               5.00          111.65           9.2912
 00012  11.03 %  2012               5.00          111.50           9.3119
 00012  11.03 %  2012               5.00          111.55           9.3050
 01009   9.40 %  2012               5.00          100.99           9.2520
 01009   9.40 %  2012               5.00          101.15           9.2286
 01009   9.40 %  2012               5.00          100.90           9.2652
 01009   9.40 %  2012               5.00          100.95           9.2579
 01009   9.40 %  2012               5.00          101.15           9.2286
 01009   9.40 %  2012               5.00          101.15           9.2286
 01009   9.40 %  2012               5.00          101.15           9.2286
 01009   9.40 %  2012               5.00          101.10           9.2359
 01009   9.40 %  2012              10.00          101.18           9.2242
 01009   9.40 %  2012               5.00          101.14           9.2301
 01009   9.40 %  2012              15.00          101.15           9.2286
 01009   9.40 %  2012               5.00          100.94           9.2593
 01009   9.40 %  2012               5.00          100.84           9.2740
 01009   9.40 %  2012               5.00          100.93           9.2608
 01009   9.40 %  2012               3.00          100.98           9.2535
 01009   9.40 %  2012               5.00          100.86           9.2711
 01009   9.40 %  2012               5.00          101.05           9.2432
 01009   9.40 %  2012              10.00          101.07           9.2403
 01009   9.40 %  2012               5.00          100.79           9.2813
 01009   9.40 %  2012               5.00          100.79           9.2813
 01009   9.40 %  2012               5.00          100.95           9.2579
 01009   9.40 %  2012               5.00          100.82           9.2769
 01009   9.40 %  2012               5.00          101.08           9.2388
 01009   9.40 %  2012               5.00          101.10           9.2359
 01005   9.81 %  2013              10.00          102.56           9.4396
 01005   9.81 %  2013               5.00          102.42           9.4593
 01005   9.81 %  2013               5.00          102.45           9.4551
 01005   9.81 %  2013               5.00          102.58           9.4368
 01005   9.81 %  2013               5.00          102.43           9.4579
 01005   9.81 %  2013               5.00          102.43           9.4579
 01005   9.81 %  2013               5.00          102.43           9.4579
 01005   9.81 %  2013               5.00          102.45           9.4551
 01005   9.81 %  2013               5.00          102.53           9.4438
 01005   9.81 %  2013               5.00          102.78           9.4087
 01005   9.81 %  2013               5.00          102.50           9.4481
 01005   9.81 %  2013              10.00          102.43           9.4579
 01005   9.81 %  2013              10.00          102.78           9.4087
 01005   9.81 %  2013              35.00          102.78           9.4087
 01005   9.81 %  2013               5.00          102.46           9.4537
 01005   9.81 %  2013              10.00          102.78           9.4087
 01005   9.81 %  2013               5.00          102.41           9.4607
 01005   9.81 %  2013               5.00          102.52           9.4452
 01005   9.81 %  2013               5.00          102.51           9.4466
 01005   9.81 %  2013               1.50          102.48           9.4509
 01005   9.81 %  2013               5.00          102.54           9.4424
 01005   9.81 %  2013               5.00          102.50           9.4481
 01005   9.81 %  2013               5.00          102.60           9.4340
 01005   9.81 %  2013              10.00          102.60           9.4340
 01005   9.81 %  2013               5.00          102.49           9.4495 01005   9.81 %  2013               5.00          102.50           9.4481
 01005   9.81 %  2013               5.00          102.50           9.4481
 01005   9.81 %  2013               5.00          102.60           9.4340
 01005   9.81 %  2013               5.00          102.60           9.4340
 01005   9.81 %  2013               5.00          102.60           9.4340
 01005   9.81 %  2013               5.00          102.60           9.4340
 01005   9.81 %  2013               5.00          102.60           9.4340
 01005   9.81 %  2013               5.00          102.41           9.4607
 01005   9.81 %  2013               5.00          102.45           9.4551
 01005   9.81 %  2013               5.00          102.37           9.4664
 01005   9.81 %  2013               5.00          102.40           9.4622
 01005   9.81 %  2013               5.00          102.74           9.4143
 01005   9.81 %  2013               5.00          102.74           9.4143
 01005   9.81 %  2013               5.00          102.40           9.4622
 01005   9.81 %  2013               5.00          102.40           9.4622
 84010  10.50 %  2014               1.00          106.00           9.6791
 84010  10.50 %  2014               1.00          106.25           9.6464
 01001  10.47 %  2015               5.00          105.55           9.7154
 01001  10.47 %  2015               5.00          105.38           9.7375
 01001  10.47 %  2015               5.00          105.60           9.7089
 01001  10.47 %  2015              25.00          105.65           9.7024
 01001  10.47 %  2015              25.00          105.40           9.7349
 01001  10.47 %  2015               5.00          105.40           9.7349
 01001  10.47 %  2015               5.00          105.52           9.7193
 01001  10.47 %  2015              25.00          105.65           9.7024
 01001  10.47 %  2015               5.00          105.37           9.7388
 01001  10.47 %  2015               5.00          105.365          9.7394
 01001  10.47 %  2015              10.00          105.38           9.7375
 00015  11.43 %  2015               5.00          112.34           9.7794
 00015  11.43 %  2015               5.00          112.42           9.7696
 00015  11.43 %  2015               5.00          112.30           9.7843
 00015  11.43 %  2015               5.00          112.55           9.7537
 00015  11.43 %  2015              10.00          112.30           9.7843
 00015  11.43 %  2015               5.00          112.40           9.7721
 00015  11.43 %  2015               5.00          112.40           9.7721
 01003  10.71 %  2016              50.00          106.55           9.8518
 01003  10.71 %  2016              50.00          106.55           9.8518
 01003  10.71 %  2016              10.00          106.60           9.8456
 99019  12.30 %  2016               3.00          118.50           9.8846
 99019  12.30 %  2016               0.928         117.25          10.0290
 01004  10.45 %  2018               0.04          105.30           9.7952
 01008  10.03 %  2019               0.13          101.75           9.8170
 00008  10.70 %  2020               4.94          106.12           9.9685
 00008  10.70 %  2020               0.06          106.12           9.9685
 01006  10.25 %  2021               5.00          102.85           9.9148
 01006  10.25 %  2021               5.00          102.89           9.9103
 01006  10.25 %  2021               5.00          102.70           9.9319
 01006  10.25 %  2021               5.00          102.78           9.9228
 01006  10.25 %  2021               5.00          102.75           9.9262
 01006  10.25 %  2021              15.00          102.80           9.9205
 01006  10.25 %  2021               5.00          102.80           9.9205
 01006  10.25 %  2021               5.00          102.82           9.9182
     Total                       3184.2034
B. State Government Securities
          Contract Date : October 05, 2001
 01254 9.53% ANDHRA PRADESH       GOVT. STOCK 2011             5.00          100.20          9.4948
          Contract Date : October 06, 2001
 01254 9.53% ANDHRA PRADESH
       GOVT. STOCK 2011             5.00          100.27          9.4829
          Contract Date : October 08, 2001
 93213 13.50% MAHARASHTRA SDL
       2003                         0.03          108.50          7.7618
 96217 13.85% MAHARASHTRA SDL
       2006                         0.064         118.50          8.8616
 92215 13.00% MAHARASHTRA S.D.
       2007                         0.0206        118.00          8.9387
 97263 12.30% UTTAR PRADESH SDL
       2007                         0.0827        111.20          9.7859
 88213 11.50% MAHARASHTRA S.D.
       2008                         0.0003        112.25          9.0667
 99216 12.25% MAHARASHTRA SDL
       2009                         0.007         112.00          9.9475
 99234 11.85% GUJRAT SDL 2009       0.08          110.50          9.9019
 90208 11.50% MAHARASHTRA S.D.
       2010                         0.0002        110.50          9.6927
 01212 10.82% UTTAR PRADESH
       SDL,2011                     0.03          106.00          9.8171
 01224 10.53% KERALA GOVT STOCK
       2011                        16.75          105.74          9.5963
          Contract Date : October 09, 2001
 00252 12.00% KERALA SDL 2010       2.00          114.85          9.5006
     Total                         29.0648
C. Treasury Bills
   (i) 14 Day Bills (Maturity-wise)
       (DD/MM/YYYY)
                                           NIL
   (ii) 91 Day Bills (Maturity-wise)
       (DD/MM/YYYY)
          Contract Date : October 08, 2001
        12/10/2001                  0.33           99.9437         5.1262
        02/11/2001                  0.12           99.5484         6.6051
        14/12/2001                  9.23           98.7589         6.8274
        14/12/2001                 25.00           98.7589         6.8274
          Contract Date : October 09, 2001
        19/10/2001                  5.00           99.8154         6.7319
        09/11/2001                  5.75           99.4258         6.7812
        07/12/2001                  5.90           98.8970         6.8808
        07/12/2001                 10.00           98.8970         6.8808
        14/12/2001                 20.00           98.7730         6.8512
        28/12/2001                  2.00           98.5165         6.8516
     Total                         83.33
   (iii) 182 Day Bills (Maturity-wise)
       (DD/MM/YYYY)
                                           NIL
   (iv) 364 Day Bills (Maturity-wise)
       (DD/MM/YYYY)
          Contract Date : October 08, 2001
        24/01/2002                  5.00           97.9611         7.0149
        24/01/2002                 10.00           97.9611         7.0149
        21/03/2002                  0.41           96.9058         7.0869
        06/09/2002                  2.00           93.9257         7.0692        06/09/2002                 12.11           93.9176         7.0792
          Contract Date : October 09, 2001
        01/11/2001                  0.75           99.5765         6.7309
        18/04/2002                  0.24           96.4664         6.9809
        23/08/2002                 10.00           94.1591         7.1005
        06/09/2002                  5.72           93.8295         7.2101
        04/10/2002                 25.00           93.4125         7.1304
     Total                         71.23
---------------------------------------------------------------------------
 Loan  Nomenclature                Amount      Price *   Repo Rate   Repo
 Code                            (Face Value) Per Rs.100   (%pa)    Period
                                 (in Rs.Crore) Nominal              (Days)
       (1)                          (2)          (3)        (4)      (5)
---------------------------------------------------------------------------
II.  REPO Transactions *
    (Other than with RBI)
A. Government of India Dated Securities
 97010  11.19 %  2005               5.00      112.40        9.10      15
 97004  12.69 %  2002              25.00      103.00        6.85       3
 97004  12.69 %  2002              25.00      103.00        6.85       3
 97004  12.69 %  2002              10.00      103.10        6.75       1
 97004  12.69 %  2002              24.00      103.00        6.85       2
 97004  12.69 %  2002              25.00      103.10        6.85       3
 97004  12.69 %  2002              25.00      103.10        6.85       3
 97004  12.69 %  2002              25.00      103.10        6.85       3
 97004  12.69 %  2002              25.00      103.10        6.85       3
 97011  11.15 %  2002              15.00      103.35        6.75       1
 97011  11.15 %  2002              30.00      103.35        6.90       1
 96016  13.82 %  2002              10.00      105.50        6.90       2
 00007   9.90 %  2005              10.00      106.50        7.00       1
 00007   9.90 %  2005              10.00      106.50        6.90       1
 00011  10.20 %  2005              20.00      108.75        6.90       2
 00011  10.20 %  2005              20.00      108.75        6.90       2
 00011  10.20 %  2005              10.00      108.50        7.00       1
 00011  10.20 %  2005              10.00      108.50        7.00       1
 00011  10.20 %  2005              25.00      108.75        6.80       1
 00011  10.20 %  2005              25.00      108.75        6.80       1
 00011  10.20 %  2005              25.00      108.75        6.80       1
 00011  10.20 %  2005               5.00      108.50        7.25       1
 00011  10.20 %  2005               5.00      108.50        7.25       1
 97010  11.19 %  2005              20.00      112.20        6.80       1
 97010  11.19 %  2005              20.00      112.20        6.80       1
 97010  11.19 %  2005               3.00      112.35        6.90       1
 97010  11.19 %  2005               5.00      112.35        6.90       1
 97010  11.19 %  2005              10.00      112.35        6.90       1
 00013  11.00 %  2006              20.00      113.30        6.80       1
 00013  11.00 %  2006              20.00      113.30        6.80       1
 00013  11.00 %  2006              10.00      113.45        6.90       1
 97002  13.05 %  2007              20.00      119.50        7.05       2
 97002  13.05 %  2007              25.00      119.50        7.10       6
 97002  13.05 %  2007              20.00      119.50        6.95       1
 97002  13.05 %  2007              15.00      119.50        6.95       1
 97002  13.05 %  2007              25.00      119.50        7.00       3
 99006  11.99 %  2009              20.00      116.25        6.75       3 99006  11.99 %  2009              20.00      116.25        6.75       3
 99006  11.99 %  2009              20.00      116.25        6.75       3
 99006  11.99 %  2009              20.00      116.25        6.75       3
 00014  11.30 %  2010              10.00      113.60        7.00       1
 00014  11.30 %  2010              10.00      113.60        7.00       1
 00010  10.95 %  2011              10.00      110.30        6.90       1
 00010  10.95 %  2011              10.00      110.30        6.90       1
 00010  10.95 %  2011              10.00      110.30        6.90       1
 00017  11.50 %  2011              45.00      115.25        6.95       1
 00012  11.03 %  2012              10.00      100.00        8.30       1
 00015  11.43 %  2015               5.00      112.00        7.05       1
 01003  10.71 %  2016               4.50       95.00        8.30       1
 99019  12.30 %  2016              10.00      117.90        6.70       6
 99019  12.30 %  2016              10.00      117.90        6.70       6
 99019  12.30 %  2016              10.00      117.90        6.70       6
 99019  12.30 %  2016              10.00      117.90        6.70       6
 99019  12.30 %  2016              10.00      117.90        6.70       6
 01004  10.45 %  2018              25.00      103.80        6.85       1
     Total                        891.50
B. State Government Securities
                                           NIL
C. Treasury Bills
   (i) 14 Day Bills (Maturity-wise)
      (DD/MM/YYYY)
                                           NIL
   (ii) 91 Day Bills (Maturity-wise)
      (DD/MM/YYYY)
        21/12/2001                 15.00       98.6096      6.75       1
     Total                         15.00
   (iii) 182 Day Bills (Maturity-wise)
      (DD/MM/YYYY)
                                           NIL
   (iv) 364 Day Bills (Maturity-wise)
       (DD/MM/YYYY)
        14/06/2002                 25.00       95.3361      7.15       1
        12/07/2002                 25.00       94.8367      7.15       1
        06/09/2002                 25.00       93.9337      6.85       2
        06/09/2002                 20.00       93.9337      6.85       2
        06/09/2002                 20.00       93.9337      6.85       2
        06/09/2002                 20.00       93.9337      6.85       2
        06/09/2002                 20.00       93.9337      6.85       2
        04/10/2002                 10.00       93.4125      6.90       1
        04/10/2002                 10.00       93.4125      6.90       1
        04/10/2002                 10.00       93.4125      6.90       1
        04/10/2002                 10.00       93.4125      6.90       1
        04/10/2002                  5.00       93.4125      6.90       1
     Total                        200.00
-----------------------------------------------------------------------------
-
  * Relate to the first leg of Repos
  # YTM(indicative) will depend upon assumed rate of inflation
Date :  09 October 2001