Subsidiary General Ledger Account Transactions
in Government Dated Securities and Treasury Bills
at RBI, Mumbai on 08 September 2001
---------------------------------------------------------------------------
 Loan  Nomenclature              Amount           Price *        YTM %
 Code                            (Face Value)     Per Rs.100   Indicative
                                 (in Rs.Crore)    nominal
---------------------------------------------------------------------------
I.  Outright Transactions
A.Government of India Dated Securities
          Contract Date : September 05, 2001
 00016  11.40 %  2008               5.00          116.29           8.2827
          Contract Date : September 06, 2001
 00016  11.40 %  2008               5.00          116.37           8.2679
 00014  11.30 %  2010               5.00          114.22           8.9447
 00017  11.50 %  2011               5.00          115.54           9.1245
 01003  10.71 %  2016               5.00          106.88           9.8111
 01003  10.71 %  2016               5.00          106.90           9.8086
 01003  10.71 %  2016               5.00          106.85           9.8148
          Contract Date : September 07, 2001
 97004  12.69 %  2002              25.00          103.45           7.3185
 97004  12.69 %  2002              25.00          103.45           7.3185
 97004  12.69 %  2002               5.00          103.45           7.3185
 97004  12.69 %  2002               5.00          103.45           7.3185
 97004  12.69 %  2002              52.50          103.45           7.3185
 97004  12.69 %  2002              10.00          103.45           7.3185
 97004  12.69 %  2002              40.00          103.45           7.3185
 97004  12.69 %  2002              50.00          103.45           7.3185
 97004  12.69 %  2002              30.00          103.45           7.3185
 97004  12.69 %  2002               5.00          103.45           7.3185
 97004  12.69 %  2002              10.00          103.45           7.3185
 97004  12.69 %  2002              50.00          103.45           7.3185
 97004  12.69 %  2002              25.00          103.45           7.3185
 94003  12.50 %  2004               5.00          111.70           7.3692
 94003  12.50 %  2004               5.00          111.60           7.4100
 94003  12.50 %  2004               5.00          111.69           7.3733
 94003  12.50 %  2004               5.00          111.71           7.3651
 94003  12.50 %  2004               5.00          111.70           7.3692
 94003  12.50 %  2004               5.00          111.69           7.3733
 94003  12.50 %  2004               5.00          111.70           7.3692
 94003  12.50 %  2004               6.40          111.70           7.3692
 94003  12.50 %  2004               5.00          111.65           7.3896
 94003  12.50 %  2004              25.00          111.57           7.4223
 94003  12.50 %  2004               5.00          111.55           7.4304
 94003  12.50 %  2004               5.00          111.70           7.3692
 94003  12.50 %  2004               5.00          111.69           7.3733
 00007   9.90 %  2005               2.39          107.80           7.4020
 97010  11.19 %  2005              10.00          112.25           7.5280
 97010  11.19 %  2005               5.00          112.20           7.5419
 97010  11.19 %  2005               5.00          112.25           7.5280
1 99008  11.68 %  2006               5.00          115.60           7.5886
 99008  11.68 %  2006               5.00          115.55           7.6006
 99008  11.68 %  2006               5.00          115.57           7.5958
 99008  11.68 %  2006               5.00          115.60           7.5886
 99008  11.68 %  2006               5.00          115.62           7.5838
 99008  11.68 %  2006              25.00          115.30           7.6605
 99008  11.68 %  2006               5.00          115.60           7.5886
 00013  11.00 %  2006               5.00          113.48           7.6412
 00016  11.40 %  2008              20.00          116.20           8.2964
 00016  11.40 %  2008               5.00          116.21           8.2947
 00016  11.40 %  2008               5.00          116.15           8.3051
 00016  11.40 %  2008               5.00          116.15           8.3051
 00016  11.40 %  2008               5.00          116.05           8.3225
 00016  11.40 %  2008               5.00          116.21           8.2947
 00016  11.40 %  2008               5.00          116.24           8.2895
 00016  11.40 %  2008               5.00          116.24           8.2895
 00016  11.40 %  2008               5.00          116.23           8.2912
 00016  11.40 %  2008               5.00          116.10           8.3138
 00016  11.40 %  2008              10.00          116.21           8.2947
 00016  11.40 %  2008              15.00          116.20           8.2964
 00016  11.40 %  2008               5.00          116.18           8.2999
 00016  11.40 %  2008               5.00          116.15           8.3051
 00016  11.40 %  2008               5.00          116.23           8.2912
 00016  11.40 %  2008              10.00          116.15           8.3051
 00016  11.40 %  2008               5.00          116.15           8.3051
 00016  11.40 %  2008               5.00          116.20           8.2964
 00016  11.40 %  2008               5.00          116.35           8.2704
 00016  11.40 %  2008               5.00          116.15           8.3051
 00016  11.40 %  2008               5.00          116.28           8.2825
 00016  11.40 %  2008              10.00          116.15           8.3051
 00016  11.40 %  2008               5.00          116.15           8.3051
 00016  11.40 %  2008               5.00          116.21           8.2947
 00016  11.40 %  2008               5.00          116.24           8.2895
 00016  11.40 %  2008               5.00          116.24           8.2895
 00016  11.40 %  2008               5.00          116.18           8.2999
 00016  11.40 %  2008               5.00          116.21           8.2947
 00016  11.40 %  2008               5.00          116.23           8.2912
 00016  11.40 %  2008               5.00          116.06           8.3208
 00016  11.40 %  2008               5.00          116.24           8.2895
 00016  11.40 %  2008               5.00          116.19           8.2982
 00016  11.40 %  2008               5.00          116.20           8.2964
 00016  11.40 %  2008               5.00          116.18           8.2999
 00016  11.40 %  2008              10.00          116.15           8.3051
 00016  11.40 %  2008               5.00          116.06           8.3208
 00016  11.40 %  2008              10.00          116.15           8.3051
 00016  11.40 %  2008               5.00          116.22           8.2930
 99006  11.99 %  2009              10.00          116.85           8.8854
 00014  11.30 %  2010               5.00          114.09           8.9639
 00014  11.30 %  2010              10.00          114.00           8.9775
 00014  11.30 %  2010               5.00          114.04           8.9715
 00014  11.30 %  2010               5.00          113.99           8.9791
 00014  11.30 %  2010               5.00          114.05           8.9700
 81005   8.00 %  2011               6.34715        94.12           8.9193
 01007   9.39 %  2011               5.00          101.35           9.1747
 01007   9.39 %  2011              10.00          101.50           9.1514
2 01007   9.39 %  2011               5.00          101.40           9.1669
 01007   9.39 %  2011               5.00          101.27           9.1871
 01007   9.39 %  2011               5.00          101.27           9.1871
 01007   9.39 %  2011               0.35          101.53           9.1468
 01007   9.39 %  2011               5.00          101.30           9.1824
 91020  12.00 %  2011               5.00          116.25           9.4656
 91020  12.00 %  2011               5.00          116.25           9.4656
 91020  12.00 %  2011              15.00          116.16           9.4782
 91020  12.00 %  2011              10.00          116.20           9.4726
 00017  11.50 %  2011               5.00          115.20           9.1712
 00017  11.50 %  2011               5.00          115.05           9.1920
 00017  11.50 %  2011              10.00          115.30           9.1573
 00017  11.50 %  2011              10.00          115.20           9.1712
 00017  11.50 %  2011               5.00          115.15           9.1781
 00017  11.50 %  2011               5.00          115.10           9.1851
 00017  11.50 %  2011               5.00          115.25           9.1643
 00017  11.50 %  2011               5.00          115.23           9.1670
 00017  11.50 %  2011               5.00          115.05           9.1920
 00017  11.50 %  2011               5.00          115.07           9.1892
 00017  11.50 %  2011               5.00          115.22           9.1684
 00017  11.50 %  2011               5.00          115.22           9.1684
 00017  11.50 %  2011               5.00          115.28           9.1601
 00017  11.50 %  2011               5.00          115.13           9.1809
 00017  11.50 %  2011               5.00          115.40           9.1435
 00017  11.50 %  2011               5.00          115.25           9.1643
 00017  11.50 %  2011               5.00          115.10           9.1851
 00017  11.50 %  2011               5.00          115.30           9.1573
 00017  11.50 %  2011               5.00          115.07           9.1892
 00017  11.50 %  2011               5.00          115.10           9.1851
 00017  11.50 %  2011              10.00          115.30           9.1573
 00017  11.50 %  2011               5.00          115.05           9.1920
 00017  11.50 %  2011               5.00          115.20           9.1712
 84005  10.25 %  2012               0.05          105.40           9.4346
 00012  11.03 %  2012               1.00          111.67           9.2970
 00012  11.03 %  2012               5.00          111.77           9.2833
 00012  11.03 %  2012               5.00          111.63           9.3025
 00012  11.03 %  2012               5.00          111.65           9.2998
 00012  11.03 %  2012               5.00          111.65           9.2998
 00012  11.03 %  2012               5.00          111.60           9.3066
 00012  11.03 %  2012              25.00          111.60           9.3066
 00012  11.03 %  2012               5.00          111.65           9.2998
 00012  11.03 %  2012              10.00          111.68           9.2957
 00012  11.03 %  2012               5.00          111.60           9.3066
 00012  11.03 %  2012               5.00          111.61           9.3053
 00012  11.03 %  2012               5.00          111.80           9.2792
 00012  11.03 %  2012               5.00          111.83           9.2751
 00012  11.03 %  2012               5.00          111.80           9.2792
 00012  11.03 %  2012               5.00          111.63           9.3025
 00012  11.03 %  2012               5.00          111.70           9.2929
 00012  11.03 %  2012               5.00          111.66           9.2984
 00012  11.03 %  2012              10.00          111.60           9.3066
 00012  11.03 %  2012              15.00          111.61           9.3053
 00012  11.03 %  2012               5.00          111.60           9.3066
 00012  11.03 %  2012               5.00          111.72           9.2902
 00012  11.03 %  2012               5.00          111.48           9.3231
3 00012  11.03 %  2012               5.00          111.67           9.2970
 00012  11.03 %  2012               5.00          111.60           9.3066
 00012  11.03 %  2012               5.00          111.70           9.2929
 00012  11.03 %  2012               5.00          111.70           9.2929
 00012  11.03 %  2012               5.00          111.68           9.2957
 00012  11.03 %  2012               5.00          111.86           9.2710
 00012  11.03 %  2012               5.00          111.70           9.2929
 00012  11.03 %  2012              10.00          111.55           9.3135
 00012  11.03 %  2012               5.00          111.80           9.2792
 00012  11.03 %  2012               5.00          111.60           9.3066
 00012  11.03 %  2012               5.00          111.48           9.3231
 00012  11.03 %  2012               5.00          111.71           9.2915
 00012  11.03 %  2012               5.00          111.60           9.3066
 00012  11.03 %  2012               5.00          111.61           9.3053
 00012  11.03 %  2012               5.00          111.40           9.3341
 00012  11.03 %  2012               5.00          111.66           9.2984
 00012  11.03 %  2012               5.00          111.66           9.2984
 00012  11.03 %  2012               5.00          111.85           9.2724
 00012  11.03 %  2012              10.00          111.60           9.3066
 00012  11.03 %  2012               5.00          111.40           9.3341
 00012  11.03 %  2012               5.00          111.65           9.2998
 00012  11.03 %  2012               5.00          111.60           9.3066
 00012  11.03 %  2012               5.00          111.60           9.3066
 00012  11.03 %  2012               5.00          111.60           9.3066
 00012  11.03 %  2012               5.00          111.40           9.3341
 00012  11.03 %  2012               5.00          111.85           9.2724
 00012  11.03 %  2012              10.00          111.42           9.3314
 82005   9.00 %  2013               1.00           99.50           9.0667
 82005   9.00 %  2013               1.00           99.58           9.0555
 82005   9.00 %  2013               1.50           99.55           9.0597
 01005   9.81 %  2013              10.00          102.72           9.4180
 01005   9.81 %  2013               1.00          102.67           9.4250
 01005   9.81 %  2013               5.00          102.55           9.4418
 01005   9.81 %  2013               5.00          102.59           9.4362
 01005   9.81 %  2013               5.00          102.60           9.4348
 01005   9.81 %  2013               5.00          102.55           9.4418
 01005   9.81 %  2013               5.00          102.55           9.4418
 01005   9.81 %  2013              10.00          102.57           9.4390
 01005   9.81 %  2013               5.00          102.65           9.4278
 01005   9.81 %  2013               5.00          102.65           9.4278
 01005   9.81 %  2013              10.00          102.70           9.4208
 01005   9.81 %  2013               5.00          102.67           9.4250
 01005   9.81 %  2013              10.00          102.65           9.4278
 01005   9.81 %  2013               5.00          102.80           9.4068
 01005   9.81 %  2013               5.00          102.60           9.4348
 01005   9.81 %  2013               5.00          102.55           9.4418
 01005   9.81 %  2013               5.00          102.67           9.4250
 01005   9.81 %  2013               5.00          102.94           9.3873
 01005   9.81 %  2013               1.00          102.70           9.4208
 01005   9.81 %  2013               5.00          102.535          9.4439
 01005   9.81 %  2013               0.50          102.70           9.4208
 01005   9.81 %  2013               5.00          102.54           9.4432
 01005   9.81 %  2013               5.00          102.54           9.4432
 01005   9.81 %  2013               5.00          102.45           9.4559
 01005   9.81 %  2013               5.00          102.585          9.4369
4 01005   9.81 %  2013               5.00          102.59           9.4362
 83004  10.00 %  2014              20.00          102.60           9.6371
 84010  10.50 %  2014               1.00          105.30           9.7718
 00015  11.43 %  2015              10.00          112.84           9.7246
 00015  11.43 %  2015               5.00          112.60           9.7538
 00015  11.43 %  2015               5.00          112.40           9.7782
 00015  11.43 %  2015              10.00          112.30           9.7904
 00015  11.43 %  2015              10.00          113.00           9.7053
 00015  11.43 %  2015               5.00          112.30           9.7904
 00015  11.43 %  2015               5.00          112.30           9.7904
 00015  11.43 %  2015               5.00          112.30           9.7904
 00015  11.43 %  2015               5.00          112.30           9.7904
 01001  10.47 %  2015               0.54          105.50           9.7294
 01003  10.71 %  2016               5.00          106.87           9.8123
 01003  10.71 %  2016               5.00          106.86           9.8135
 01003  10.71 %  2016               5.00          106.76           9.8259
 01003  10.71 %  2016              10.00          106.70           9.8334
 01003  10.71 %  2016              10.00          106.55           9.8520
 01003  10.71 %  2016               5.00          106.55           9.8520
 01003  10.71 %  2016               5.00          106.57           9.8496
 01003  10.71 %  2016              25.00          106.98           9.7987
 01003  10.71 %  2016               5.00          106.95           9.8024
 01003  10.71 %  2016               5.00          106.95           9.8024
 01003  10.71 %  2016               5.00          106.95           9.8024
 01003  10.71 %  2016               5.00          106.95           9.8024
 01003  10.71 %  2016               5.00          106.95           9.8024
 01003  10.71 %  2016              25.00          106.97           9.7999
 01003  10.71 %  2016               5.00          106.75           9.8272
 01003  10.71 %  2016               5.00          106.57           9.8496
 01003  10.71 %  2016               5.00          106.52           9.8558
 01003  10.71 %  2016               5.00          106.52           9.8558
 01003  10.71 %  2016               5.00          106.52           9.8558
 01003  10.71 %  2016               5.00          106.55           9.8520
 01003  10.71 %  2016               5.00          106.59           9.8471
 01003  10.71 %  2016               5.00          106.55           9.8520
 01008  10.03 %  2019              10.00          102.70           9.7074
 01008  10.03 %  2019               5.00          101.65           9.8305
 01008  10.03 %  2019               2.00          101.72           9.8223
 01008  10.03 %  2019               1.00          101.75           9.8187
 01006  10.25 %  2021               0.10          102.79           9.9215
 01006  10.25 %  2021               5.00          102.64           9.9386
 01006  10.25 %  2021              15.00          102.25           9.9833
 01006  10.25 %  2021               5.00          102.20           9.9890
 01006  10.25 %  2021              25.00          102.05          10.0063
 01006  10.25 %  2021               5.00          102.40           9.9661
 01006  10.25 %  2021               5.00          102.15           9.9947
 01006  10.25 %  2021               5.00          102.15           9.9947
 01006  10.25 %  2021               1.00          102.35           9.9718
 01006  10.25 %  2021               5.00          102.21           9.9879
 01006  10.25 %  2021               5.00          102.20           9.9890
 01006  10.25 %  2021               5.00          102.10          10.0005
 01006  10.25 %  2021               5.00          102.08          10.0028
 01006  10.25 %  2021               5.00          102.05          10.0063
 01006  10.25 %  2021               5.00          102.05          10.0063
 01006  10.25 %  2021               0.58          102.25           9.9833
5          Contract Date : September 08, 2001
 94003  12.50 %  2004               5.00          111.58           7.4137
 94003  12.50 %  2004               5.00          111.65           7.3851
 94003  12.50 %  2004               5.00          111.59           7.4096
 94003  12.50 %  2004               5.00          111.59           7.4096
 94003  12.50 %  2004               5.00          111.59           7.4096
 94003  12.50 %  2004               5.00          111.60           7.4055
 94003  12.50 %  2004               5.00          111.65           7.3851
 94003  12.50 %  2004              25.00          111.59           7.4096
 97010  11.19 %  2005               5.00          112.40           7.4842
 97010  11.19 %  2005               5.00          112.25           7.5259
 97010  11.19 %  2005              10.00          112.32           7.5064
 97010  11.19 %  2005               5.00          112.35           7.4981
 99008  11.68 %  2006               5.00          115.30           7.6587
 00013  11.00 %  2006               5.00          113.52           7.6305
 98007  12.00 %  2008               5.00          116.10           8.7500
 98007  12.00 %  2008              10.00          116.11           8.7482
 00016  11.40 %  2008               5.00          116.16           8.3025
 00016  11.40 %  2008               5.00          116.18           8.2990
 00016  11.40 %  2008               5.00          116.18           8.2990
 00016  11.40 %  2008               5.00          116.18           8.2990
 00016  11.40 %  2008               5.00          116.23           8.2903
 00016  11.40 %  2008               5.00          116.18           8.2990
 00016  11.40 %  2008              10.00          116.17           8.3007
 00016  11.40 %  2008               5.00          116.20           8.2955
 00016  11.40 %  2008               5.00          116.18           8.2990
 00016  11.40 %  2008              10.00          116.22           8.2920
 00016  11.40 %  2008               5.00          116.25           8.2868
 00016  11.40 %  2008               5.00          116.10           8.3129
 00016  11.40 %  2008               5.00          116.22           8.2920
 00016  11.40 %  2008               5.00          116.17           8.3007
 00016  11.40 %  2008              10.00          116.26           8.2851
 00016  11.40 %  2008              10.00          116.28           8.2816
 00016  11.40 %  2008               5.00          116.18           8.2990
 00016  11.40 %  2008               5.00          116.20           8.2955
 00016  11.40 %  2008              10.00          116.075          8.3173
 00016  11.40 %  2008               5.00          116.19           8.2972
 99006  11.99 %  2009               5.00          116.90           8.8765
 99006  11.99 %  2009              10.00          116.945          8.8690
 99006  11.99 %  2009               5.00          116.85           8.8848
 01007   9.39 %  2011              10.00          101.27           9.1870
 01007   9.39 %  2011               5.00          101.25           9.1902
 01007   9.39 %  2011               5.00          101.30           9.1824
 01007   9.39 %  2011               0.20          101.85           9.0973
 01007   9.39 %  2011               0.30          101.85           9.0973
 01007   9.39 %  2011              15.00          101.28           9.1855
 01007   9.39 %  2011               5.00          101.20           9.1979
 01007   9.39 %  2011               5.00          101.15           9.2057
 01007   9.39 %  2011               5.00          101.15           9.2057
 00017  11.50 %  2011               5.00          115.15           9.1778
 00017  11.50 %  2011               5.00          115.15           9.1778
 00017  11.50 %  2011               5.00          115.20           9.1709
 00017  11.50 %  2011               5.00          115.26           9.1625
 00017  11.50 %  2011              10.00          115.25           9.1639
 00017  11.50 %  2011               5.00          115.22           9.1681
6 00017  11.50 %  2011               5.00          115.16           9.1764
 00017  11.50 %  2011               5.00          115.17           9.1750
 00017  11.50 %  2011               5.00          115.15           9.1778
 00017  11.50 %  2011               5.00          115.22           9.1681
 00017  11.50 %  2011               5.00          115.15           9.1778
 00017  11.50 %  2011               5.00          115.15           9.1778
 00017  11.50 %  2011               5.00          115.15           9.1778
 00017  11.50 %  2011               5.00          115.15           9.1778
 00017  11.50 %  2011               5.00          115.20           9.1709
 00017  11.50 %  2011               5.00          115.20           9.1709
 00017  11.50 %  2011              10.00          115.23           9.1667
 00017  11.50 %  2011               5.00          115.20           9.1709
 00017  11.50 %  2011               5.00          115.20           9.1709
 00017  11.50 %  2011               5.00          115.20           9.1709
 00017  11.50 %  2011               5.00          115.24           9.1653
 00012  11.03 %  2012               5.00          111.55           9.3132
 00012  11.03 %  2012               5.00          111.57           9.3105
 00012  11.03 %  2012               5.00          111.57           9.3105
 00012  11.03 %  2012               5.00          111.60           9.3064
 00012  11.03 %  2012               5.00          111.59           9.3077
 00012  11.03 %  2012               5.00          111.57           9.3105
 00012  11.03 %  2012               5.00          111.58           9.3091
 00012  11.03 %  2012               5.00          111.57           9.3105
 00012  11.03 %  2012              10.00          111.56           9.3119
 00012  11.03 %  2012               5.00          111.56           9.3119
 00012  11.03 %  2012              10.00          111.65           9.2995
 00012  11.03 %  2012               5.00          111.65           9.2995
 00012  11.03 %  2012               5.00          111.63           9.3022
 00012  11.03 %  2012               5.00          111.83           9.2748
 00012  11.03 %  2012               5.00          111.51           9.3187
 00012  11.03 %  2012               5.00          111.55           9.3132
 00012  11.03 %  2012               5.00          111.54           9.3146
 00012  11.03 %  2012               5.00          111.59           9.3077
 00012  11.03 %  2012               5.00          111.50           9.3201
 00012  11.03 %  2012               5.00          111.65           9.2995
 00012  11.03 %  2012               5.00          111.55           9.3132
 00012  11.03 %  2012               5.00          111.55           9.3132
 00012  11.03 %  2012               5.00          111.55           9.3132
 00012  11.03 %  2012               5.00          111.58           9.3091
 82005   9.00 %  2013               5.00           99.13           9.1190
 01005   9.81 %  2013               5.00          102.50           9.4488
 01005   9.81 %  2013               5.00          102.50           9.4488
 01005   9.81 %  2013               5.00          102.50           9.4488
 01005   9.81 %  2013               5.00          102.50           9.4488
 01005   9.81 %  2013               5.00          102.85           9.3998
 01005   9.81 %  2013               5.00          102.56           9.4404
 01005   9.81 %  2013               5.00          102.45           9.4558
 01005   9.81 %  2013               5.00          102.54           9.4432
 01005   9.81 %  2013               5.00          102.49           9.4502
 01005   9.81 %  2013               5.00          102.535          9.4439
 84010  10.50 %  2014               1.25          106.50           9.6150
 01001  10.47 %  2015               5.00          105.47           9.7295
 01001  10.47 %  2015               1.90          105.50           9.7256
 00015  11.43 %  2015               5.00          112.52           9.7633
 00015  11.43 %  2015               5.00          112.40           9.7780
7 00015  11.43 %  2015               5.00          112.45           9.7719
 01003  10.71 %  2016               5.00          106.55           9.8520
 01008  10.03 %  2019               0.25          102.15           9.7716
 01008  10.03 %  2019               1.50          101.40           9.8601
 01008  10.03 %  2019               0.20          101.10           9.8958
 00018  11.60 %  2020               5.00          113.40          10.0142
 01006  10.25 %  2021               1.00          102.36           9.9706
     Total                       2457.85715
B. State Government Securities
          Contract Date : September 07, 2001
 94214 12.50% MAHARASHTRA SDL
       2004                         0.05          107.90          9.0495
 99238 11.85% KARNATAKA SDL 2009    0.0093        113.50          9.4111
 99241 11.85% MAHARASTRA SDL
       2009                         0.50          114.95          9.1723
 99234 11.85% GUJRAT SDL 2009       0.003         112.25          9.6202
 01216 10.50% GUJARAT SDL 2011      1.50          105.53          9.6004
          Contract Date : September 08, 2001
 97231 13.05 % GUJARAT SDL 2007     0.25          118.00          8.9157
     Total                          2.3123
C. Treasury Bills
   (i) 14 Day Bills (Maturity-wise)
       (DD/MM/YYYY)
                                           NIL
   (ii) 91 Day Bills (Maturity-wise)
       (DD/MM/YYYY)
          Contract Date : September 07, 2001
        21/09/2001                  3.00           99.7619         6.2054
        23/11/2001                 17.38           98.5836         6.7919
        23/11/2001                  0.8125         98.5938         6.7423
        23/11/2001                 15.00           98.5634         6.8902
        30/11/2001                  7.73           98.4662         6.7500
        30/11/2001                  1.02           98.4662         6.7500
        30/11/2001                 15.00           98.4735         6.7174
        07/12/2001                  2.00           98.3390         6.7562
        07/12/2001                  8.00           98.3390         6.7562
          Contract Date : September 08, 2001
        16/11/2001                  5.76           98.7124         6.8812
        23/11/2001                 10.49           98.5938         6.8310
     Total                         86.1925
   (iii) 182 Day Bills (Maturity-wise)
       (DD/MM/YYYY)
                                           NIL
   (iv) 364 Day Bills (Maturity-wise)
       (DD/MM/YYYY)
          Contract Date : September 07, 2001
        15/11/2001                 22.8925         98.7672         6.5846
        15/11/2001                 10.00           98.7218         6.8303
        29/11/2001                  2.00           98.5062         6.6505
        14/06/2002                  2.00           94.8866         7.0056
        28/06/2002                  5.00           94.6079         7.0564
        26/07/2002                  0.19           94.1614         7.0094
        09/08/2002                 10.00           93.8418         7.1092
8          Contract Date : September 08, 2001
        09/08/2002                  8.00           93.8741         7.0906
     Total                         60.0825
II.  REPO Transactions *
    (Other than with RBI)
---------------------------------------------------------------------------
 Loan  Nomenclature                Amount      Price *   Repo Rate   Repo
 Code                            (Face Value) Per Rs.100   (%pa)    Period
                                 (in Rs.Crore) Nominal              (Days)
           (1)                      (2)          (3)        (4)      (5)
---------------------------------------------------------------------------
A. Government of India Dated Securities
 98009  11.90 %  2007              25.00      117.70        6.75      15
 98009  11.90 %  2007              25.00      117.70        6.75      15
 01003  10.71 %  2016              25.00      106.75        7.30      29
 97011  11.15 %  2002              25.00      103.60        7.00      14
 97011  11.15 %  2002              25.00      103.60        7.00      14
 97011  11.15 %  2002               5.00      103.60        6.90      14
 97007  12.59 %  2004              25.00      112.40        6.90       4
 97007  12.59 %  2004              25.00      112.40        6.90       4
 00011  10.20 %  2005              25.00      108.80        7.05       3
 00011  10.20 %  2005              25.00      108.80        7.05       3
 00011  10.20 %  2005              25.00      108.80        7.05       3
 00011  10.20 %  2005              25.00      108.80        7.05       3
 98007  12.00 %  2008              25.00      116.00        6.80      14
 98007  12.00 %  2008              25.00      116.00        6.80      14
 00016  11.40 %  2008               5.00      105.00        8.50       4
 00014  11.30 %  2010              25.00      114.00        7.10       3
 00014  11.30 %  2010              25.00      114.00        7.10       3
 00014  11.30 %  2010              25.00      114.00        7.10       3
 00014  11.30 %  2010              25.00      114.00        7.10       3
 01005   9.81 %  2013               5.00      102.50        6.85       2
 01005   9.81 %  2013               5.00      102.50        6.85       2
 01005   9.81 %  2013               5.00      102.50        6.85       2
 01005   9.81 %  2013               5.00      102.50        6.85       2
 01005   9.81 %  2013               5.00      102.50        6.80       2
 01005   9.81 %  2013               5.00      102.50        6.80       2
 01005   9.81 %  2013               5.00      102.50        6.80       2
 01005   9.81 %  2013               5.00      102.50        6.80       2
 01005   9.81 %  2013               5.00      102.50        6.80       2
 01005   9.81 %  2013               5.00      102.50        6.80       2
 01005   9.81 %  2013               5.00      102.50        6.80       2
 01005   9.81 %  2013              10.00      102.40        7.25       2
 01005   9.81 %  2013              10.00      102.40        7.25       2
 01005   9.81 %  2013               5.00      102.40        7.25       2
 01005   9.81 %  2013               5.00      102.40        7.50       2
 01001  10.47 %  2015               5.00       95.00        8.25       2
     Total                        525.00
B. State Government Securities
                                           NIL
C. Treasury Bills
   (i) 14 Day Bills (Maturity-wise)
      (DD/MM/YYYY)
                                           NIL
9   (ii) 91 Day Bills (Maturity-wise)
      (DD/MM/YYYY)
                                           NIL
   (iii) 182 Day Bills (Maturity-wise)
      (DD/MM/YYYY)
                                           NIL
   (iv) 364 Day Bills (Maturity-wise)
       (DD/MM/YYYY)
                                           NIL
----------------------------------------------------------------------------
  * Relate to the first leg of Repos
  # YTM(indicative) will depend upon assumed rate of inflation
Date :  08 September 2001
For previous issues of SGL Data please click here
10