Subsidiary General Ledger Account Transactions
in Government Dated Securities and Treasury Bills
at RBI, Mumbai on 21 September 2001
---------------------------------------------------------------------------
 Loan  Nomenclature              Amount           Price *        YTM %
 Code                            (Face Value)     Per Rs.100   Indicative
                                 (in Rs.Crore)    nominal
---------------------------------------------------------------------------
I.  Outright Transactions
A.Government of India Dated Securities
          Contract Date : September 20, 2001
 97011  11.15 %  2002              25.00          102.85           7.9556
 98004  11.10 %  2003               5.00          104.45           7.9792
 98004  11.10 %  2003               4.998         104.45           7.9792
 97010  11.19 %  2005               5.00          110.35           8.0366
 97010  11.19 %  2005               5.00          110.20           8.0795
 97010  11.19 %  2005              10.00          110.05           8.1225
 97010  11.19 %  2005              10.00          110.30           8.0509
 95012  14.00 %  2005(INSTA         1.00          114.85           9.4315
 95012  14.00 %  2005(INSTA         0.02          109.25          11.0586
 99008  11.68 %  2006               5.00          113.30           8.1255
 99008  11.68 %  2006              25.00          113.23           8.1428
 99008  11.68 %  2006               5.00          113.23           8.1428
 99008  11.68 %  2006               5.00          113.35           8.1132
 99008  11.68 %  2006               5.00          113.35           8.1132
 99008  11.68 %  2006               5.00          113.40           8.1009
 00013  11.00 %  2006              10.00          111.15           8.1667
 00013  11.00 %  2006              10.00          111.00           8.2023
 98009  11.90 %  2007               5.00          115.30           8.4506
 00016  11.40 %  2008               5.00          112.75           8.8979
 00016  11.40 %  2008              10.00          112.75           8.8979
 00016  11.40 %  2008               5.00          112.80           8.8888
 00016  11.40 %  2008               5.00          113.00           8.8526
 00016  11.40 %  2008               5.00          112.75           8.8979
 00016  11.40 %  2008               5.00          113.05           8.8435
 00016  11.40 %  2008               5.00          112.75           8.8979
 00016  11.40 %  2008               5.00          112.74           8.8997
 00016  11.40 %  2008               5.00          112.75           8.8979
 00016  11.40 %  2008               5.00          112.85           8.8797
 00016  11.40 %  2008               5.00          113.05           8.8435
 00016  11.40 %  2008               5.00          113.10           8.8345
 00016  11.40 %  2008               5.00          113.00           8.8526
 00016  11.40 %  2008               5.00          112.87           8.8761
 00016  11.40 %  2008              10.00          112.80           8.8888
 00016  11.40 %  2008               5.00          112.75           8.8979
 00016  11.40 %  2008               5.00          112.70           8.9069
 00016  11.40 %  2008              10.00          113.10           8.8345
 00016  11.40 %  2008               5.00          113.10           8.8345
 00016  11.40 %  2008              10.00          112.96           8.8598
 00016  11.40 %  2008               5.00          112.82           8.8852
1 00016  11.40 %  2008               5.00          112.45           8.9524
 00016  11.40 %  2008              10.00          112.475          8.9478
 00016  11.40 %  2008               5.00          113.00           8.8526
 00016  11.40 %  2008               5.00          112.50           8.9433
 00016  11.40 %  2008              25.00          112.75           8.8979
 00016  11.40 %  2008              10.00          112.45           8.9524
 00016  11.40 %  2008               5.00          112.90           8.8707
 00016  11.40 %  2008               5.00          113.10           8.8345
 00016  11.40 %  2008               5.00          112.65           8.9160
 00016  11.40 %  2008               5.00          112.70           8.9069
 00016  11.40 %  2008              25.00          112.75           8.8979
 00016  11.40 %  2008               5.00          113.00           8.8526
 00016  11.40 %  2008               5.00          113.00           8.8526
 00016  11.40 %  2008               5.00          113.00           8.8526
 00016  11.40 %  2008               5.00          112.95           8.8616
 00016  11.40 %  2008               5.00          112.45           8.9524
 00016  11.40 %  2008               5.00          112.50           8.9433
 00016  11.40 %  2008               5.00          112.45           8.9524
 00016  11.40 %  2008              25.00          112.45           8.9524
 00014  11.30 %  2010               5.00          111.00           9.4355
 00014  11.30 %  2010              10.00          111.90           9.2944
 00014  11.30 %  2010               5.00          111.50           9.3569
 00014  11.30 %  2010               5.00          111.00           9.4355
 99005  12.32 %  2011               5.00          114.30           9.9331
 99005  12.32 %  2011               5.00          114.00           9.9788
 99005  12.32 %  2011               0.009         109.53          10.6790
 01007   9.39 %  2011               5.00           99.45           9.4732
 01007   9.39 %  2011               5.00           98.90           9.5613
 01007   9.39 %  2011               5.00           99.25           9.5052
 01007   9.39 %  2011               5.00           99.50           9.4653
 00017  11.50 %  2011               5.00          113.22           9.4453
 00017  11.50 %  2011               5.00          112.62           9.5309
 00017  11.50 %  2011               5.00          112.63           9.5295
 00017  11.50 %  2011               5.00          113.23           9.4438
 00017  11.50 %  2011               5.00          112.65           9.5266
 00017  11.50 %  2011               5.00          112.64           9.5281
 00017  11.50 %  2011               5.00          112.80           9.5052
 00017  11.50 %  2011               5.00          112.66           9.5252
 00017  11.50 %  2011               5.00          113.21           9.4467
 00017  11.50 %  2011               5.00          112.65           9.5266
 00017  11.50 %  2011               5.00          112.65           9.5266
 00017  11.50 %  2011               5.00          112.80           9.5052
 00017  11.50 %  2011               5.00          112.80           9.5052
 00017  11.50 %  2011              10.00          112.70           9.5195
 00012  11.03 %  2012               5.00          109.70           9.5676
 00012  11.03 %  2012               5.00          109.45           9.6028
 00012  11.03 %  2012               0.50          109.73           9.5633
 00012  11.03 %  2012              10.00          109.55           9.5887
 00012  11.03 %  2012               0.05          110.70           9.4276
 00012  11.03 %  2012               5.00          109.40           9.6099
 00012  11.03 %  2012               5.00          109.40           9.6099
 00012  11.03 %  2012               5.00          109.44           9.6042
 00012  11.03 %  2012               5.00          109.55           9.5887
 00012  11.03 %  2012               5.00          110.05           9.5184
 00012  11.03 %  2012               5.00          109.40           9.6099
2 00012  11.03 %  2012               5.00          109.40           9.6099
 00012  11.03 %  2012               5.00          109.50           9.5958
 00012  11.03 %  2012               5.00          109.59           9.5831
 00012  11.03 %  2012               5.00          109.60           9.5816
 00012  11.03 %  2012               5.00          109.75           9.5605
 01009   9.40 %  2012               5.00           99.50           9.4735
 01009   9.40 %  2012               5.00           99.50           9.4735
 01009   9.40 %  2012               0.25           99.75           9.4363
 01009   9.40 %  2012               1.50           99.70           9.4437
 01009   9.40 %  2012              10.00           99.50           9.4735
 01009   9.40 %  2012               0.10          100.25           9.3623
 01009   9.40 %  2012               5.00           99.30           9.5033
 01009   9.40 %  2012              10.00           99.42           9.4854
 01009   9.40 %  2012               0.18          100.00           9.3992
 01009   9.40 %  2012               0.05          100.00           9.3992
 01009   9.40 %  2012               0.10          100.00           9.3992
 01009   9.40 %  2012               0.40          100.00           9.3992
 82005   9.00 %  2013               0.50           98.85           9.1591
 82005   9.00 %  2013               0.50           97.25           9.3893
 01005   9.81 %  2013               0.03          101.00           9.6614
 01005   9.81 %  2013               0.27          101.00           9.6614
 01005   9.81 %  2013               0.03          101.00           9.6614
 01005   9.81 %  2013               1.50          100.80           9.6902
 01005   9.81 %  2013               0.50          100.75           9.6974
 01005   9.81 %  2013               5.00          100.70           9.7046
 01005   9.81 %  2013               0.50          100.95           9.6686
 01005   9.81 %  2013               0.08          102.20           9.4907
 01005   9.81 %  2013               0.10          102.20           9.4907
 01005   9.81 %  2013               0.04          101.00           9.6614
 01005   9.81 %  2013               0.03          101.00           9.6614
 01005   9.81 %  2013               5.00          100.75           9.6974
 01005   9.81 %  2013               5.00          100.79           9.6916
 01005   9.81 %  2013               0.05          102.20           9.4907
 01005   9.81 %  2013               0.25          101.00           9.6614
 83004  10.00 %  2014               0.06          102.10           9.7048
 01003  10.71 %  2016               0.30          105.48           9.9862
 01003  10.71 %  2016               0.20          105.45           9.9900
 98025  12.60 %  2018              10.00          120.00          10.1172
 00008  10.70 %  2020               0.10          104.20          10.1896
 01006  10.25 %  2021               5.00          100.76          10.1564
 01006  10.25 %  2021               1.00          101.55          10.0641
 01006  10.25 %  2021               4.37          100.80          10.1517
 01006  10.25 %  2021               5.00          100.90          10.1400
 01006  10.25 %  2021               5.00          100.78          10.1541
 01006  10.25 %  2021               1.00          101.80          10.0351
 01006  10.25 %  2021               0.63          100.80          10.1517
 01010  10.18 %  2026               5.00          100.15          10.1627
 01010  10.18 %  2026               0.50          100.40          10.1351
 01010  10.18 %  2026               1.00           99.95          10.1849
 01010  10.18 %  2026               1.00          100.53          10.1207
 01010  10.18 %  2026               0.50          100.65          10.1075
 01010  10.18 %  2026               2.08          100.45          10.1295
 01010  10.18 %  2026               0.50          102.40           9.9180
          Contract Date : September 21, 2001
 96018  13.55 %  2001              25.00          100.98           7.8903
3 96018  13.55 %  2001              25.00          100.98           7.8903
 96018  13.55 %  2001              25.00          100.98           7.8903
 97011  11.15 %  2002              10.00          102.70           8.1105
 97011  11.15 %  2002              10.00          102.76           8.0448
 97011  11.15 %  2002              15.00          102.70           8.1105
 97011  11.15 %  2002              15.00          102.76           8.0448
 97011  11.15 %  2002               5.00          102.18           8.6830
 97011  11.15 %  2002              15.00          102.70           8.1105
 98004  11.10 %  2003               5.00          103.85           8.3840
 98004  11.10 %  2003               5.00          103.85           8.3840
 98004  11.10 %  2003               5.00          103.85           8.3840
 98004  11.10 %  2003               5.00          103.85           8.3840
 98004  11.10 %  2003               5.00          103.85           8.3840
 98004  11.10 %  2003               5.00          103.85           8.3840
 97007  12.59 %  2004              10.00          109.50           8.6122
 97007  12.59 %  2004               5.00          109.75           8.5141
 97010  11.19 %  2005               5.00          110.30           8.0490
 97010  11.19 %  2005              10.00          110.10           8.1063
 97010  11.19 %  2005               5.00          110.00           8.1350
 97010  11.19 %  2005              10.00          111.00           7.8496
 97010  11.19 %  2005               5.00          110.70           7.9349
 97010  11.19 %  2005               5.00          110.89           7.8808
 97010  11.19 %  2005               5.00          110.75           7.9206
 97010  11.19 %  2005               5.00          110.85           7.8922
 97010  11.19 %  2005              10.00          110.95           7.8638
 97010  11.19 %  2005              10.00          110.90           7.8780
 97010  11.19 %  2005              20.00          110.70           7.9349
 97010  11.19 %  2005              40.00          111.00           7.8496
 97010  11.19 %  2005              10.00          110.85           7.8922
 97010  11.19 %  2005              85.00          110.90           7.8780
 97010  11.19 %  2005              10.00          110.80           7.9064
 97010  11.19 %  2005              65.00          110.55           7.9776
 97010  11.19 %  2005              30.00          110.70           7.9349
 97010  11.19 %  2005              70.00          110.80           7.9064
 97010  11.19 %  2005              10.00          111.00           7.8496
 97010  11.19 %  2005               5.00          111.00           7.8496
 97010  11.19 %  2005               5.00          110.80           7.9064
 97010  11.19 %  2005               5.00          111.00           7.8496
 97010  11.19 %  2005              15.00          111.00           7.8496
 97010  11.19 %  2005              10.00          111.00           7.8496
 97010  11.19 %  2005               5.00          110.90           7.8780
 97010  11.19 %  2005               5.00          110.85           7.8922
 97010  11.19 %  2005              10.00          110.75           7.9206
 86007  11.50 %  2006               0.125         108.00           9.3299
 98009  11.90 %  2007               5.00          114.60           8.5938
 98009  11.90 %  2007              10.00          115.75           8.3572
 98009  11.90 %  2007              10.00          115.80           8.3470
 98009  11.90 %  2007              10.00          115.85           8.3368
 98009  11.90 %  2007              10.00          115.90           8.3266
 98009  11.90 %  2007              10.00          116.00           8.3062
 98009  11.90 %  2007               5.00          116.00           8.3062
 98009  11.90 %  2007               5.00          116.00           8.3062
 98009  11.90 %  2007              30.00          115.50           8.4084
 98009  11.90 %  2007              20.00          116.00           8.3062
 98009  11.90 %  2007              15.00          115.50           8.4084
4 98009  11.90 %  2007              10.00          115.75           8.3572
 98009  11.90 %  2007              15.00          115.75           8.3572
 98009  11.90 %  2007              20.00          116.00           8.3062
 98009  11.90 %  2007              10.00          115.50           8.4084
 98009  11.90 %  2007              10.00          115.70           8.3674
 98009  11.90 %  2007              20.00          116.00           8.3062
 98009  11.90 %  2007               5.00          114.25           8.6664
 00016  11.40 %  2008               5.00          111.70           9.0887
 00016  11.40 %  2008               5.00          111.70           9.0887
 00016  11.40 %  2008              15.00          111.60           9.1071
 00016  11.40 %  2008               5.00          112.55           8.9334
 00016  11.40 %  2008               5.00          111.85           9.0612
 00016  11.40 %  2008               5.00          111.70           9.0887
 00016  11.40 %  2008               5.00          111.75           9.0795
 00016  11.40 %  2008               5.00          111.65           9.0979
 00016  11.40 %  2008               5.00          112.75           8.8971
 00016  11.40 %  2008              10.00          112.00           9.0337
 00016  11.40 %  2008               5.00          111.70           9.0887
 00016  11.40 %  2008               5.00          111.85           9.0612
 00016  11.40 %  2008               5.00          111.85           9.0612
 00016  11.40 %  2008               5.00          111.60           9.1071
 00016  11.40 %  2008               5.00          111.50           9.1255
 00016  11.40 %  2008               5.00          111.85           9.0612
 00016  11.40 %  2008               5.00          111.87           9.0575
 00016  11.40 %  2008               5.00          111.75           9.0795
 00016  11.40 %  2008              20.00          112.00           9.0337
 00016  11.40 %  2008               5.00          111.80           9.0704
 00016  11.40 %  2008              10.00          113.10           8.8337
 00016  11.40 %  2008               5.00          111.80           9.0704
 00016  11.40 %  2008               5.00          112.00           9.0337
 00016  11.40 %  2008               5.00          112.00           9.0337
 00016  11.40 %  2008              10.00          111.85           9.0612
 00016  11.40 %  2008              25.00          111.80           9.0704
 00016  11.40 %  2008               5.00          111.50           9.1255
 00016  11.40 %  2008              10.00          111.65           9.0979
 00016  11.40 %  2008              15.00          112.70           8.9062
 00016  11.40 %  2008               5.00          111.90           9.0520
 99004  12.29 %  2010               5.00          113.15           9.9318
 98015  12.25 %  2010              10.00          113.00           9.9859
 98015  12.25 %  2010               5.00          113.10           9.9699
 98015  12.25 %  2010               5.00          113.215          9.9516
 98015  12.25 %  2010               5.00          113.00           9.9859
 98015  12.25 %  2010               5.00          113.05           9.9779
 00014  11.30 %  2010              30.00          112.00           9.2784
 00014  11.30 %  2010              25.00          111.70           9.3252
 00014  11.30 %  2010              10.00          111.90           9.2940
 00014  11.30 %  2010              10.00          111.80           9.3096
 00014  11.30 %  2010              10.00          111.70           9.3252
 00014  11.30 %  2010              10.00          111.60           9.3408
 00014  11.30 %  2010              10.00          111.50           9.3565
 00014  11.30 %  2010              10.00          112.00           9.2784
 00014  11.30 %  2010               5.00          111.85           9.3018
 00014  11.30 %  2010               5.00          112.00           9.2784
 00014  11.30 %  2010              35.00          112.00           9.2784
 00014  11.30 %  2010              35.00          112.00           9.2784
5 00014  11.30 %  2010              25.00          111.85           9.3018
 00014  11.30 %  2010              20.00          112.00           9.2784
 00014  11.30 %  2010              20.00          111.75           9.3174
 00014  11.30 %  2010              25.00          111.85           9.3018
 00014  11.30 %  2010               5.00          111.95           9.2862
 00014  11.30 %  2010              10.00          111.90           9.2940
 00014  11.30 %  2010               5.00          111.85           9.3018
 00014  11.30 %  2010               5.00          111.80           9.3096
 00014  11.30 %  2010              25.00          112.00           9.2784
 00014  11.30 %  2010              25.00          112.00           9.2784
 00014  11.30 %  2010              25.00          111.95           9.2862
 00014  11.30 %  2010              25.00          111.90           9.2940
 00014  11.30 %  2010              25.00          111.75           9.3174
 00014  11.30 %  2010              10.00          111.75           9.3174
 00010  10.95 %  2011               0.32          108.35           9.6022
 01007   9.39 %  2011              10.00           99.25           9.5052
 01007   9.39 %  2011               5.00           99.20           9.5132
 00017  11.50 %  2011               5.00          111.60           9.6778
 00017  11.50 %  2011               5.00          111.70           9.6633
 00017  11.50 %  2011               5.00          111.60           9.6778
 00017  11.50 %  2011               5.00          111.70           9.6633
 00017  11.50 %  2011              10.00          111.60           9.6778
 00017  11.50 %  2011               5.00          112.00           9.6199
 00017  11.50 %  2011               5.00          112.00           9.6199
 00017  11.50 %  2011               5.00          111.75           9.6561
 00017  11.50 %  2011               5.00          112.00           9.6199
 00017  11.50 %  2011               5.00          112.00           9.6199
 00017  11.50 %  2011               5.00          111.50           9.6923
 00017  11.50 %  2011              10.00          111.95           9.6271
 00017  11.50 %  2011               5.00          111.65           9.6706
 00017  11.50 %  2011               5.00          111.60           9.6778
 00017  11.50 %  2011               5.00          112.00           9.6199
 00017  11.50 %  2011               5.00          111.75           9.6561
 00017  11.50 %  2011              10.00          111.60           9.6778
 00017  11.50 %  2011               5.00          111.75           9.6561
 00017  11.50 %  2011               5.00          112.65           9.5264
 00017  11.50 %  2011               5.00          111.80           9.6488
 00017  11.50 %  2011               5.00          111.30           9.7214
 00017  11.50 %  2011               5.00          111.80           9.6488
 00017  11.50 %  2011               5.00          111.80           9.6488
 00017  11.50 %  2011               5.00          112.25           9.5838
 00017  11.50 %  2011               5.00          111.75           9.6561
 00017  11.50 %  2011               5.00          111.80           9.6488
 00017  11.50 %  2011               5.00          111.80           9.6488
 00017  11.50 %  2011               5.00          111.80           9.6488
 00017  11.50 %  2011               5.00          111.50           9.6923
 00017  11.50 %  2011               5.00          111.55           9.6851
 00012  11.03 %  2012               5.00          109.00           9.6664
 00012  11.03 %  2012               5.00          109.55           9.5885
 00012  11.03 %  2012               5.00          108.50           9.7377
 00012  11.03 %  2012               5.00          109.45           9.6026
 00012  11.03 %  2012               5.00          108.75           9.7020
 00012  11.03 %  2012               5.00          108.75           9.7020
 00012  11.03 %  2012               5.00          108.75           9.7020
 00012  11.03 %  2012               5.00          108.50           9.7377
6 00012  11.03 %  2012               5.00          109.00           9.6664
 00012  11.03 %  2012               5.00          108.70           9.7091
 00012  11.03 %  2012               5.00          109.00           9.6664
 00012  11.03 %  2012               5.00          108.75           9.7020
 00012  11.03 %  2012               5.00          108.85           9.6877
 00012  11.03 %  2012               5.00          108.90           9.6806
 00012  11.03 %  2012               5.00          108.90           9.6806
 01009   9.40 %  2012               0.50           99.75           9.4362
 01009   9.40 %  2012               1.50           99.75           9.4362
 01009   9.40 %  2012               5.00           99.70           9.4437
 01009   9.40 %  2012               2.75           99.50           9.4734
 01009   9.40 %  2012               5.00           99.30           9.5033
 01009   9.40 %  2012               5.00           99.00           9.5482
 01009   9.40 %  2012               5.00           99.50           9.4734
 01009   9.40 %  2012               5.00           99.15           9.5257
 01009   9.40 %  2012              10.00           99.30           9.5033
 01009   9.40 %  2012               5.00           99.50           9.4734
 01009   9.40 %  2012               5.00           99.50           9.4734
 01009   9.40 %  2012               5.00           99.05           9.5407
 01009   9.40 %  2012               5.00           98.85           9.5707
 01009   9.40 %  2012               5.00           99.25           9.5107
 01009   9.40 %  2012               5.00           99.30           9.5033
 01009   9.40 %  2012               5.00           99.30           9.5033
 01009   9.40 %  2012               5.00           99.00           9.5482
 01009   9.40 %  2012               0.50           99.65           9.4511
 01009   9.40 %  2012               2.00           99.50           9.4734
 01009   9.40 %  2012               0.11          100.50           9.3254
 01005   9.81 %  2013               5.00          100.79           9.6916
 01005   9.81 %  2013               5.00          100.80           9.6902
 01005   9.81 %  2013              10.00          100.55           9.7262
 01001  10.47 %  2015               5.00          104.10           9.9076
 85007  11.50 %  2015               0.44          111.00          10.0020
 00015  11.43 %  2015               5.00          110.42          10.0204
 00015  11.43 %  2015               5.00          110.42          10.0204
 00015  11.43 %  2015               5.00          110.405         10.0223
 01003  10.71 %  2016               5.00          104.55          10.1046
 01003  10.71 %  2016               5.00          105.00          10.0471
 00018  11.60 %  2020              20.00          111.90          10.1750
 00018  11.60 %  2020              80.00          112.00          10.1641
 01006  10.25 %  2021               0.22          100.50          10.1871
 01006  10.25 %  2021               0.275         102.90           9.9089
 01010  10.18 %  2026               1.00          100.00          10.1793
 01010  10.18 %  2026              10.00          100.00          10.1793
     Total                       2821.517
B. State Government Securities
          Contract Date : September 20, 2001
 97213 13.75 % MAHARASHTRA SDL
       2007                         0.004         113.90         10.2892
          Contract Date : September 21, 2001
 97231 13.05 % GUJARAT SDL 2007     0.16          115.00          9.5295
     Total                          0.164
C. Treasury Bills
   (i) 14 Day Bills (Maturity-wise)
       (DD/MM/YYYY)
                                           NIL
7   (ii) 91 Day Bills (Maturity-wise)
       (DD/MM/YYYY)
          Contract Date : September 20, 2001
        14/12/2001                 10.00           98.3700         7.0959
          Contract Date : September 21, 2001
        28/09/2001                 10.00           99.8564         7.4779
        28/09/2001                 10.00           99.8612         7.2276
        21/12/2001                  5.00           98.1645         7.4793
        21/12/2001                 12.00           98.2294         7.2101
     Total                         47.00
   (iii) 182 Day Bills (Maturity-wise)
       (DD/MM/YYYY)
                                           NIL
   (iv) 364 Day Bills (Maturity-wise)
       (DD/MM/YYYY)
          Contract Date : September 20, 2001
        13/12/2001                  5.25           98.3891         7.0949
        23/08/2002                  5.35           93.7436         7.2087
        20/09/2002                 50.00           93.1800         7.2991
          Contract Date : September 21, 2001
        04/10/2001                  5.90           99.7336         7.4791
        18/10/2001                  5.00           99.4117         7.9781
        13/12/2001                  4.28           98.3011         7.5794
        28/12/2001                 16.00           98.0132         7.5291
        28/12/2001                100.00           98.0906         7.2301
        28/12/2001                  5.00           98.0132         7.5291
        21/03/2002                 25.00           96.1843         7.9780
        18/04/2002                 25.00           95.6198         7.9781
        12/07/2002                  5.00           94.0887         7.7786
        06/09/2002                 10.00           92.8753         7.9781
        20/09/2002                  0.0054         93.1800         7.3192
        20/09/2002                  6.75           93.1274         7.3798
     Total                        268.5354
II.  REPO Transactions *
    (Other than with RBI)
---------------------------------------------------------------------------
 Loan  Nomenclature                Amount      Price *   Repo Rate   Repo
 Code                            (Face Value) Per Rs.100   (%pa)    Period
                                 (in Rs.Crore) Nominal              (Days)
           (1)                      (2)          (3)        (4)      (5)
---------------------------------------------------------------------------
A. Government of India Dated Securities
 96018  13.55 %  2001              15.00      100.75        8.50       3
 87006  11.00 %  2002              18.90      101.50        8.75       3
 97011  11.15 %  2002              20.00      102.50        8.50       3
 97011  11.15 %  2002              25.00      102.50        8.25       3
 97011  11.15 %  2002              25.00      102.50        8.25       3
 96016  13.82 %  2002              10.00      105.25        8.00       1
 96016  13.82 %  2002              10.00      105.25        8.00       1
 97007  12.59 %  2004              20.00      109.75        6.95       3
 97007  12.59 %  2004              20.00      109.75        6.95       3
 98022  11.98 %  2004              25.00      109.00        8.25       3
 98022  11.98 %  2004              20.00      109.00        8.40       1
 98022  11.98 %  2004              20.00      109.00        8.40       1
 98022  11.98 %  2004              25.00      109.00        8.40       1
8 98022  11.98 %  2004              29.00      109.00        8.35       3
 00007   9.90 %  2005              25.00      105.10        8.50       3
 00007   9.90 %  2005              25.00      105.10        8.50       3
 00007   9.90 %  2005              25.00      105.10        8.50       3
 00007   9.90 %  2005              25.00      105.10        8.50       3
 00007   9.90 %  2005              25.00      105.10        8.50       3
 00007   9.90 %  2005              24.00      104.20        8.25       1
 00011  10.20 %  2005              15.00      106.50        8.50       3
 97010  11.19 %  2005               1.40      100.00       11.50      21
 97002  13.05 %  2007              10.00      116.00        8.00       1
 87011  11.50 %  2007              25.00      109.00       10.00       3
 87011  11.50 %  2007              25.00      109.00       10.00       3
 98007  12.00 %  2008              25.00      113.75       10.00       3
 98007  12.00 %  2008              25.00      113.75       10.00       3
 98007  12.00 %  2008              25.00      113.75       10.00       3
 00016  11.40 %  2008              20.00      111.75        8.25      14
 00016  11.40 %  2008              20.00      111.75        8.25      14
 99006  11.99 %  2009              10.00      113.50        8.00       1
 99006  11.99 %  2009              10.00      113.50        8.00       1
 99006  11.99 %  2009              10.00      113.50        8.00       1
 89009  11.50 %  2009              15.00      109.00       10.00       3
 89009  11.50 %  2009              15.00      109.00       10.00       3
 00014  11.30 %  2010              15.00      110.00        9.00       3
 00014  11.30 %  2010              15.00      110.00        9.00       3
 00014  11.30 %  2010              20.00      110.00        9.05       3
 00012  11.03 %  2012              75.00      109.00        8.40       3
 00012  11.03 %  2012              20.00      108.50        6.95       3
 01009   9.40 %  2012              25.00       98.75        9.50       3
 01009   9.40 %  2012              25.00       98.75        9.50       3
 01005   9.81 %  2013               5.00      100.40        8.40       3
 01005   9.81 %  2013               5.00      100.40        8.40       3
 01005   9.81 %  2013               5.00      100.40        8.40       3
 01005   9.81 %  2013               5.00      100.40        8.40       3
 01005   9.81 %  2013               5.00      100.40        8.40       0
 01005   9.81 %  2013               5.00      100.40        8.40       3
 01005   9.81 %  2013               5.00      100.40        8.40       3
 01005   9.81 %  2013               5.00      100.40        8.40       3
 01005   9.81 %  2013               5.00      100.40        8.40       3
 01005   9.81 %  2013               5.00      100.40        8.40       3
 01005   9.81 %  2013              20.00      100.00       10.00       3
 01005   9.81 %  2013               5.00      100.00       10.00       3
 01005   9.81 %  2013              25.00      100.00       10.00       3
 01001  10.47 %  2015               5.00      100.00       11.00       3
 01003  10.71 %  2016              10.00      105.00        8.00       1
 01003  10.71 %  2016              10.00      105.00        8.00       1
 99019  12.30 %  2016               5.00      116.00        9.98       3
 99019  12.30 %  2016               5.00      116.00        9.98       3
 99019  12.30 %  2016               5.00      116.00        9.98       3
 99019  12.30 %  2016               5.00      116.00        9.98       3
 99019  12.30 %  2016               5.00      116.00        9.98       3
 00018  11.60 %  2020               5.00      111.25        8.50       3
 00018  11.60 %  2020               4.00      111.25        8.50       3
 01006  10.25 %  2021              72.50      100.00        8.90       3
 01006  10.25 %  2021               5.00      100.75        9.00       3
 01006  10.25 %  2021               5.00      100.75        9.00       3
9     Total                       1119.80
B. State Government Securities
                                           NIL
C. Treasury Bills
   (i) 14 Day Bills (Maturity-wise)
      (DD/MM/YYYY)
                                           NIL
   (ii) 91 Day Bills (Maturity-wise)
      (DD/MM/YYYY)
                                           NIL
   (iii) 182 Day Bills (Maturity-wise)
      (DD/MM/YYYY)
                                           NIL
   (iv) 364 Day Bills (Maturity-wise)
       (DD/MM/YYYY)
        08/04/2002                 20.00       96.1976      7.75       4
        02/05/2002                 11.00       95.7584      7.75       4
        28/06/2002                 31.00       93.8786      8.25       1
        26/07/2002                 25.00       94.2349      8.40       3
        09/08/2002                  6.00       93.7942      7.50       3
        06/09/2002                 25.00       93.4579      8.40       3
     Total                        118.00
---------------------------------------------------------------------------
  * Relate to the first leg of Repos
  # YTM(indicative) will depend upon assumed rate of inflation
Date :  21 September 2001
For previous issues of SGL Data please click here
10