Subsidiary General Ledger Account Transactions
in Government Dated Securities and Treasury Bills
at RBI, Mumbai on 27 September 2001
---------------------------------------------------------------------------
 Loan  Nomenclature              Amount           Price *        YTM %
 Code                            (Face Value)     Per Rs.100   Indicative
                                 (in Rs.Crore)    nominal
---------------------------------------------------------------------------
I.  Outright Transactions
A.Government of India Dated Securities
          Contract Date : September 26, 2001
 97011  11.15 %  2002              15.00          103.18           7.5337
 97011  11.15 %  2002              25.00          103.25           7.4565
 97011  11.15 %  2002              50.00          103.22           7.4895
 94003  12.50 %  2004              10.00          110.94           7.5972
 94003  12.50 %  2004               5.00          110.95           7.5930
 94003  12.50 %  2004               5.00          110.95           7.5930
 94003  12.50 %  2004               5.00          110.95           7.5930
 94003  12.50 %  2004               5.00          110.91           7.6098
 94003  12.50 %  2004               5.00          110.97           7.5846
 94003  12.50 %  2004               5.00          110.97           7.5846
 98008  11.50 %  2004              15.00          108.40           7.8796
 97010  11.19 %  2005               5.00          111.40           7.7259
 97010  11.19 %  2005              10.00          111.35           7.7401
 97010  11.19 %  2005              10.00          111.27           7.7628
 97010  11.19 %  2005               5.00          111.25           7.7684
 97010  11.19 %  2005              10.00          111.39           7.7287
 97010  11.19 %  2005               5.00          111.42           7.7202
 97010  11.19 %  2005               5.00          111.27           7.7628
 99008  11.68 %  2006               5.00          114.45           7.8335
 99008  11.68 %  2006               5.00          114.30           7.8702
 99008  11.68 %  2006               5.00          114.38           7.8506
 98005  11.75 %  2006               5.00          114.35           7.9322
 98005  11.75 %  2006               5.00          114.375          7.9261
 00013  11.00 %  2006               5.00          112.25           7.8989
 00013  11.00 %  2006               5.00          112.26           7.8966
 00013  11.00 %  2006               5.00          112.28           7.8919
 00013  11.00 %  2006               5.00          112.28           7.8919
 97002  13.05 %  2007               5.00          117.80           8.9225
 98009  11.90 %  2007               5.00          116.02           8.2960
 00016  11.40 %  2008               5.00          114.35           8.6053
 00016  11.40 %  2008               5.00          114.35           8.6053
 00016  11.40 %  2008               5.00          114.20           8.6320
 00016  11.40 %  2008               5.00          114.20           8.6320
 00016  11.40 %  2008               5.00          114.29           8.6160
 00016  11.40 %  2008              15.00          114.25           8.6231
 00016  11.40 %  2008               5.00          114.25           8.6231
 00016  11.40 %  2008               5.00          114.29           8.6160
 00016  11.40 %  2008               5.00          114.29           8.6160
 00016  11.40 %  2008               5.00          114.29           8.6160
1 00016  11.40 %  2008               5.00          114.27           8.6195
 00016  11.40 %  2008               5.00          114.30           8.6142
 00016  11.40 %  2008               5.00          114.30           8.6142
 00016  11.40 %  2008               5.00          114.30           8.6142
 00016  11.40 %  2008               5.00          114.40           8.5964
 00016  11.40 %  2008               5.00          114.30           8.6142
 00016  11.40 %  2008               5.00          114.30           8.6142
 00016  11.40 %  2008               5.00          114.22           8.6285
 00016  11.40 %  2008               5.00          114.29           8.6160
 00016  11.40 %  2008               5.00          114.30           8.6142
 00016  11.40 %  2008               5.00          114.21           8.6303
 00016  11.40 %  2008               5.00          114.30           8.6142
 00016  11.40 %  2008               5.00          114.30           8.6142
 98023  12.25 %  2008               0.01          117.25           8.8696
 99006  11.99 %  2009              10.00          115.10           9.1683
 99006  11.99 %  2009               5.00          115.05           9.1768
 99006  11.99 %  2009               5.00          115.10           9.1683
 99006  11.99 %  2009              10.00          115.10           9.1683
 99006  11.99 %  2009               5.00          115.08           9.1717
 99006  11.99 %  2009               5.00          115.08           9.1717
 79002   7.00 %  2009              10.00           89.60           8.8977
 99004  12.29 %  2010              10.00          114.15           9.7654
 80003   7.50 %  2010               1.00           93.00           8.6662
 90010  11.50 %  2010               1.00          111.25           9.5619
 99005  12.32 %  2011               0.25          115.20           9.7943
 99005  12.32 %  2011               5.00          115.00           9.8245
 99005  12.32 %  2011              10.00          115.05           9.8169
 99005  12.32 %  2011               0.38          115.45           9.7568
 99005  12.32 %  2011               5.00          115.02           9.8214
 99005  12.32 %  2011               5.00          114.94           9.8335
 99005  12.32 %  2011               1.60          115.00           9.8245
 99005  12.32 %  2011               0.15          115.00           9.8245
 99005  12.32 %  2011               0.15          115.00           9.8245
 99005  12.32 %  2011               0.20          115.00           9.8245
 99005  12.32 %  2011               0.20          115.00           9.8245
 99005  12.32 %  2011               0.45          115.00           9.8245
 99005  12.32 %  2011               0.25          115.00           9.8245
 99005  12.32 %  2011              10.00          115.10           9.8094
 99005  12.32 %  2011              10.00          114.97           9.8290
 99005  12.32 %  2011               5.00          114.97           9.8290
 99005  12.32 %  2011               5.00          115.05           9.8169
 99005  12.32 %  2011               5.00          114.90           9.8395
 01007   9.39 %  2011               5.00          100.485          9.3091
 01007   9.39 %  2011               5.00          100.47           9.3115
 01007   9.39 %  2011               5.00          100.45           9.3146
 01007   9.39 %  2011               5.00          100.44           9.3162
 01007   9.39 %  2011               5.00          100.485          9.3091
 01007   9.39 %  2011               5.00          100.485          9.3091
 01007   9.39 %  2011               5.00          100.45           9.3146
 01007   9.39 %  2011               5.00          100.45           9.3146
 01007   9.39 %  2011               5.00          100.45           9.3146
 01007   9.39 %  2011               5.00          100.45           9.3146
 00017  11.50 %  2011               5.00          114.15           9.3119
 00017  11.50 %  2011               5.00          114.15           9.3119
 00017  11.50 %  2011               5.00          114.26           9.2964
2 00017  11.50 %  2011               5.00          114.25           9.2978
 00017  11.50 %  2011               5.00          114.28           9.2936
 00017  11.50 %  2011               5.00          114.18           9.3077
 00017  11.50 %  2011               5.00          114.35           9.2838
 00017  11.50 %  2011               5.00          114.18           9.3077
 00017  11.50 %  2011               5.00          114.20           9.3049
 00017  11.50 %  2011               5.00          114.23           9.3006
 00017  11.50 %  2011               5.00          114.35           9.2838
 00017  11.50 %  2011               5.00          114.35           9.2838
 00017  11.50 %  2011               5.00          114.37           9.2810
 00017  11.50 %  2011               5.00          114.35           9.2838
 00017  11.50 %  2011               5.00          114.255          9.2971
 00017  11.50 %  2011              25.00          114.25           9.2978
 00017  11.50 %  2011              25.00          114.25           9.2978
 00017  11.50 %  2011              10.00          114.40           9.2767
 00017  11.50 %  2011               5.00          114.20           9.3049
 00017  11.50 %  2011               5.00          114.25           9.2978
 00017  11.50 %  2011               5.00          114.25           9.2978
 00017  11.50 %  2011               5.00          114.20           9.3049
 00012  11.03 %  2012               5.00          110.70           9.4260
 00012  11.03 %  2012               5.00          110.75           9.4191
 00012  11.03 %  2012               5.00          110.70           9.4260
 00012  11.03 %  2012               5.00          110.81           9.4107
 00012  11.03 %  2012              10.00          110.81           9.4107
 00012  11.03 %  2012               5.00          110.65           9.4330
 00012  11.03 %  2012               5.00          110.68           9.4288
 00012  11.03 %  2012               5.00          110.85           9.4052
 00012  11.03 %  2012               5.00          110.90           9.3982
 00012  11.03 %  2012               5.00          110.81           9.4107
 00012  11.03 %  2012               5.00          110.95           9.3913
 00012  11.03 %  2012              10.00          110.78           9.4149
 00012  11.03 %  2012               5.00          110.95           9.3913
 00012  11.03 %  2012               5.00          110.72           9.4233
 00012  11.03 %  2012               5.00          110.70           9.4260
 00012  11.03 %  2012               5.00          110.80           9.4121
 00012  11.03 %  2012               5.00          110.70           9.4260
 00012  11.03 %  2012               5.00          110.65           9.4330
 00012  11.03 %  2012               5.00          110.70           9.4260
 00012  11.03 %  2012               5.00          110.70           9.4260
 00012  11.03 %  2012              25.00          110.725          9.4226
 00012  11.03 %  2012               5.00          110.82           9.4093
 00012  11.03 %  2012               5.00          110.81           9.4107
 00012  11.03 %  2012               5.00          110.82           9.4093
 00012  11.03 %  2012              10.00          111.00           9.3844
 00012  11.03 %  2012              20.00          111.00           9.3844
 00012  11.03 %  2012               5.00          110.70           9.4260
 00012  11.03 %  2012               5.00          110.70           9.4260
 00012  11.03 %  2012               5.00          110.64           9.4344
 00012  11.03 %  2012              10.00          110.82           9.4093
 00012  11.03 %  2012               5.00          110.63           9.4358
 00012  11.03 %  2012               5.00          110.80           9.4121
 00012  11.03 %  2012               5.00          110.81           9.4107
 00012  11.03 %  2012               0.06          111.25           9.3497
 00012  11.03 %  2012               5.00          110.70           9.4260
 01009   9.40 %  2012              10.00          100.15           9.3766
3 01009   9.40 %  2012               5.00          100.25           9.3618
 01009   9.40 %  2012               5.00          100.04           9.3929
 01009   9.40 %  2012               0.50          100.90           9.2663
 01009   9.40 %  2012               5.00          100.06           9.3899
 01009   9.40 %  2012               1.00          100.08           9.3869
 01009   9.40 %  2012               0.507         100.10           9.3840
 01009   9.40 %  2012               1.00          100.15           9.3766
 01009   9.40 %  2012               5.00          100.25           9.3618
 01009   9.40 %  2012               5.00          100.24           9.3633
 01009   9.40 %  2012               1.00          100.20           9.3692
 01009   9.40 %  2012               5.00          100.22           9.3663
 01009   9.40 %  2012               5.00          100.20           9.3692
 01009   9.40 %  2012               5.00          100.25           9.3618
 01009   9.40 %  2012               5.00          100.20           9.3692
 01009   9.40 %  2012               5.00          100.08           9.3869
 01009   9.40 %  2012               5.00          100.08           9.3869
 01009   9.40 %  2012               5.00          100.09           9.3855
 01009   9.40 %  2012               5.00          100.09           9.3855
 01009   9.40 %  2012               5.00          100.09           9.3855
 01009   9.40 %  2012               0.50          100.00           9.3988
 01009   9.40 %  2012               5.00          100.06           9.3899
 01009   9.40 %  2012               0.50          100.13           9.3796
 01009   9.40 %  2012               2.00           99.60           9.4582
 01009   9.40 %  2012               0.443         100.13           9.3796
 01009   9.40 %  2012               0.25          100.35           9.3471
 01009   9.40 %  2012               0.05          100.35           9.3471
 01009   9.40 %  2012               5.00          100.25           9.3618
 01009   9.40 %  2012               5.00          100.23           9.3648
 01009   9.40 %  2012               5.00          100.08           9.3869
 01009   9.40 %  2012               5.00          100.25           9.3618
 01009   9.40 %  2012               5.00          100.21           9.3677
 01009   9.40 %  2012               5.00          100.20           9.3692
 82005   9.00 %  2013               1.00           98.25           9.2452
 82005   9.00 %  2013               1.00           98.75           9.1737
 01005   9.81 %  2013               5.00          101.85           9.5401
 01005   9.81 %  2013               5.00          101.83           9.5430
 01005   9.81 %  2013               2.00          101.89           9.5344
 01005   9.81 %  2013               1.00          101.84           9.5415
 01005   9.81 %  2013               5.00          101.83           9.5430
 01005   9.81 %  2013               5.00          101.835          9.5422
 01005   9.81 %  2013               5.00          101.81           9.5458
 01005   9.81 %  2013               5.00          102.00           9.5188
 01005   9.81 %  2013               5.00          101.83           9.5430
 01005   9.81 %  2013               5.00          101.84           9.5415
 01005   9.81 %  2013               5.00          101.84           9.5415
 01005   9.81 %  2013               5.00          101.82           9.5444
 01005   9.81 %  2013               5.00          101.78           9.5501
 83004  10.00 %  2014               0.05          102.30           9.6775
 99020  11.83 %  2014               5.00          114.00           9.8981
 85007  11.50 %  2015               0.385         110.90          10.0141
 85007  11.50 %  2015               0.087         110.90          10.0141
 01003  10.71 %  2016              24.35          105.77           9.9496
 01003  10.71 %  2016              25.00          105.77           9.9496
 01003  10.71 %  2016               5.00          105.75           9.9521
 01003  10.71 %  2016              25.00          105.77           9.9496
4 01008  10.03 %  2019               0.08          100.50           9.9667
 01008  10.03 %  2019              10.00          100.45           9.9727
 00008  10.70 %  2020               0.01          106.25           9.9534
 00008  10.70 %  2020               3.00          104.55          10.1489
 00018  11.60 %  2020               0.30          112.90          10.0664
 00018  11.60 %  2020              10.00          112.59          10.0998
 00018  11.60 %  2020               5.00          112.59          10.0998
 00018  11.60 %  2020              10.00          112.59          10.0998
 00018  11.60 %  2020               5.00          112.59          10.0998
 01006  10.25 %  2021               0.15          101.85          10.0294
 01010  10.18 %  2026               5.00          100.70          10.1016
 01010  10.18 %  2026               3.00          100.70          10.1016
 01010  10.18 %  2026               1.00          100.55          10.1181
 01010  10.18 %  2026               2.00          100.70          10.1016
 01010  10.18 %  2026               2.00          110.84           9.0749
 01010  10.18 %  2026               0.50          100.65          10.1071
 01010  10.18 %  2026               1.00          100.60          10.1126
          Contract Date : September 27, 2001
 97011  11.15 %  2002               1.40          103.05           7.6670
 97011  11.15 %  2002              10.00          103.29           7.4014
 97011  11.15 %  2002              10.00          103.29           7.4014
 97011  11.15 %  2002               5.00          103.29           7.4014
 97011  11.15 %  2002              10.00          103.30           7.3904
 97011  11.15 %  2002               5.00          103.305          7.3848
 97011  11.15 %  2002              10.00          103.29           7.4014
 97011  11.15 %  2002              10.00          103.29           7.4014
 97011  11.15 %  2002              10.00          103.22           7.4788
 97011  11.15 %  2002              10.00          103.29           7.4014
 96016  13.82 %  2002              15.00          105.80           7.5324
 94003  12.50 %  2004              50.00          110.80           7.6511
 94003  12.50 %  2004               5.00          110.90           7.6091
 94003  12.50 %  2004              50.00          110.90           7.6091
 94003  12.50 %  2004               5.00          111.08           7.5336
 94003  12.50 %  2004               5.00          111.08           7.5336
 94003  12.50 %  2004               5.00          111.05           7.5462
 94003  12.50 %  2004              10.00          111.10           7.5252
 94003  12.50 %  2004              20.00          111.03           7.5546
 94003  12.50 %  2004               5.00          111.08           7.5336
 94003  12.50 %  2004               5.00          111.06           7.5420
 94003  12.50 %  2004               5.00          111.095          7.5273
 94003  12.50 %  2004               5.00          111.095          7.5273
 94003  12.50 %  2004              10.00          111.07           7.5378
 94003  12.50 %  2004               5.00          111.07           7.5378
 94003  12.50 %  2004               5.00          111.08           7.5336
 94003  12.50 %  2004               5.00          111.07           7.5378
 97007  12.59 %  2004              10.00          111.20           7.9268
 00007   9.90 %  2005              25.00          106.50           7.7759
 00011  10.20 %  2005              25.00          108.00           7.7189
 97010  11.19 %  2005               5.00          111.57           7.6757
 97010  11.19 %  2005               5.00          111.55           7.6813
 97010  11.19 %  2005               5.00          111.50           7.6955
 97010  11.19 %  2005               5.00          111.55           7.6813
 97010  11.19 %  2005              10.00          111.58           7.6729
 99008  11.68 %  2006               3.00          114.25           7.8808
 99008  11.68 %  2006               5.00          114.66           7.7805
5 99008  11.68 %  2006               5.00          114.65           7.7830
 99008  11.68 %  2006               5.00          114.66           7.7805
 98005  11.75 %  2006               5.00          114.68           7.8501
 98005  11.75 %  2006               5.00          114.67           7.8525
 98005  11.75 %  2006               5.00          114.63           7.8623
 98005  11.75 %  2006               5.00          114.67           7.8525
 98005  11.75 %  2006               5.00          114.69           7.8476
 98005  11.75 %  2006               5.00          114.63           7.8623
 98005  11.75 %  2006               5.00          114.63           7.8623
 00013  11.00 %  2006               5.00          112.65           7.8037
 00013  11.00 %  2006               5.00          112.65           7.8037
 00013  11.00 %  2006               5.00          112.60           7.8154
 00013  11.00 %  2006               5.00          112.54           7.8295
 97002  13.05 %  2007               5.00          117.95           8.8900
 98009  11.90 %  2007               5.00          116.40           8.2173
 98009  11.90 %  2007               5.00          116.35           8.2275
 98009  11.90 %  2007              15.00          116.40           8.2173
 98009  11.90 %  2007               5.00          116.40           8.2173
 98009  11.90 %  2007              10.00          116.40           8.2173
 00016  11.40 %  2008               5.00          114.70           8.5421
 00016  11.40 %  2008               5.00          114.80           8.5244
 00016  11.40 %  2008               5.00          114.80           8.5244
 00016  11.40 %  2008               5.00          114.82           8.5208
 00016  11.40 %  2008               5.00          114.77           8.5297
 00016  11.40 %  2008               5.00          114.75           8.5332
 00016  11.40 %  2008               5.00          114.80           8.5244
 00016  11.40 %  2008               5.00          114.67           8.5474
 00016  11.40 %  2008               5.00          114.67           8.5474
 00016  11.40 %  2008               5.00          114.68           8.5457
 00016  11.40 %  2008               5.00          114.80           8.5244
 00016  11.40 %  2008              10.00          114.65           8.5510
 00016  11.40 %  2008               5.00          114.80           8.5244
 00016  11.40 %  2008               5.00          114.80           8.5244
 00016  11.40 %  2008              10.00          114.75           8.5332
 00016  11.40 %  2008               5.00          114.75           8.5332
 00016  11.40 %  2008               5.00          114.75           8.5332
 00016  11.40 %  2008               5.00          114.80           8.5244
 00016  11.40 %  2008               5.00          114.78           8.5279
 00016  11.40 %  2008               5.00          114.81           8.5226
 00016  11.40 %  2008               5.00          114.80           8.5244
 00016  11.40 %  2008               5.00          114.81           8.5226
 00016  11.40 %  2008               5.00          114.90           8.5066
 00016  11.40 %  2008               5.00          114.89           8.5084
 00016  11.40 %  2008               5.00          114.33           8.6080
 00016  11.40 %  2008               5.00          114.73           8.5368
 00016  11.40 %  2008               5.00          114.73           8.5368
 00016  11.40 %  2008               5.00          114.75           8.5332
 00016  11.40 %  2008               5.00          114.75           8.5332
 00016  11.40 %  2008               5.00          114.80           8.5244
 00016  11.40 %  2008               5.00          114.85           8.5155
 00016  11.40 %  2008               5.00          114.80           8.5244
 00016  11.40 %  2008               5.00          114.80           8.5244
 00016  11.40 %  2008               5.00          114.80           8.5244
 00016  11.40 %  2008               5.00          114.80           8.5244
 00016  11.40 %  2008               5.00          114.75           8.5332
6 00016  11.40 %  2008              15.00          114.90           8.5066
 00016  11.40 %  2008              10.00          114.75           8.5332
 00016  11.40 %  2008              10.00          114.73           8.5368
 00016  11.40 %  2008               5.00          114.75           8.5332
 00016  11.40 %  2008               5.00          114.75           8.5332
 00016  11.40 %  2008               5.00          114.65           8.5510
 00016  11.40 %  2008               5.00          114.85           8.5155
 00016  11.40 %  2008               5.00          114.85           8.5155
 00016  11.40 %  2008               5.00          114.65           8.5510
 00016  11.40 %  2008              10.00          114.82           8.5208
 00016  11.40 %  2008               5.00          114.80           8.5244
 00016  11.40 %  2008              10.00          114.83           8.5190
 00016  11.40 %  2008               5.00          114.75           8.5332
 00016  11.40 %  2008              10.00          114.73           8.5368
 00016  11.40 %  2008              10.00          114.65           8.5510
 99006  11.99 %  2009               5.00          115.47           9.1049
 99006  11.99 %  2009               5.00          115.45           9.1082
 99006  11.99 %  2009               5.00          115.43           9.1116
 99006  11.99 %  2009               5.00          115.45           9.1082
 99006  11.99 %  2009               5.00          115.40           9.1167
 99006  11.99 %  2009               5.00          115.45           9.1082
 99006  11.99 %  2009               5.00          115.45           9.1082
 99006  11.99 %  2009               5.00          115.46           9.1065
 99006  11.99 %  2009               5.00          115.43           9.1116
 99006  11.99 %  2009              10.00          115.45           9.1082
 98015  12.25 %  2010              40.00          115.00           9.6673
 00014  11.30 %  2010              10.00          112.45           9.2059
 00014  11.30 %  2010               5.00          112.45           9.2059
 00014  11.30 %  2010               5.00          112.45           9.2059
 00014  11.30 %  2010               5.00          112.48           9.2012
 00014  11.30 %  2010               5.00          112.48           9.2012
 00014  11.30 %  2010               5.00          112.47           9.2028
 00014  11.30 %  2010               5.00          112.50           9.1982
 00014  11.30 %  2010               5.00          112.50           9.1982
 00014  11.30 %  2010               5.00          112.50           9.1982
 00014  11.30 %  2010               5.00          112.50           9.1982
 00014  11.30 %  2010              10.00          112.50           9.1982
 00014  11.30 %  2010              10.00          112.45           9.2059
 00014  11.30 %  2010               5.00          112.50           9.1982
 99005  12.32 %  2011               5.00          115.45           9.7563
 99005  12.32 %  2011               5.00          115.40           9.7638
 99005  12.32 %  2011               5.00          115.40           9.7638
 99005  12.32 %  2011              10.00          115.40           9.7638
 99005  12.32 %  2011              10.00          115.40           9.7638
 99005  12.32 %  2011               5.00          115.40           9.7638
 00010  10.95 %  2011              10.00          109.36           9.4481
 00010  10.95 %  2011               2.00          108.90           9.5175
 01007   9.39 %  2011               5.00          100.45           9.3146
 01007   9.39 %  2011              10.00          100.80           9.2596
 01007   9.39 %  2011               5.00          100.80           9.2596
 01007   9.39 %  2011               5.00          100.82           9.2564
 01007   9.39 %  2011               5.00          100.82           9.2564
 01007   9.39 %  2011               5.00          100.79           9.2612
 01007   9.39 %  2011               5.00          100.80           9.2596
 01007   9.39 %  2011               5.00          100.80           9.2596
7 01007   9.39 %  2011              10.00          100.83           9.2549
 01007   9.39 %  2011               5.00          100.82           9.2564
 01007   9.39 %  2011               5.00          100.805          9.2588
 01007   9.39 %  2011              10.00          100.81           9.2580
 00017  11.50 %  2011               5.00          114.80           9.2204
 00017  11.50 %  2011               5.00          114.70           9.2344
 00017  11.50 %  2011               5.00          114.75           9.2274
 00017  11.50 %  2011               5.00          114.75           9.2274
 00017  11.50 %  2011               5.00          114.60           9.2484
 00017  11.50 %  2011               5.00          114.60           9.2484
 00017  11.50 %  2011               5.00          114.75           9.2274
 00017  11.50 %  2011               5.00          114.74           9.2288
 00017  11.50 %  2011               5.00          114.75           9.2274
 00017  11.50 %  2011               5.00          114.75           9.2274
 00017  11.50 %  2011               5.00          114.75           9.2274
 00017  11.50 %  2011               5.00          114.70           9.2344
 00017  11.50 %  2011               5.00          114.64           9.2428
 00017  11.50 %  2011               5.00          114.75           9.2274
 00017  11.50 %  2011               5.00          114.70           9.2344
 00017  11.50 %  2011               5.00          114.79           9.2218
 00017  11.50 %  2011               5.00          114.80           9.2204
 00017  11.50 %  2011               5.00          114.75           9.2274
 00017  11.50 %  2011               5.00          114.80           9.2204
 00017  11.50 %  2011               5.00          114.70           9.2344
 00017  11.50 %  2011               5.00          114.82           9.2176
 00017  11.50 %  2011               5.00          114.67           9.2386
 00017  11.50 %  2011               5.00          114.70           9.2344
 00017  11.50 %  2011               5.00          114.60           9.2484
 00017  11.50 %  2011               5.00          114.60           9.2484
 00017  11.50 %  2011               5.00          114.62           9.2456
 00017  11.50 %  2011               5.00          114.62           9.2456
 00017  11.50 %  2011               5.00          114.65           9.2414
 00017  11.50 %  2011               5.00          114.72           9.2316
 00017  11.50 %  2011               5.00          114.75           9.2274
 00017  11.50 %  2011               5.00          114.70           9.2344
 00017  11.50 %  2011               5.00          114.65           9.2414
 00017  11.50 %  2011              10.00          114.70           9.2344
 00017  11.50 %  2011               5.00          114.70           9.2344
 00017  11.50 %  2011               5.00          114.67           9.2386
 00017  11.50 %  2011               5.00          114.70           9.2344
 00017  11.50 %  2011               5.00          114.60           9.2484
 00017  11.50 %  2011               5.00          114.75           9.2274
 00017  11.50 %  2011               5.00          114.75           9.2274
 00017  11.50 %  2011               5.00          114.75           9.2274
 00017  11.50 %  2011               5.00          114.72           9.2316
 00017  11.50 %  2011               5.00          114.75           9.2274
 00017  11.50 %  2011              10.00          114.70           9.2344
 00017  11.50 %  2011               5.00          114.80           9.2204
 00017  11.50 %  2011               5.00          114.75           9.2274
 00017  11.50 %  2011               5.00          114.75           9.2274
 00017  11.50 %  2011               5.00          114.75           9.2274
 00017  11.50 %  2011               5.00          114.73           9.2302
 00017  11.50 %  2011               5.00          114.73           9.2302
 00017  11.50 %  2011              10.00          114.77           9.2246
 00017  11.50 %  2011               5.00          114.72           9.2316
8 00017  11.50 %  2011               5.00          114.74           9.2288
 00017  11.50 %  2011               5.00          114.78           9.2232
 00017  11.50 %  2011               5.00          114.75           9.2274
 00017  11.50 %  2011               5.00          114.70           9.2344
 00017  11.50 %  2011               5.00          114.26           9.2961
 00017  11.50 %  2011               5.00          114.80           9.2204
 00017  11.50 %  2011               5.00          114.75           9.2274
 00017  11.50 %  2011               5.00          114.70           9.2344
 00017  11.50 %  2011               5.00          114.73           9.2302
 00017  11.50 %  2011              20.00          114.71           9.2330
 00012  11.03 %  2012               5.00          111.13           9.3661
 00012  11.03 %  2012               5.00          111.00           9.3841
 00012  11.03 %  2012               5.00          111.20           9.3564
 00012  11.03 %  2012               5.00          111.10           9.3702
 00012  11.03 %  2012               5.00          111.00           9.3841
 00012  11.03 %  2012               5.00          111.05           9.3772
 00012  11.03 %  2012               1.50          111.00           9.3841
 00012  11.03 %  2012               5.00          111.16           9.3619
 00012  11.03 %  2012               5.00          111.15           9.3633
 00012  11.03 %  2012               5.00          111.12           9.3675
 00012  11.03 %  2012               5.00          111.16           9.3619
 00012  11.03 %  2012               5.00          111.20           9.3564
 00012  11.03 %  2012               5.00          111.00           9.3841
 00012  11.03 %  2012               5.00          111.18           9.3592
 00012  11.03 %  2012               5.00          111.10           9.3702
 00012  11.03 %  2012               5.00          111.10           9.3702
 00012  11.03 %  2012              10.00          111.18           9.3592
 00012  11.03 %  2012               5.00          111.18           9.3592
 00012  11.03 %  2012               5.00          110.90           9.3980
 00012  11.03 %  2012               5.00          110.95           9.3910
 00012  11.03 %  2012               5.00          111.20           9.3564
 00012  11.03 %  2012               5.00          111.10           9.3702
 00012  11.03 %  2012               5.00          111.16           9.3619
 00012  11.03 %  2012               5.00          111.25           9.3495
 00012  11.03 %  2012               5.00          111.20           9.3564
 00012  11.03 %  2012               5.00          111.17           9.3605
 00012  11.03 %  2012               5.00          111.20           9.3564
 00012  11.03 %  2012               5.00          111.16           9.3619
 00012  11.03 %  2012               5.00          111.20           9.3564
 00012  11.03 %  2012               5.00          111.18           9.3592
 00012  11.03 %  2012               5.00          111.13           9.3661
 00012  11.03 %  2012               5.00          111.15           9.3633
 00012  11.03 %  2012               5.00          111.21           9.3550
 00012  11.03 %  2012               5.00          111.16           9.3619
 00012  11.03 %  2012               5.00          111.25           9.3495
 00012  11.03 %  2012               5.00          111.20           9.3564
 00012  11.03 %  2012               5.00          111.20           9.3564
 00012  11.03 %  2012               5.00          111.25           9.3495
 00012  11.03 %  2012               5.00          111.11           9.3688
 00012  11.03 %  2012               5.00          110.85           9.4049
 00012  11.03 %  2012               5.00          111.10           9.3702
 00012  11.03 %  2012               5.00          111.10           9.3702
 00012  11.03 %  2012              10.00          111.10           9.3702
 00012  11.03 %  2012               5.00          111.20           9.3564
 00012  11.03 %  2012               5.00          111.20           9.3564
9 00012  11.03 %  2012               5.00          111.05           9.3772
 00012  11.03 %  2012               5.00          111.20           9.3564
 00012  11.03 %  2012               5.00          111.15           9.3633
 00012  11.03 %  2012               5.00          111.15           9.3633
 00012  11.03 %  2012               5.00          111.14           9.3647
 00012  11.03 %  2012              25.00          111.20           9.3564
 00012  11.03 %  2012               5.00          111.20           9.3564
 00012  11.03 %  2012               5.00          111.00           9.3841
 00012  11.03 %  2012               5.00          111.00           9.3841
 00012  11.03 %  2012               5.00          111.15           9.3633
 00012  11.03 %  2012               5.00          111.20           9.3564
 00012  11.03 %  2012               5.00          111.20           9.3564
 00012  11.03 %  2012               5.00          111.13           9.3661
 00012  11.03 %  2012               5.00          111.10           9.3702
 00012  11.03 %  2012               5.00          111.15           9.3633
 00012  11.03 %  2012               5.00          111.18           9.3592
 00012  11.03 %  2012              10.00          111.10           9.3702
 00012  11.03 %  2012               5.00          111.19           9.3578
 00012  11.03 %  2012               5.00          111.11           9.3688
 00012  11.03 %  2012               5.00          111.16           9.3619
 00012  11.03 %  2012               5.00          111.15           9.3633
 00012  11.03 %  2012               5.00          111.20           9.3564
 00012  11.03 %  2012               5.00          111.13           9.3661
 00012  11.03 %  2012               5.00          111.15           9.3633
 00012  11.03 %  2012               5.00          111.10           9.3702
 00012  11.03 %  2012               5.00          111.15           9.3633
 00012  11.03 %  2012               5.00          111.10           9.3702
 00012  11.03 %  2012               5.00          111.10           9.3702
 00012  11.03 %  2012               5.00          111.16           9.3619
 00012  11.03 %  2012               5.00          111.10           9.3702
 00012  11.03 %  2012               5.00          111.12           9.3675
 00012  11.03 %  2012              10.00          111.15           9.3633
 00012  11.03 %  2012               5.00          111.12           9.3675
 00012  11.03 %  2012               5.00          111.16           9.3619
 00012  11.03 %  2012               5.00          111.20           9.3564
 00012  11.03 %  2012               5.00          111.18           9.3592
 00012  11.03 %  2012               5.00          111.15           9.3633
 00012  11.03 %  2012               5.00          111.15           9.3633
 00012  11.03 %  2012               5.00          111.15           9.3633
 00012  11.03 %  2012              10.00          111.00           9.3841
 00012  11.03 %  2012               5.00          111.00           9.3841
 00012  11.03 %  2012               5.00          111.15           9.3633
 00012  11.03 %  2012               5.00          111.20           9.3564
 00012  11.03 %  2012               5.00          111.12           9.3675
 00012  11.03 %  2012               5.00          111.20           9.3564
 00012  11.03 %  2012               5.00          111.20           9.3564
 00012  11.03 %  2012               5.00          111.20           9.3564
 00012  11.03 %  2012               5.00          111.20           9.3564
 01009   9.40 %  2012               5.00          100.42           9.3367
 01009   9.40 %  2012               5.00          100.45           9.3323
 01009   9.40 %  2012               5.00          100.38           9.3426
 01009   9.40 %  2012               5.00          100.35           9.3470
 01009   9.40 %  2012               5.00          100.37           9.3440
 01009   9.40 %  2012               5.00          100.40           9.3396
 01009   9.40 %  2012               5.00          100.42           9.3367
10 01009   9.40 %  2012               5.00          100.42           9.3367
 01009   9.40 %  2012               5.00          100.37           9.3440
 01009   9.40 %  2012               5.00          100.385          9.3418
 01009   9.40 %  2012               5.00          100.45           9.3323
 01009   9.40 %  2012               5.00          100.40           9.3396
 01009   9.40 %  2012               5.00          100.45           9.3323
 01009   9.40 %  2012               5.00          100.40           9.3396
 01009   9.40 %  2012               5.00          100.37           9.3440
 01009   9.40 %  2012               5.00          100.40           9.3396
 01009   9.40 %  2012               5.00          100.40           9.3396
 01009   9.40 %  2012               5.00          100.50           9.3249
 01009   9.40 %  2012               5.00          100.40           9.3396
 01009   9.40 %  2012              10.00          100.43           9.3352
 01009   9.40 %  2012               5.00          100.35           9.3470
 01009   9.40 %  2012               5.00          100.30           9.3544
 01009   9.40 %  2012               5.00          100.37           9.3440
 01009   9.40 %  2012               5.00          100.35           9.3470
 01009   9.40 %  2012               5.00          100.40           9.3396
 01009   9.40 %  2012               5.00          100.50           9.3249
 01009   9.40 %  2012               5.00          100.50           9.3249
 01009   9.40 %  2012               5.00          100.50           9.3249
 01009   9.40 %  2012               5.00          100.50           9.3249
 01009   9.40 %  2012               5.00          100.35           9.3470
 01009   9.40 %  2012               5.00          100.37           9.3440
 01009   9.40 %  2012               5.00          100.40           9.3396
 01009   9.40 %  2012               5.00          100.45           9.3323
 01009   9.40 %  2012               5.00          100.40           9.3396
 01009   9.40 %  2012               5.00          100.25           9.3617
 01009   9.40 %  2012               5.00          100.25           9.3617
 01009   9.40 %  2012               5.00          100.25           9.3617
 01009   9.40 %  2012               5.00          100.38           9.3426
 01009   9.40 %  2012               5.00          100.25           9.3617
 01009   9.40 %  2012               5.00          100.40           9.3396
 01009   9.40 %  2012               5.00          100.40           9.3396
 01009   9.40 %  2012               5.00          100.41           9.3382
 01009   9.40 %  2012              10.00          100.37           9.3440
 01009   9.40 %  2012               5.00          100.40           9.3396
 01009   9.40 %  2012               5.00          100.33           9.3499
 01009   9.40 %  2012               5.00          100.37           9.3440
 01009   9.40 %  2012               5.00          100.30           9.3544
 01009   9.40 %  2012               5.00          100.45           9.3323
 01009   9.40 %  2012               0.20          100.25           9.3617
 01009   9.40 %  2012               5.00          100.40           9.3396
 01009   9.40 %  2012              10.00          100.45           9.3323
 01009   9.40 %  2012               5.00          100.40           9.3396
 01005   9.81 %  2013               5.00          102.20           9.4905
 01005   9.81 %  2013               5.00          102.25           9.4835
 01005   9.81 %  2013               5.00          102.24           9.4849
 01005   9.81 %  2013               5.00          102.24           9.4849
 01005   9.81 %  2013               5.00          102.23           9.4863
 01005   9.81 %  2013               5.00          102.21           9.4891
 01005   9.81 %  2013              25.00          102.275          9.4799
 01005   9.81 %  2013              10.00          102.25           9.4835
 01005   9.81 %  2013               5.00          102.25           9.4835
 01005   9.81 %  2013               5.00          102.32           9.4736
11 01005   9.81 %  2013               5.00          102.30           9.4764
 01005   9.81 %  2013               5.00          102.32           9.4736
 01005   9.81 %  2013               5.00          102.25           9.4835
 01005   9.81 %  2013               5.00          102.15           9.4976
 01005   9.81 %  2013               5.00          102.26           9.4821
 01005   9.81 %  2013               5.00          102.22           9.4877
 01005   9.81 %  2013               5.00          102.26           9.4821
 01005   9.81 %  2013               5.00          102.24           9.4849
 01005   9.81 %  2013               5.00          102.00           9.5188
 01005   9.81 %  2013               5.00          102.00           9.5188
 01005   9.81 %  2013               5.00          102.23           9.4863
 01005   9.81 %  2013               5.00          102.17           9.4948
 01005   9.81 %  2013               5.00          102.23           9.4863
 01005   9.81 %  2013               5.00          102.24           9.4849
 01005   9.81 %  2013               5.00          102.28           9.4792
 01005   9.81 %  2013              10.00          102.25           9.4835
 01005   9.81 %  2013               5.00          102.30           9.4764
 01005   9.81 %  2013               5.00          102.30           9.4764
 01005   9.81 %  2013               5.00          102.32           9.4736
 01005   9.81 %  2013               5.00          102.20           9.4905
 01005   9.81 %  2013               5.00          102.24           9.4849
 01005   9.81 %  2013               5.00          102.20           9.4905
 01005   9.81 %  2013               0.07          102.47           9.4525
 01005   9.81 %  2013               5.00          102.32           9.4736
 01005   9.81 %  2013               5.00          102.32           9.4736
 01005   9.81 %  2013               5.00          102.25           9.4835
 01001  10.47 %  2015               5.00          104.57           9.8449
 01001  10.47 %  2015               5.00          104.60           9.8410
 01001  10.47 %  2015              10.00          104.60           9.8410
 01001  10.47 %  2015               5.00          104.50           9.8541
 01001  10.47 %  2015               5.00          104.50           9.8541
 01001  10.47 %  2015               5.00          104.55           9.8475
 01001  10.47 %  2015               5.00          104.50           9.8541
 85007  11.50 %  2015               0.50          112.02           9.8740
 00015  11.43 %  2015              10.00          111.40           9.8972
 00015  11.43 %  2015               5.00          111.70           9.8602
 00015  11.43 %  2015              10.00          111.70           9.8602
 00015  11.43 %  2015               5.00          111.85           9.8417
 00015  11.43 %  2015               5.00          111.53           9.8812
 00015  11.43 %  2015               5.00          111.75           9.8540
 00015  11.43 %  2015               5.00          111.74           9.8552
 00015  11.43 %  2015               5.00          111.75           9.8540
 00015  11.43 %  2015              20.00          111.65           9.8663
 00015  11.43 %  2015              10.00          111.75           9.8540
 00015  11.43 %  2015               5.00          111.70           9.8602
 00015  11.43 %  2015              10.00          111.75           9.8540
 00015  11.43 %  2015               5.00          111.70           9.8602
 00015  11.43 %  2015               5.00          111.70           9.8602
 00015  11.43 %  2015               5.00          111.60           9.8725
 00015  11.43 %  2015               5.00          111.68           9.8626
 00015  11.43 %  2015               5.00          111.80           9.8478
 00015  11.43 %  2015               5.00          111.65           9.8663
 00015  11.43 %  2015              10.00          111.66           9.8651
 00015  11.43 %  2015               5.00          111.65           9.8663
 00015  11.43 %  2015               5.00          111.65           9.8663
12 00015  11.43 %  2015               5.00          111.65           9.8663
 01003  10.71 %  2016              10.00          106.10           9.9081
 01003  10.71 %  2016               5.00          106.10           9.9081
 01003  10.71 %  2016               1.00          106.30           9.8830
 01003  10.71 %  2016               5.00          106.15           9.9018
 01003  10.71 %  2016               5.00          106.15           9.9018
 01003  10.71 %  2016               5.00          106.10           9.9081
 01003  10.71 %  2016              10.00          106.10           9.9081
 01003  10.71 %  2016               5.00          106.09           9.9093
 01003  10.71 %  2016               5.00          106.09           9.9093
 01003  10.71 %  2016              10.00          106.10           9.9081
 01003  10.71 %  2016               5.00          106.10           9.9081
 01003  10.71 %  2016               5.00          106.10           9.9081
 01003  10.71 %  2016               5.00          106.06           9.9131
 98025  12.60 %  2018              10.00          120.40          10.0736
 01006  10.25 %  2021              11.00          101.90          10.0236
 01010  10.18 %  2026               0.55          100.65          10.1071
     Total                       3967.582
B. State Government Securities
          Contract Date : September 26, 2001
 99209 12.25% GUJRAT SDL 2009       2.00          111.20         10.0949
 99231 11.85% ANDHRA PRADESH SDL
       2009                         5.00          112.66          9.5398
 00225 10.52% MAHARASHTRA SDL
       2010                         0.28          105.10          9.6303
 00248 12.00% GUJARAT SDL 2010      0.5876        110.25         10.2305
 00264 11.57% KARNATAKA STATE
       G.S 2010                     0.007         108.50         10.1222
 01206 10.82% KARNATAKA SDL.2011    0.0056        104.10         10.1263
 01252 9.50% GUJARAT G.S 2011       0.30          100.00          9.4960
 01252 9.50% GUJARAT G.S 2011       0.15          100.00          9.4960
 01252 9.50% GUJARAT G.S 2011       0.12          100.00          9.4960
 01252 9.50% GUJARAT G.S 2011       0.97          100.00          9.4960
 01252 9.50% GUJARAT G.S 2011       0.06          100.00          9.4960
          Contract Date : September 27, 2001
 99238 11.85% KARNATAKA SDL 2009    0.0322        112.90          9.4989
 01238 10.35% MAHARASHTRA SDL
       2011                         2.3825        104.62          9.5999
 01236 10.35% KARNATAKA SDL 2011    0.431         104.62          9.5999
 01225 10.35%ANDHRA PRADESH
       SDL,2011                     0.5702        104.62          9.5999
     Total                         12.8961
C. Treasury Bills
   (i) 14 Day Bills (Maturity-wise)
       (DD/MM/YYYY)
                                           NIL
   (ii) 91 Day Bills (Maturity-wise)
       (DD/MM/YYYY)
          Contract Date : September 26, 2001
        12/10/2001                  0.12           99.7132         6.5435
        26/10/2001                 10.00           99.4485         6.7286
        26/10/2001                 24.00           99.4485         6.7286
        16/11/2001                  5.00           99.0502         6.8440
        30/11/2001                  1.50           98.7788         6.9233
        21/12/2001                 25.00           98.3735         6.9981
13        21/12/2001                 25.00           98.3735         6.9981
        21/12/2001                 10.00           98.3735         6.9981
          Contract Date : September 27, 2001
        28/09/2001                  7.00           99.9803         7.1722
        28/09/2001                  1.50           99.9836         5.9706
        12/10/2001                  0.20           99.7132         6.9797
        23/11/2001                  5.32           98.9187         6.9806
     Total                        114.64
   (iii) 182 Day Bills (Maturity-wise)
       (DD/MM/YYYY)
                                           NIL
   (iv) 364 Day Bills (Maturity-wise)
       (DD/MM/YYYY)
          Contract Date : September 26, 2001
        14/06/2002                 40.00           95.0249         7.3017
        20/09/2002                 10.00           93.2842         7.2996
        20/09/2002                 20.00           93.2800         7.3045
          Contract Date : September 27, 2001
        15/11/2001                  1.00           99.0427         7.1801
        28/12/2001                  0.50           98.3149         6.7814
        07/02/2002                 30.00           97.4444         7.1777
        08/04/2002                 15.00           96.3092         7.2276
        18/04/2002                 25.00           96.1241         7.2301
        17/05/2002                 30.00           95.5657         7.2801
        12/07/2002                  5.56           94.5890         7.2301
        06/09/2002                  6.00           93.5134         7.3398
        20/09/2002                 25.00           93.2928         7.3099
     Total                        208.06
II.  REPO Transactions *
    (Other than with RBI)
A. Government of India Dated Securities
 97004  12.69 %  2002              20.00      103.15        6.75       4
 97004  12.69 %  2002              20.00      103.15        6.75       4
 97004  12.69 %  2002              20.00      103.15        6.75       4
 97004  12.69 %  2002              20.00      103.15        6.75       4
 97004  12.69 %  2002              20.00      103.15        6.75       4
 97011  11.15 %  2002              22.00      103.30        6.50       1
 97011  11.15 %  2002              25.00      103.30        6.75       6
 97011  11.15 %  2002              25.00      103.30        6.75       6
 97011  11.15 %  2002              25.00      103.30        6.75       6
 98004  11.10 %  2003              20.00      105.20        6.85       1
 98004  11.10 %  2003              20.00      105.20        6.85       1
 94003  12.50 %  2004               7.00      110.90        7.40       4
 94003  12.50 %  2004              25.00      111.05        6.90       1
 94003  12.50 %  2004              25.00      111.05        6.90       1
 98022  11.98 %  2004              15.00      111.25        6.75       1
 98022  11.98 %  2004              15.00      111.25        6.80       6
 98022  11.98 %  2004              25.00      111.25        6.70       1
 95004  13.75 %  2005              20.00      118.00        7.20       4
 95006  14.00 %  2005              20.00      119.20        7.20       4
 00011  10.20 %  2005              25.00      108.00        6.90       1
 00011  10.20 %  2005              25.00      108.00        6.90       1
 00011  10.20 %  2005              25.00      108.00        6.90       1
 00011  10.20 %  2005              25.00      108.00        6.90       1
 00011  10.20 %  2005              25.00      108.00        6.90       1
14 00011  10.20 %  2005              25.00      107.95        6.85       1
 00011  10.20 %  2005              25.00      107.95        6.85       1
 97010  11.19 %  2005              25.00      111.35        6.85       1
 97010  11.19 %  2005              25.00      111.35        6.85       1
 96009  13.85 %  2006(INSTALM      12.00      122.00        7.05       1
 00013  11.00 %  2006              25.00      112.50        6.95       1
 00013  11.00 %  2006              21.00      112.55        6.95       1
 00013  11.00 %  2006              21.00      112.55        6.95       1
 98009  11.90 %  2007              50.00      116.35        6.90       1
 98009  11.90 %  2007              50.00      116.35        6.90       1
 98009  11.90 %  2007              25.00      116.35        6.90       1
 98007  12.00 %  2008              10.00      115.00        7.25       4
 98007  12.00 %  2008              25.00      115.25        7.20       4
 98007  12.00 %  2008              25.00      115.25        7.20       4
 00016  11.40 %  2008               5.00      114.50        7.40       4
 00016  11.40 %  2008               5.00      114.25        9.60       7
 00014  11.30 %  2010              25.00      112.50        6.95       1
 00014  11.30 %  2010              25.00      112.50        6.90       1
 00014  11.30 %  2010              25.00      112.50        6.90       1
 00014  11.30 %  2010             115.00      112.50        6.90       1
 00014  11.30 %  2010              20.00      112.50        6.95       1
 00014  11.30 %  2010              25.00      112.50        6.90       1
 00017  11.50 %  2011               5.00      114.25        9.60       7
 00012  11.03 %  2012               5.00      110.90        9.60       7
 00012  11.03 %  2012               5.00      110.90        9.60       7
 99020  11.83 %  2014              15.00      114.25        7.25       4
 99020  11.83 %  2014              15.00      114.25        7.25       4
 00015  11.43 %  2015               5.00      111.30        7.40       4
 01006  10.25 %  2021              25.00      100.00        7.25       4
 00017  11.50 %  2011               5.00      100.00        8.50      -3
 00012  11.03 %  2012               5.00      100.00        8.50      -3
     Total                       1208.00
B. State Government Securities
                                           NIL
C. Treasury Bills
   (i) 14 Day Bills (Maturity-wise)
      (DD/MM/YYYY)
                                           NIL
   (ii) 91 Day Bills (Maturity-wise)
      (DD/MM/YYYY)
                                           NIL
   (iii) 182 Day Bills (Maturity-wise)
      (DD/MM/YYYY)
                                           NIL
   (iv) 364 Day Bills (Maturity-wise)
       (DD/MM/YYYY)
        06/09/2002                 20.00       93.5629      6.80       4
        06/09/2002                 20.00       93.5629      6.80       4
     Total                         40.00
---------------------------------------------------------------------------
  * Relate to the first leg of Repos
  # YTM(indicative) will depend upon assumed rate of inflation
Date :  27 September 2001
For previous issues of SGL Data please click here
15