 
31 Dec 2001 
 
Subsidiary General Ledger Account Transactions 
in Government Dated Securities and Treasury Bills 
at RBI, Mumbai on 29 December 2001 
 
--------------------------------------------------------------------------- 
 Loan  Nomenclature              Amount           Price *        YTM % 
 Code                            (Face Value)     Per Rs.100   Indicative 
                                 (in Rs.Crore)    nominal 
--------------------------------------------------------------------------- 
 
I.  Outright Transactions 
A.Government of India Dated Securities 
          Contract Date : December 27, 2001 
 01003  10.71 %  2016               5.00          115.51           8.7820 
 00008  10.70 %  2020               5.00          113.05           9.2092 
          Contract Date : December 28, 2001 
 94003  12.50 %  2004               1.00          110.44           7.3388 
 94003  12.50 %  2004               5.00          110.40           7.3573 
 94003  12.50 %  2004               5.00          110.45           7.3342 
 97007  12.59 %  2004              20.00          111.25           7.5161 
 98022  11.98 %  2004               5.00          110.65           7.5283 
 98022  11.98 %  2004               5.00          110.60           7.5479 
 00011  10.20 %  2005               0.44          108.20           7.5159 
 00011  10.20 %  2005               0.22          108.20           7.5159 
 97010  11.19 %  2005               5.00          111.60           7.4696 
 99008  11.68 %  2006               5.00          114.79           7.5657 
 99008  11.68 %  2006               5.00          114.76           7.5733 
 99008  11.68 %  2006               5.00          114.76           7.5733 
 99008  11.68 %  2006               5.00          114.40           7.6651 
 99008  11.68 %  2006               5.00          114.65           7.6013 
 99008  11.68 %  2006               5.00          114.65           7.6013 
 00013  11.00 %  2006               5.00          113.00           7.5854 
 00013  11.00 %  2006               5.00          113.03           7.5781 
 00013  11.00 %  2006               5.00          113.07           7.5684 
 00013  11.00 %  2006               5.00          112.95           7.5976 
 00013  11.00 %  2006               5.00          112.93           7.6024 
 00013  11.00 %  2006               5.00          112.64           7.6730 
 98009  11.90 %  2007              10.00          118.65           7.6288 
 98009  11.90 %  2007               5.00          118.65           7.6288 
 98009  11.90 %  2007               5.00          118.65           7.6288 
 98009  11.90 %  2007               5.00          118.55           7.6493 
 98009  11.90 %  2007              10.00          118.70           7.6185 
 98009  11.90 %  2007               5.00          117.90           7.7834 
 98007  12.00 %  2008               5.00          117.92           8.3041 
 98007  12.00 %  2008              10.00          117.70           8.3449 
 98007  12.00 %  2008              25.00          117.76           8.3337 
 98007  12.00 %  2008               5.00          117.77           8.3319 
 00016  11.40 %  2008              10.00          117.90           7.8938 
 00016  11.40 %  2008              20.00          118.10           7.8586 
 00016  11.40 %  2008              15.00          118.10           7.8586 
 00016  11.40 %  2008               5.00          118.09           7.8604  00016  11.40 %  2008               5.00          117.95           7.8850 
 98023  12.25 %  2008               5.00          119.72           8.3404 
 79002   7.00 %  2009               1.00           99.15           7.1482 
 79002   7.00 %  2009               5.00           97.00           7.5341 
 99004  12.29 %  2010               5.00          122.35           8.4203 
 00014  11.30 %  2010               5.00          118.95           8.1814 
 00014  11.30 %  2010              20.00          119.30           8.1302 
 00010  10.95 %  2011               5.00          116.35           8.4015 
 00010  10.95 %  2011               5.00          116.55           8.3734 
 00010  10.95 %  2011               5.00          115.40           8.5359 
 00010  10.95 %  2011               5.00          116.50           8.3805 
 00010  10.95 %  2011               5.00          115.90           8.4650 
 00010  10.95 %  2011               5.00          115.85           8.4721 
 00010  10.95 %  2011               5.00          115.26           8.5559 
 00010  10.95 %  2011               5.00          115.40           8.5359 
 00010  10.95 %  2011               5.00          115.35           8.5430 
 00010  10.95 %  2011               5.00          115.85           8.4721 
 00017  11.50 %  2011               5.00          121.55           8.2683 
 00017  11.50 %  2011               5.00          122.06           8.2016 
 00017  11.50 %  2011               5.00          122.48           8.1469 
 00017  11.50 %  2011               5.00          122.65           8.1248 
 00017  11.50 %  2011               5.00          122.15           8.1898 
 00017  11.50 %  2011              10.00          121.95           8.2159 
 00017  11.50 %  2011               5.00          121.75           8.2421 
 00017  11.50 %  2011               5.00          121.37           8.2920 
 00017  11.50 %  2011               5.00          122.50           8.1443 
 00017  11.50 %  2011               5.00          121.70           8.2486 
 00017  11.50 %  2011               5.00          122.05           8.2029 
 00017  11.50 %  2011               5.00          122.08           8.1989 
 00017  11.50 %  2011               5.00          121.96           8.2146 
 00017  11.50 %  2011               5.00          122.40           8.1573 
 00017  11.50 %  2011               5.00          122.45           8.1508 
 00017  11.50 %  2011               5.00          122.28           8.1729 
 00017  11.50 %  2011               5.00          121.95           8.2159 
 00017  11.50 %  2011               5.00          112.10           9.5784 
 00017  11.50 %  2011               5.00          121.95           8.2159 
 00017  11.50 %  2011               5.00          121.93           8.2185 
 00017  11.50 %  2011               5.00          122.46           8.1495 
 00017  11.50 %  2011               5.00          121.95           8.2159 
 00017  11.50 %  2011               5.00          121.95           8.2159 
 00017  11.50 %  2011               5.00          122.07           8.2002 
 00017  11.50 %  2011               5.00          122.00           8.2094 
 00017  11.50 %  2011               5.00          121.95           8.2159 
 00017  11.50 %  2011               5.00          122.20           8.1833 
 00017  11.50 %  2011               5.00          122.00           8.2094 
 00017  11.50 %  2011               5.00          121.90           8.2225 
 00017  11.50 %  2011               5.00          121.90           8.2225 
 00017  11.50 %  2011               5.00          122.25           8.1768 
 00017  11.50 %  2011               5.00          122.30           8.1703 
 00017  11.50 %  2011               5.00          122.45           8.1508 
 00017  11.50 %  2011               5.00          122.50           8.1443 
 00017  11.50 %  2011               5.00          121.95           8.2159 
 00017  11.50 %  2011               5.00          121.95           8.2159 
 00017  11.50 %  2011               5.00          122.08           8.1989 
 00017  11.50 %  2011               5.00          122.05           8.2029 
 00017  11.50 %  2011               5.00          122.05           8.2029  00017  11.50 %  2011               5.00          122.07           8.2002 
 00017  11.50 %  2011               5.00          122.07           8.2002 
 00017  11.50 %  2011               5.00          122.39           8.1586 
 00017  11.50 %  2011               5.00          122.47           8.1482 
 00017  11.50 %  2011               5.00          121.55           8.2683 
 00017  11.50 %  2011               5.00          121.36           8.2933 
 00017  11.50 %  2011               5.00          122.46           8.1495 
 00012  11.03 %  2012               5.00          119.17           8.2706 
 00012  11.03 %  2012               5.00          119.15           8.2732 
 00012  11.03 %  2012               5.00          119.10           8.2795 
 00012  11.03 %  2012               5.00          118.70           8.3308 
 00012  11.03 %  2012               5.00          118.75           8.3243 
 00012  11.03 %  2012              10.00          118.95           8.2987 
 00012  11.03 %  2012               5.00          118.75           8.3243 
 00012  11.03 %  2012               5.00          119.15           8.2732 
 00012  11.03 %  2012               5.00          119.60           8.2158 
 00012  11.03 %  2012               5.00          119.60           8.2158 
 00012  11.03 %  2012               5.00          119.40           8.2413 
 00012  11.03 %  2012               5.00          118.85           8.3115 
 00012  11.03 %  2012               5.00          119.40           8.2413 
 00012  11.03 %  2012               5.00          118.41           8.3680 
 00012  11.03 %  2012               5.00          118.64           8.3385 
 00012  11.03 %  2012               5.00          119.25           8.2604 
 00012  11.03 %  2012               5.00          119.09           8.2808 
 00012  11.03 %  2012               5.00          119.50           8.2286 
 00012  11.03 %  2012               5.00          119.50           8.2286 
 00012  11.03 %  2012               5.00          119.30           8.2540 
 00012  11.03 %  2012               5.00          119.10           8.2795 
 00012  11.03 %  2012               5.00          119.00           8.2923 
 00012  11.03 %  2012               5.00          118.41           8.3680 
 00012  11.03 %  2012               5.00          118.62           8.3410 
 00012  11.03 %  2012               5.00          118.41           8.3680 
 00012  11.03 %  2012               5.00          119.00           8.2923 
 00012  11.03 %  2012               5.00          118.61           8.3423 
 00012  11.03 %  2012               5.00          119.14           8.2744 
 00012  11.03 %  2012               5.00          119.12           8.2770 
 00012  11.03 %  2012               5.00          119.12           8.2770 
 00012  11.03 %  2012               5.00          118.68           8.3333 
 00012  11.03 %  2012               5.00          118.41           8.3680 
 00012  11.03 %  2012               5.00          119.00           8.2923 
 00012  11.03 %  2012               5.00          119.10           8.2795 
 00012  11.03 %  2012               5.00          119.05           8.2859 
 01009   9.40 %  2012               2.00          107.85           8.2769 
 01005   9.81 %  2013               5.00          109.60           8.4796 
 01005   9.81 %  2013               5.00          109.76           8.4588 
 01005   9.81 %  2013               5.00          110.70           8.3376 
 01005   9.81 %  2013               5.00          110.20           8.4019 
 01005   9.81 %  2013               5.00          110.40           8.3761 
 01005   9.81 %  2013               5.00          110.35           8.3826 
 01005   9.81 %  2013               5.00          110.30           8.3890 
 01005   9.81 %  2013               0.75          110.35           8.3826 
 01005   9.81 %  2013               5.00          110.41           8.3748 
 01005   9.81 %  2013               5.00          110.80           8.3248 
 01005   9.81 %  2013               5.00          110.13           8.4109 
 01005   9.81 %  2013               5.00          110.72           8.3350 
 01005   9.81 %  2013               1.00          109.61           8.4783  01005   9.81 %  2013               1.50          109.28           8.5212 
 01005   9.81 %  2013               5.00          110.23           8.3980 
 01005   9.81 %  2013               5.00          110.75           8.3312 
 01005   9.81 %  2013               5.00          109.75           8.4601 
 01005   9.81 %  2013               5.00          109.64           8.4744 
 01005   9.81 %  2013               5.00          109.55           8.4861 
 01005   9.81 %  2013               5.00          109.90           8.4407 
 01005   9.81 %  2013               5.00          109.80           8.4536 
 01005   9.81 %  2013               5.00          110.40           8.3761 
 83004  10.00 %  2014               7.50          110.10           8.6552 
 84010  10.50 %  2014               0.50          113.50           8.7276 
 00009  10.79 %  2015               1.00          114.40           8.9234 
 01011   9.85 %  2015               3.00          110.80           8.5026 
 01011   9.85 %  2015               2.00          111.10           8.4680 
 01011   9.85 %  2015               2.00          111.03           8.4760 
 01011   9.85 %  2015               5.00          111.64           8.4060 
 01011   9.85 %  2015               5.00          110.90           8.4911 
 01011   9.85 %  2015               0.05          111.00           8.4795 
 01011   9.85 %  2015               5.00          111.15           8.4622 
 01011   9.85 %  2015               5.00          111.25           8.4507 
 01011   9.85 %  2015               5.00          111.00           8.4795 
 01011   9.85 %  2015               5.00          111.65           8.4048 
 01011   9.85 %  2015               5.00          110.89           8.4922 
 01011   9.85 %  2015               5.00          111.20           8.4565 
 01011   9.85 %  2015               5.00          112.10           8.3535 
 01011   9.85 %  2015               5.00          111.65           8.4048 
 01011   9.85 %  2015               5.00          110.40           8.5490 
 01011   9.85 %  2015               0.15          110.75           8.5084 
 01011   9.85 %  2015               1.00          110.50           8.5374 
 01011   9.85 %  2015               5.00          111.10           8.4680 
 01011   9.85 %  2015               5.00          111.10           8.4680 
 01011   9.85 %  2015               5.00          111.10           8.4680 
 01011   9.85 %  2015               5.00          110.60           8.5258 
 01011   9.85 %  2015               5.00          110.55           8.5316 
 01011   9.85 %  2015               5.00          111.25           8.4507 
 01011   9.85 %  2015               5.00          110.58           8.5281 
 01011   9.85 %  2015               5.00          110.40           8.5490 
 01011   9.85 %  2015               5.00          110.79           8.5038 
 01011   9.85 %  2015               5.00          111.00           8.4795 
 01011   9.85 %  2015               5.00          111.25           8.4507 
 01011   9.85 %  2015               5.00          110.45           8.5432 
 01011   9.85 %  2015               5.00          110.60           8.5258 
 01011   9.85 %  2015               5.00          111.75           8.3934 
 01003  10.71 %  2016              15.00          116.45           8.6774 
 01003  10.71 %  2016               5.00          116.45           8.6774 
 01004  10.45 %  2018               1.00          113.00           8.9206 
 98025  12.60 %  2018              10.00          130.425          9.0493 
 98025  12.60 %  2018               5.00          130.425          9.0493 
 01008  10.03 %  2019               1.00          109.92           8.9019 
 00008  10.70 %  2020               5.00          113.25           9.1884 
 01006  10.25 %  2021              10.00          111.25           9.0113 
 01010  10.18 %  2026               0.50          111.25           9.0320 
 01010  10.18 %  2026               1.50          111.60           8.9995 
 01010  10.18 %  2026               5.93          111.00           9.0553 
          Contract Date : December 29, 2001 
 97011  11.15 %  2002               0.06          102.80           6.7862  97011  11.15 %  2002              15.00          102.60           7.0872 
 97011  11.15 %  2002              10.00          102.60           7.0872 
 94003  12.50 %  2004               5.00          110.65           7.2364 
 00011  10.20 %  2005              15.00          108.55           7.4054 
 97010  11.19 %  2005              25.00          112.00           7.3481 
 97010  11.19 %  2005              25.00          112.05           7.3332 
 97010  11.19 %  2005               5.00          112.05           7.3332 
 99008  11.68 %  2006              15.00          115.35           7.4215 
 99008  11.68 %  2006              10.00          115.40           7.4088 
 00013  11.00 %  2006               5.00          112.98           7.5887 
 98009  11.90 %  2007              15.00          119.00           7.5554 
 00010  10.95 %  2011               5.00          116.00           8.4504 
 00010  10.95 %  2011               5.00          116.80           8.3379 
 00010  10.95 %  2011               5.00          116.75           8.3449 
 00010  10.95 %  2011               5.00          116.80           8.3379 
 00010  10.95 %  2011               5.00          115.88           8.4673 
 00010  10.95 %  2011               5.00          116.85           8.3309 
 00010  10.95 %  2011               5.00          116.90           8.3239 
 00010  10.95 %  2011               5.00          115.84           8.4730 
 00010  10.95 %  2011               5.00          115.875          8.4680 
 00017  11.50 %  2011               5.00          123.35           8.0338 
 00017  11.50 %  2011               5.00          123.45           8.0209 
 00017  11.50 %  2011               5.00          123.35           8.0338 
 00017  11.50 %  2011               5.00          123.15           8.0595 
 00017  11.50 %  2011              10.00          123.40           8.0273 
 00017  11.50 %  2011               5.00          123.30           8.0402 
 00017  11.50 %  2011               5.00          123.25           8.0466 
 00017  11.50 %  2011               5.00          123.40           8.0273 
 00017  11.50 %  2011               5.00          123.35           8.0338 
 00017  11.50 %  2011               5.00          123.40           8.0273 
 00017  11.50 %  2011               5.00          123.25           8.0466 
 00017  11.50 %  2011               5.00          123.25           8.0466 
 00017  11.50 %  2011               5.00          123.36           8.0325 
 00017  11.50 %  2011               5.00          123.36           8.0325 
 00017  11.50 %  2011               5.00          123.20           8.0531 
 00017  11.50 %  2011               5.00          123.26           8.0453 
 00017  11.50 %  2011               5.00          123.36           8.0325 
 00017  11.50 %  2011               5.00          123.40           8.0273 
 00017  11.50 %  2011               5.00          123.15           8.0595 
 00017  11.50 %  2011               5.00          123.42           8.0247 
 00017  11.50 %  2011               5.00          123.35           8.0338 
 00017  11.50 %  2011               5.00          123.40           8.0273 
 00017  11.50 %  2011               5.00          123.20           8.0531 
 00017  11.50 %  2011               5.00          123.00           8.0789 
 00017  11.50 %  2011               5.00          123.40           8.0273 
 00017  11.50 %  2011               5.00          123.25           8.0466 
 00017  11.50 %  2011               5.00          123.35           8.0338 
 00017  11.50 %  2011               5.00          123.40           8.0273 
 00017  11.50 %  2011               5.00          123.40           8.0273 
 00017  11.50 %  2011               5.00          123.05           8.0724 
 00017  11.50 %  2011               5.00          123.45           8.0209 
 00017  11.50 %  2011               5.00          123.45           8.0209 
 00017  11.50 %  2011              10.00          123.15           8.0595 
 00017  11.50 %  2011               5.00          123.25           8.0466 
 00012  11.03 %  2012               5.00          120.25           8.1332 
 00012  11.03 %  2012               5.00          120.30           8.1269  00012  11.03 %  2012              10.00          120.40           8.1143 
 00012  11.03 %  2012               5.00          120.35           8.1206 
 00012  11.03 %  2012               5.00          120.50           8.1017 
 00012  11.03 %  2012               5.00          120.25           8.1332 
 00012  11.03 %  2012               5.00          120.33           8.1231 
 00012  11.03 %  2012               5.00          120.20           8.1395 
 00012  11.03 %  2012               5.00          120.30           8.1269 
 00012  11.03 %  2012               5.00          120.40           8.1143 
 00012  11.03 %  2012               5.00          120.39           8.1156 
 00012  11.03 %  2012               5.00          120.35           8.1206 
 00012  11.03 %  2012               5.00          120.50           8.1017 
 00012  11.03 %  2012               5.00          120.20           8.1395 
 00012  11.03 %  2012               5.00          120.50           8.1017 
 00012  11.03 %  2012               5.00          120.25           8.1332 
 00012  11.03 %  2012               5.00          120.40           8.1143 
 00012  11.03 %  2012               5.00          120.40           8.1143 
 00012  11.03 %  2012               5.00          120.20           8.1395 
 00012  11.03 %  2012               5.00          120.60           8.0892 
 00012  11.03 %  2012               5.00          120.00           8.1648 
 00012  11.03 %  2012               5.00          120.12           8.1496 
 00012  11.03 %  2012               5.00          120.50           8.1017 
 00012  11.03 %  2012               5.00          120.25           8.1332 
 00012  11.03 %  2012               5.00          120.00           8.1648 
 00012  11.03 %  2012               5.00          120.30           8.1269 
 00012  11.03 %  2012               5.00          120.25           8.1332 
 00012  11.03 %  2012               5.00          120.20           8.1395 
 00012  11.03 %  2012               5.00          120.53           8.0980 
 00012  11.03 %  2012               5.00          120.53           8.0980 
 01009   9.40 %  2012               5.00          109.30           8.0819 
 01009   9.40 %  2012               5.00          109.12           8.1059 
 01009   9.40 %  2012               5.00          109.10           8.1086 
 01005   9.81 %  2013               5.00          111.52           8.2327 
 01005   9.81 %  2013               5.00          111.60           8.2226 
 01005   9.81 %  2013               5.00          110.95           8.3053 
 01005   9.81 %  2013               5.00          111.15           8.2798 
 01005   9.81 %  2013               5.00          110.85           8.3181 
 01005   9.81 %  2013               5.00          111.55           8.2289 
 01005   9.81 %  2013              10.00          111.50           8.2353 
 01005   9.81 %  2013               5.00          111.61           8.2213 
 01005   9.81 %  2013               5.00          111.90           8.1846 
 01005   9.81 %  2013               5.00          111.52           8.2327 
 01005   9.81 %  2013              10.00          111.58           8.2251 
 01005   9.81 %  2013               5.00          111.53           8.2315 
 01005   9.81 %  2013               5.00          110.18           8.4042 
 01005   9.81 %  2013              10.00          111.60           8.2226 
 01005   9.81 %  2013               5.00          111.60           8.2226 
 01005   9.81 %  2013               5.00          111.52           8.2327 
 01005   9.81 %  2013               5.00          111.55           8.2289 
 01005   9.81 %  2013              20.00          111.60           8.2226 
 84010  10.50 %  2014               0.35          112.80           8.8116 
 00015  11.43 %  2015              10.00          121.07           8.7485 
 00015  11.43 %  2015               5.00          122.00           8.6461 
 00015  11.43 %  2015               5.00          121.05           8.7507 
 00015  11.43 %  2015              10.00          122.00           8.6461 
 00015  11.43 %  2015               5.00          122.00           8.6461 
 00015  11.43 %  2015              10.00          121.07           8.7485  01011   9.85 %  2015              10.00          112.60           8.2966 
 01011   9.85 %  2015               5.00          112.30           8.3306 
 01011   9.85 %  2015               5.00          112.23           8.3385 
 01011   9.85 %  2015               5.00          112.40           8.3192 
 01011   9.85 %  2015               5.00          112.30           8.3306 
 01011   9.85 %  2015               5.00          112.40           8.3192 
 01011   9.85 %  2015               5.00          112.65           8.2909 
 01011   9.85 %  2015               2.00          112.22           8.3397 
 01011   9.85 %  2015               5.00          112.55           8.3022 
 01011   9.85 %  2015               5.00          112.65           8.2909 
 01011   9.85 %  2015               5.00          112.15           8.3476 
 01011   9.85 %  2015               5.00          112.32           8.3283 
 01011   9.85 %  2015               5.00          112.50           8.3079 
 01011   9.85 %  2015               5.00          112.55           8.3022 
 01011   9.85 %  2015               5.00          112.10           8.3533 
 01011   9.85 %  2015               5.00          112.35           8.3249 
 01011   9.85 %  2015               5.00          112.30           8.3306 
 01011   9.85 %  2015               5.00          112.28           8.3329 
 01011   9.85 %  2015               5.00          112.10           8.3533 
 01011   9.85 %  2015               5.00          112.35           8.3249 
 01011   9.85 %  2015               5.00          112.65           8.2909 
 01011   9.85 %  2015               0.50          111.17           8.4598 
 01011   9.85 %  2015               5.00          112.35           8.3249 
 01011   9.85 %  2015               5.00          112.40           8.3192 
 01011   9.85 %  2015               5.00          112.43           8.3158 
 01011   9.85 %  2015               5.00          112.45           8.3136 
 01011   9.85 %  2015               5.00          112.45           8.3136 
 01011   9.85 %  2015               5.00          111.00           8.4794 
 01011   9.85 %  2015               5.00          112.41           8.3181 
 01011   9.85 %  2015               5.00          112.41           8.3181 
 01011   9.85 %  2015               5.00          112.43           8.3158 
 01011   9.85 %  2015               5.00          112.33           8.3272 
 01011   9.85 %  2015               5.00          112.30           8.3306 
 01011   9.85 %  2015               5.00          112.33           8.3272 
 01011   9.85 %  2015               5.00          112.55           8.3022 
 01011   9.85 %  2015               5.00          112.20           8.3419 
 01011   9.85 %  2015               5.00          112.30           8.3306 
 01011   9.85 %  2015               5.00          112.35           8.3249 
 01011   9.85 %  2015               5.00          112.40           8.3192 
 01011   9.85 %  2015               5.00          112.50           8.3079 
 01011   9.85 %  2015               5.00          112.55           8.3022 
 01011   9.85 %  2015               5.00          112.25           8.3363 
 01011   9.85 %  2015               5.00          112.65           8.2909 
 01011   9.85 %  2015               5.00          111.10           8.4678 
 01011   9.85 %  2015               5.00          112.25           8.3363 
 01011   9.85 %  2015               5.00          112.30           8.3306 
 01011   9.85 %  2015               5.00          112.40           8.3192 
 01011   9.85 %  2015               5.00          112.65           8.2909 
 01003  10.71 %  2016               5.00          117.59           8.5522 
 01003  10.71 %  2016               5.00          117.50           8.5620 
 01003  10.71 %  2016               5.00          117.60           8.5511 
 00018  11.60 %  2020               0.40          124.50           8.9030 
 01010  10.18 %  2026               2.00          111.60           8.9994 
 01010  10.18 %  2026               5.00          112.75           8.8938 
     Total                       2030.35 
 B. State Government Securities 
          Contract Date : December 28, 2001 
 94223 12.50% TAMILNADU SDL 2004    0.80          109.25          8.0451 
 95222 14.00% TAMILNADU S.D.L. 
       2005                         0.06          116.25          8.3988 
 92215 13.00% MAHARASHTRA S.D. 
       2007                         0.0553        115.25          9.4114 
 00206 11% AP SDL 2010              0.0225        111.00          9.0696 
 01289 8.37% MAHARASHTRA SDL 
       2011(ON TAP)                 1.70          100.00          8.3695 
     Total                          2.6378 
 
C. Treasury Bills 
   (i) 14 Day Bills (Maturity-wise) 
       (DD/MM/YYYY) 
                                           NIL 
   (ii) 91 Day Bills (Maturity-wise) 
       (DD/MM/YYYY) 
          Contract Date : December 28, 2001 
        01/02/2002                  4.00           99.3522         6.7810 
        15/03/2002                  1.00           98.5533         6.9393 
        22/03/2002                  1.00           98.4442         6.8483 
        29/03/2002                  1.00           98.2485         7.1309 
        29/03/2002                 20.00           98.2437         7.1508 
          Contract Date : December 29, 2001 
        04/01/2002                  5.315          99.8851         6.9786 
        11/01/2002                  7.00           99.7513         6.9810 
        16/02/2002                  0.55           99.0690         6.9810 
     Total                         39.865 
   (iii) 182 Day Bills (Maturity-wise) 
       (DD/MM/YYYY) 
                                           NIL 
   (iv) 364 Day Bills (Maturity-wise) 
       (DD/MM/YYYY) 
          Contract Date : December 28, 2001 
        21/02/2002                  5.00           98.9243         7.1966 
        27/12/2002                 15.00           93.2920         7.1903 
        27/12/2002                  1.75           93.3006         7.1804 
        27/12/2002                  3.25           93.3006         7.1804 
          Contract Date : December 29, 2001 
        17/05/2002                 10.00           97.3673         7.0807 
        06/09/2002                 19.75           95.2511         7.2302 
        27/12/2002                  4.00           93.3439         7.1504 
        27/12/2002                 20.00           93.3179         7.1803 
        27/12/2002                 25.00           93.3179         7.1803 
     Total                        103.75 
 
II.  REPO Transactions * 
    (Other than with RBI) 
 
--------------------------------------------------------------------------- 
 Loan  Nomenclature                Amount      Price *   Repo Rate   Repo 
 Code                            (Face Value) Per Rs.100   (%pa)    Period 
                                 (in Rs.Crore) Nominal              (Days) 
           (1)                      (2)          (3)        (4)      (5) 
--------------------------------------------------------------------------- A. Government of India Dated Securities 
 00012  11.03 %  2012              22.00      118.79        7.25       1 
 94003  12.50 %  2004              15.00      110.30        8.15       2 
 94003  12.50 %  2004              15.00      110.30        8.15       2 
 94003  12.50 %  2004              15.00      110.30        8.15       2 
 94003  12.50 %  2004              15.00      110.30        8.15       2 
 94003  12.50 %  2004              15.00      110.30        8.15       2 
 01013   6.99 %  2009              25.00      100.00        7.40      16 
 01013   6.99 %  2009              75.00      100.00        7.40       2 
 00010  10.95 %  2011               5.00      116.50        9.50       3 
 00010  10.95 %  2011               5.00      116.50        9.50       3 
 00012  11.03 %  2012               5.00      107.00       10.00       2 
 01009   9.40 %  2012              36.00      108.75        7.35       2 
 99020  11.83 %  2014              20.00      123.00        8.10       2 
 99020  11.83 %  2014              20.00      123.00        8.10       2 
 99020  11.83 %  2014              20.00      123.00        8.10       2 
 99020  11.83 %  2014              20.00      123.00        8.10       2 
 99020  11.83 %  2014              20.00      123.00        8.10       2 
 99020  11.83 %  2014              20.00      123.00        8.10       2 
 99020  11.83 %  2014              20.00      123.00        8.10       2 
 99020  11.83 %  2014              20.00      123.00        8.10       2 
 99020  11.83 %  2014              20.00      123.00        8.10       2 
 01001  10.47 %  2015              10.00      103.00        9.50       2 
 00015  11.43 %  2015              10.00      109.00       10.25       2 
 01004  10.45 %  2018              20.00      114.50        8.10       2 
 01004  10.45 %  2018              20.00      114.50        8.10       2 
 01004  10.45 %  2018              20.00      114.50        8.10       2 
 01004  10.45 %  2018              20.00      114.50        8.10       2 
 01004  10.45 %  2018              20.00      114.50        8.10       2 
 01004  10.45 %  2018              20.00      114.50        8.10       2 
 98025  12.60 %  2018(ON TAP)       5.00      130.00        9.50       2 
 00018  11.60 %  2020               5.00      125.00        9.50       2 
 01006  10.25 %  2021              10.00      100.00       10.00       2 
     Total                        588.00 
B. State Government Securities 
                                           NIL 
C. Treasury Bills 
   (i) 14 Day Bills (Maturity-wise) 
      (DD/MM/YYYY) 
                                           NIL 
   (ii) 91 Day Bills (Maturity-wise) 
      (DD/MM/YYYY) 
                                           NIL 
   (iii) 182 Day Bills (Maturity-wise) 
      (DD/MM/YYYY) 
                                           NIL 
   (iv) 364 Day Bills (Maturity-wise) 
       (DD/MM/YYYY) 
                                           NIL 
----------------------------------------------------------------------------- 
 
  * Relate to the first leg of Repos 
  # YTM(indicative) will depend upon assumed rate of inflation 
Date :  29 December 2001 