Subsidiary General Ledger Account Transactions
in Government Dated Securities and Treasury Bills
at RBI, Mumbai on 30 October 2001
---------------------------------------------------------------------------
 Loan  Nomenclature              Amount           Price *        YTM %
 Code                            (Face Value)     Per Rs.100   Indicative
                                 (in Rs.Crore)    nominal
---------------------------------------------------------------------------
I.  Outright Transactions
A.Government of India Dated Securities
          Contract Date : October 23, 2001
 01003  10.71 %  2016               5.00          108.90           9.5621
          Contract Date : October 27, 2001
 01010  10.18 %  2026               1.00          102.80           9.8734
          Contract Date : October 29, 2001
 94003  12.50 %  2004               5.00          112.02           6.9669
 94003  12.50 %  2004              10.00          112.03           6.9626
 97010  11.19 %  2005               5.00          113.26           7.1251
 97010  11.19 %  2005               5.00          113.26           7.1251
 97010  11.19 %  2005               5.00          113.27           7.1223
 97010  11.19 %  2005               5.00          113.28           7.1195
 97010  11.19 %  2005              10.00          113.27           7.1223
 99008  11.68 %  2006              10.00          116.65           7.2324
 99008  11.68 %  2006               5.00          116.66           7.2300
 99008  11.68 %  2006               5.00          116.68           7.2252
 99008  11.68 %  2006               5.00          116.66           7.2300
 99008  11.68 %  2006              10.00          116.65           7.2324
 98005  11.75 %  2006               5.00          116.72           7.2925
 98005  11.75 %  2006               5.00          116.70           7.2974
 86007  11.50 %  2006              20.00          115.21           7.4821
 00013  11.00 %  2006               5.00          114.78           7.2577
 00013  11.00 %  2006               5.00          114.81           7.2508
 00013  11.00 %  2006               5.00          114.75           7.2647
 00013  11.00 %  2006              10.00          114.75           7.2647
 00013  11.00 %  2006               5.00          114.75           7.2647
 98009  11.90 %  2007               5.00          118.43           7.7643
 98009  11.90 %  2007               5.00          118.50           7.7502
 98009  11.90 %  2007               5.00          118.60           7.7301
 98009  11.90 %  2007               5.00          118.60           7.7301
 88008  11.50 %  2008               0.50          116.31           8.2324
 00016  11.40 %  2008               5.00          117.87           7.9568
 00016  11.40 %  2008              10.00          117.93           7.9465
 00016  11.40 %  2008               5.00          117.91           7.9499
 00016  11.40 %  2008               5.00          117.89           7.9534
 00016  11.40 %  2008               5.00          117.93           7.9465
 00016  11.40 %  2008               5.00          117.89           7.9534
 00016  11.40 %  2008               5.00          117.85           7.9603
 00016  11.40 %  2008               5.00          117.87           7.9568
 00016  11.40 %  2008               5.00          117.90           7.9516
 00016  11.40 %  2008               5.00          117.92           7.9482
 00016  11.40 %  2008               5.00          117.91           7.9499 00016  11.40 %  2008               5.00          117.85           7.9603
 00016  11.40 %  2008               5.00          117.93           7.9465
 00016  11.40 %  2008               5.00          117.93           7.9465
 00016  11.40 %  2008               5.00          117.91           7.9499
 00016  11.40 %  2008               5.00          117.86           7.9586
 00016  11.40 %  2008               5.00          117.90           7.9516
 00016  11.40 %  2008               5.00          117.90           7.9516
 00016  11.40 %  2008               5.00          117.87           7.9568
 00016  11.40 %  2008               5.00          117.90           7.9516
 00016  11.40 %  2008               5.00          117.87           7.9568
 00016  11.40 %  2008               5.00          117.91           7.9499
 99006  11.99 %  2009               5.00          118.30           8.6058
 99006  11.99 %  2009               5.00          118.30           8.6058
 99006  11.99 %  2009               5.00          118.18           8.6256
 99006  11.99 %  2009               5.00          118.25           8.6140
 99006  11.99 %  2009               5.00          118.25           8.6140
 99006  11.99 %  2009               5.00          118.25           8.6140
 99006  11.99 %  2009               5.00          118.27           8.6107
 99006  11.99 %  2009               5.00          118.35           8.5975
 99006  11.99 %  2009              15.00          118.35           8.5975
 99006  11.99 %  2009               5.00          118.45           8.5810
 99006  11.99 %  2009               5.00          118.45           8.5810
 99006  11.99 %  2009               5.00          118.45           8.5810
 99006  11.99 %  2009               5.00          118.45           8.5810
 99006  11.99 %  2009               5.00          118.25           8.6140
 99006  11.99 %  2009               5.00          118.25           8.6140
 99006  11.99 %  2009               5.00          118.25           8.6140
 99006  11.99 %  2009               5.00          118.35           8.5975
 99006  11.99 %  2009               5.00          118.20           8.6223
 99006  11.99 %  2009               5.00          118.44           8.5826
 99006  11.99 %  2009               5.00          118.25           8.6140
 99006  11.99 %  2009               5.00          118.45           8.5810
 99006  11.99 %  2009               5.00          118.45           8.5810
 99004  12.29 %  2010              10.00          117.40           9.2253
 99004  12.29 %  2010               5.00          117.25           9.2490
 99004  12.29 %  2010               5.00          117.60           9.1938
 99004  12.29 %  2010               5.00          117.50           9.2095
 99004  12.29 %  2010               5.00          117.65           9.1859
 80003   7.50 %  2010               6.00           96.65           8.0493
 98015  12.25 %  2010               5.00          117.75           9.2271
 98015  12.25 %  2010               5.00          117.88           9.2073
 00014  11.30 %  2010               5.00          115.44           8.7341
 00014  11.30 %  2010               5.00          115.23           8.7657
 00014  11.30 %  2010               5.00          115.37           8.7446
 00014  11.30 %  2010               5.00          115.45           8.7326
 00014  11.30 %  2010               5.00          115.44           8.7341
 00014  11.30 %  2010               5.00          115.43           8.7356
 99005  12.32 %  2011               5.00          118.50           9.2900
 99005  12.32 %  2011               5.00          118.48           9.2929
 99005  12.32 %  2011               5.00          118.54           9.2841
 99005  12.32 %  2011              10.00          118.53           9.2856
 99005  12.32 %  2011               5.00          118.55           9.2827
 99005  12.32 %  2011               5.00          118.47           9.2943
 99005  12.32 %  2011               5.00          118.47           9.2943
 81005   8.00 %  2011               0.19           95.00           8.7872
 00010  10.95 %  2011              10.00          112.25           9.0120
 01007   9.39 %  2011               1.00          103.20           8.8864 01007   9.39 %  2011               5.00          103.39           8.8574
 01007   9.39 %  2011               5.00          103.39           8.8574
 01007   9.39 %  2011               5.00          103.43           8.8513
 01007   9.39 %  2011              10.00          103.52           8.8376
 01007   9.39 %  2011              10.00          103.52           8.8376
 01007   9.39 %  2011               5.00          103.40           8.8559
 01007   9.39 %  2011               5.00          103.40           8.8559
 01007   9.39 %  2011               5.00          103.53           8.8361
 01007   9.39 %  2011               5.00          103.52           8.8376
 01007   9.39 %  2011               5.00          103.51           8.8391
 01007   9.39 %  2011               5.00          103.51           8.8391
 01007   9.39 %  2011              15.00          103.515          8.8384
 01007   9.39 %  2011               1.00          103.05           8.9094
 01007   9.39 %  2011               1.00          103.30           8.8712
 01007   9.39 %  2011              10.00          103.47           8.8452
 01007   9.39 %  2011               5.00          103.39           8.8574
 01007   9.39 %  2011               5.00          103.42           8.8528
 01007   9.39 %  2011               0.0102        102.00           9.0714
 01007   9.39 %  2011               5.00          103.52           8.8376
 01007   9.39 %  2011               5.00          103.52           8.8376
 01007   9.39 %  2011              10.00          103.50           8.8407
 01007   9.39 %  2011               5.00          103.50           8.8407
 01007   9.39 %  2011               5.00          103.41           8.8544
 01007   9.39 %  2011               5.00          103.50           8.8407
 00017  11.50 %  2011               5.00          117.18           8.8812
 00017  11.50 %  2011               5.00          117.25           8.8716
 00017  11.50 %  2011               5.00          117.29           8.8662
 00017  11.50 %  2011               5.00          117.29           8.8662
 00017  11.50 %  2011               5.00          117.29           8.8662
 00017  11.50 %  2011               5.00          117.22           8.8757
 00017  11.50 %  2011               5.00          117.21           8.8771
 00017  11.50 %  2011               5.00          117.275          8.8682
 00017  11.50 %  2011              25.00          117.28           8.8675
 00017  11.50 %  2011               5.00          117.27           8.8689
 00017  11.50 %  2011               5.00          117.24           8.8730
 00017  11.50 %  2011               5.00          117.27           8.8689
 00017  11.50 %  2011               5.00          117.275          8.8682
 00012  11.03 %  2012               5.00          113.90           8.9794
 00012  11.03 %  2012               5.00          113.88           8.9821
 00012  11.03 %  2012              10.00          114.00           8.9660
 00012  11.03 %  2012               5.00          113.99           8.9673
 00012  11.03 %  2012               5.00          114.00           8.9660
 00012  11.03 %  2012               5.00          113.84           8.9875
 00012  11.03 %  2012               5.00          113.84           8.9875
 00012  11.03 %  2012               1.00          113.83           8.9888
 00012  11.03 %  2012               5.00          113.90           8.9794
 00012  11.03 %  2012               5.00          113.96           8.9713
 00012  11.03 %  2012               5.00          113.96           8.9713
 00012  11.03 %  2012               5.00          113.96           8.9713
 00012  11.03 %  2012               0.02          113.35           9.0536
 00012  11.03 %  2012               5.00          114.00           8.9660
 00012  11.03 %  2012               5.00          114.00           8.9660
 00012  11.03 %  2012               5.00          113.95           8.9727
 00012  11.03 %  2012               5.00          113.995          8.9666
 00012  11.03 %  2012               5.00          113.82           8.9902
 00012  11.03 %  2012               5.00          114.00           8.9660
 00012  11.03 %  2012               5.00          114.00           8.9660 00012  11.03 %  2012               5.00          113.84           8.9875
 00012  11.03 %  2012              10.00          113.84           8.9875
 00012  11.03 %  2012               5.00          113.825          8.9895
 00012  11.03 %  2012               5.00          113.995          8.9666
 00012  11.03 %  2012               5.00          114.00           8.9660
 00012  11.03 %  2012               5.00          113.84           8.9875
 00012  11.03 %  2012              10.00          114.00           8.9660
 00012  11.03 %  2012               5.00          114.00           8.9660
 00012  11.03 %  2012              10.00          114.00           8.9660
 00012  11.03 %  2012               5.00          114.00           8.9660
 00012  11.03 %  2012               5.00          114.03           8.9619
 00012  11.03 %  2012               5.00          114.00           8.9660
 00012  11.03 %  2012              10.00          114.00           8.9660
 00012  11.03 %  2012               5.00          114.03           8.9619
 00012  11.03 %  2012               5.00          114.00           8.9660
 00012  11.03 %  2012              10.00          114.00           8.9660
 00012  11.03 %  2012              10.00          114.03           8.9619
 00012  11.03 %  2012              15.00          114.00           8.9660
 00012  11.03 %  2012              10.00          114.03           8.9619
 00012  11.03 %  2012              10.00          113.85           8.9861
 00012  11.03 %  2012               5.00          113.83           8.9888
 00012  11.03 %  2012               5.00          113.99           8.9673
 00012  11.03 %  2012               2.00          113.83           8.9888
 00012  11.03 %  2012               5.00          113.88           8.9821
 00012  11.03 %  2012               5.00          113.90           8.9794
 00012  11.03 %  2012               5.00          113.95           8.9727
 01009   9.40 %  2012               5.00          103.10           8.9452
 01009   9.40 %  2012               1.00          103.05           8.9523
 01009   9.40 %  2012               1.00          103.08           8.9480
 01009   9.40 %  2012              10.00          103.20           8.9309
 01009   9.40 %  2012               1.00          102.70           9.0024
 01009   9.40 %  2012               4.00          103.00           8.9595
 01009   9.40 %  2012               0.50          102.75           8.9952
 01009   9.40 %  2012               3.00          103.10           8.9452
 01009   9.40 %  2012               5.00          103.17           8.9352
 01009   9.40 %  2012               5.00          103.00           8.9595
 01009   9.40 %  2012               5.00          103.00           8.9595
 01009   9.40 %  2012               3.00          103.08           8.9480
 01009   9.40 %  2012               0.50          103.00           8.9595
 01009   9.40 %  2012               5.00          103.12           8.9423
 01009   9.40 %  2012               5.00          103.20           8.9309
 01009   9.40 %  2012               5.00          103.10           8.9452
 01009   9.40 %  2012               0.50          103.12           8.9423
 01009   9.40 %  2012               5.00          103.25           8.9238
 82005   9.00 %  2013               1.00          100.35           8.9492
 82005   9.00 %  2013               0.50          100.25           8.9632
 82005   9.00 %  2013               0.50          100.55           8.9212
 01005   9.81 %  2013               5.00          105.135          9.0821
 01005   9.81 %  2013               5.00          105.14           9.0814
 01005   9.81 %  2013               5.00          105.14           9.0814
 01005   9.81 %  2013               1.00          105.00           9.1006
 01005   9.81 %  2013              10.00          105.14           9.0814
 01005   9.81 %  2013              10.00          104.88           9.1170
 01005   9.81 %  2013              10.00          104.88           9.1170
 01005   9.81 %  2013              10.00          105.00           9.1006
 01005   9.81 %  2013               5.00          105.00           9.1006
 01005   9.81 %  2013               5.00          105.00           9.1006 01005   9.81 %  2013              10.00          105.12           9.0842
 01005   9.81 %  2013               5.00          104.90           9.1142
 01005   9.81 %  2013               5.00          105.10           9.0869
 01005   9.81 %  2013               5.00          105.00           9.1006
 01005   9.81 %  2013               5.00          105.12           9.0842
 01005   9.81 %  2013               5.00          105.09           9.0883
 01005   9.81 %  2013               0.50          104.98           9.1033
 01005   9.81 %  2013               5.00          105.00           9.1006
 01005   9.81 %  2013               5.00          105.00           9.1006
 01005   9.81 %  2013               5.00          105.12           9.0842
 01005   9.81 %  2013              10.00          104.88           9.1170
 01005   9.81 %  2013               3.00          105.17           9.0773
 01005   9.81 %  2013               5.00          105.15           9.0801
 01005   9.81 %  2013               1.00          104.70           9.1417
 01005   9.81 %  2013               5.00          105.14           9.0814
 01005   9.81 %  2013               5.00          104.92           9.1115
 01005   9.81 %  2013               5.00          104.95           9.1074
 01005   9.81 %  2013               5.00          105.00           9.1006
 01005   9.81 %  2013               5.00          105.12           9.0842
 01005   9.81 %  2013               5.00          105.12           9.0842
 01005   9.81 %  2013               5.00          104.98           9.1033
 01005   9.81 %  2013               5.00          105.03           9.0965
 01005   9.81 %  2013               5.00          104.95           9.1074
 01005   9.81 %  2013               5.00          104.95           9.1074
 01005   9.81 %  2013               5.00          105.13           9.0828
 01005   9.81 %  2013               5.00          105.14           9.0814
 01005   9.81 %  2013               5.00          104.95           9.1074
 01005   9.81 %  2013               5.00          105.12           9.0842
 01005   9.81 %  2013               5.00          105.00           9.1006
 01005   9.81 %  2013               5.00          105.13           9.0828
 01005   9.81 %  2013               5.00          104.90           9.1142
 01005   9.81 %  2013               5.00          104.945          9.1081
 01005   9.81 %  2013               5.00          104.96           9.1060
 01005   9.81 %  2013               5.00          105.13           9.0828
 01005   9.81 %  2013               5.00          105.12           9.0842
 01005   9.81 %  2013               5.00          105.08           9.0896
 01005   9.81 %  2013               5.00          104.91           9.1129
 98021  12.40 %  2013              10.00          119.30           9.6245
 98021  12.40 %  2013               5.00          119.25           9.6308
 98021  12.40 %  2013               5.00          119.41           9.6106
 98021  12.40 %  2013               5.00          119.40           9.6118
 83004  10.00 %  2014              10.00          103.55           9.5081
 84010  10.50 %  2014               1.00          106.50           9.6136
 84010  10.50 %  2014               1.00          106.75           9.5811
 99020  11.83 %  2014               5.00          116.30           9.6095
 01001  10.47 %  2015               5.00          107.42           9.4727
 01001  10.47 %  2015               5.00          107.60           9.4499
 01001  10.47 %  2015               5.00          107.60           9.4499
 01001  10.47 %  2015               5.00          107.56           9.4549
 01001  10.47 %  2015               5.00          107.62           9.4473
 01001  10.47 %  2015               5.00          107.53           9.4588
 01001  10.47 %  2015               5.00          107.61           9.4486
 01001  10.47 %  2015              10.00          107.60           9.4499
 01001  10.47 %  2015              10.00          107.58           9.4524
 01001  10.47 %  2015              10.00          107.60           9.4499
 01001  10.47 %  2015               5.00          107.57           9.4537
 01001  10.47 %  2015               1.00          107.20           9.5007 01001  10.47 %  2015               5.00          107.43           9.4715
 01001  10.47 %  2015               5.00          107.55           9.4562
 01001  10.47 %  2015               5.00          107.46           9.4676
 01001  10.47 %  2015               5.00          107.53           9.4588
 01001  10.47 %  2015               5.00          107.60           9.4499
 01001  10.47 %  2015               5.00          107.60           9.4499
 01001  10.47 %  2015              10.00          107.64           9.4448
 01001  10.47 %  2015               5.00          107.59           9.4511
 01001  10.47 %  2015              10.00          107.50           9.4626
 01001  10.47 %  2015               5.00          107.55           9.4562
 85007  11.50 %  2015               1.00          113.65           9.6702
 00015  11.43 %  2015              10.00          114.60           9.5029
 00015  11.43 %  2015               5.00          114.535          9.5107
 00015  11.43 %  2015               5.00          114.62           9.5005
 00015  11.43 %  2015               1.00          114.34           9.5339
 00015  11.43 %  2015               5.00          114.60           9.5029
 00015  11.43 %  2015               5.00          114.58           9.5053
 00015  11.43 %  2015               5.00          114.60           9.5029
 00015  11.43 %  2015               5.00          114.47           9.5184
 00015  11.43 %  2015               5.00          114.47           9.5184
 00015  11.43 %  2015               5.00          114.47           9.5184
 00015  11.43 %  2015               5.00          114.55           9.5089
 00015  11.43 %  2015               5.00          114.61           9.5017
 00015  11.43 %  2015              10.00          114.36           9.5315
 01011   9.85 %  2015               0.40          103.50           9.3939
 01011   9.85 %  2015               5.00          103.88           9.3459
 01011   9.85 %  2015               5.00          103.95           9.3371
 01011   9.85 %  2015               5.00          103.95           9.3371
 01011   9.85 %  2015               5.00          103.94           9.3383
 01011   9.85 %  2015               5.00          103.95           9.3371
 01011   9.85 %  2015               5.00          103.95           9.3371
 01011   9.85 %  2015               5.00          103.95           9.3371
 01011   9.85 %  2015               5.00          103.90           9.3434
 01011   9.85 %  2015               0.388         104.10           9.3182
 01011   9.85 %  2015              10.00          103.88           9.3459
 01011   9.85 %  2015              10.00          103.88           9.3459
 01011   9.85 %  2015               5.00          104.14           9.3131
 01011   9.85 %  2015               5.00          104.14           9.3131
 01011   9.85 %  2015               5.00          103.91           9.3421
 01011   9.85 %  2015               5.00          103.99           9.3320
 01011   9.85 %  2015               5.00          104.10           9.3182
 01011   9.85 %  2015               5.00          104.11           9.3169
 01011   9.85 %  2015               5.00          103.96           9.3358
 01011   9.85 %  2015               5.00          104.07           9.3219
 01011   9.85 %  2015               5.00          103.85           9.3497
 01011   9.85 %  2015               5.00          104.09           9.3194
 01011   9.85 %  2015               5.00          104.05           9.3245
 01011   9.85 %  2015               5.00          104.04           9.3257
 01011   9.85 %  2015              10.00          104.05           9.3245
 01011   9.85 %  2015               5.00          104.05           9.3245
 01011   9.85 %  2015               5.00          104.05           9.3245
 01011   9.85 %  2015               5.00          104.05           9.3245
 01011   9.85 %  2015               0.50          104.01           9.3295
 01011   9.85 %  2015               0.75          104.25           9.2993
 01011   9.85 %  2015               5.00          104.09           9.3194
 01011   9.85 %  2015               5.00          103.97           9.3345
 01011   9.85 %  2015               1.50          104.00           9.3308 01011   9.85 %  2015               1.00          103.95           9.3371
 01011   9.85 %  2015               5.00          103.99           9.3320
 01011   9.85 %  2015               5.00          104.10           9.3182
 01011   9.85 %  2015               5.00          104.07           9.3219
 01011   9.85 %  2015               5.00          104.04           9.3257
 01011   9.85 %  2015               0.40          103.35           9.4130
 01011   9.85 %  2015               5.00          103.97           9.3345
 01011   9.85 %  2015               5.00          104.07           9.3219
 01011   9.85 %  2015               5.00          104.10           9.3182
 01011   9.85 %  2015               5.00          104.14           9.3131
 01011   9.85 %  2015              10.00          103.80           9.3560
 01011   9.85 %  2015               5.00          104.15           9.3119
 01011   9.85 %  2015               5.00          104.01           9.3295
 01011   9.85 %  2015               5.00          103.94           9.3383
 01011   9.85 %  2015               5.00          103.94           9.3383
 01011   9.85 %  2015               5.00          103.94           9.3383
 01011   9.85 %  2015               5.00          103.93           9.3396
 01011   9.85 %  2015               5.00          103.93           9.3396
 01011   9.85 %  2015               5.00          104.10           9.3182
 01011   9.85 %  2015              10.00          104.07           9.3219
 01011   9.85 %  2015               5.00          103.95           9.3371
 01011   9.85 %  2015               1.00          103.79           9.3572
 01011   9.85 %  2015               1.00          103.75           9.3623
 01011   9.85 %  2015               1.00          103.93           9.3396
 01011   9.85 %  2015               0.63          104.14           9.3131
 01011   9.85 %  2015               5.00          104.10           9.3182
 01011   9.85 %  2015               5.00          103.92           9.3408
 01011   9.85 %  2015               5.00          104.00           9.3308
 01011   9.85 %  2015               5.00          103.87           9.3471
 01011   9.85 %  2015               5.00          104.14           9.3131
 01011   9.85 %  2015               1.00          103.91           9.3421
 01011   9.85 %  2015               4.30          103.80           9.3560
 01011   9.85 %  2015               5.70          103.80           9.3560
 01011   9.85 %  2015               5.00          104.14           9.3131
 01011   9.85 %  2015               5.00          103.94           9.3383
 01011   9.85 %  2015               5.00          104.00           9.3308
 01011   9.85 %  2015               5.00          104.03           9.3270
 01011   9.85 %  2015               5.00          104.09           9.3194
 01011   9.85 %  2015               5.00          104.06           9.3232
 01011   9.85 %  2015               5.00          104.10           9.3182
 01011   9.85 %  2015               5.00          104.00           9.3308
 01011   9.85 %  2015               5.00          103.91           9.3421
 01011   9.85 %  2015               5.00          104.10           9.3182
 01011   9.85 %  2015               5.00          103.83           9.3522
 01011   9.85 %  2015               5.00          104.05           9.3245
 01011   9.85 %  2015               5.00          104.04           9.3257
 01011   9.85 %  2015              25.00          103.94           9.3383
 01011   9.85 %  2015               5.00          103.94           9.3383
 01011   9.85 %  2015              10.00          104.145          9.3125
 01011   9.85 %  2015               5.00          103.95           9.3371
 01011   9.85 %  2015               5.00          104.14           9.3131
 01011   9.85 %  2015               5.00          103.93           9.3396
 01011   9.85 %  2015               5.00          104.00           9.3308
 01011   9.85 %  2015               5.00          104.02           9.3282
 01003  10.71 %  2016               5.00          108.75           9.5793
 01003  10.71 %  2016               5.00          109.00           9.5490
 01003  10.71 %  2016               5.00          109.00           9.5490 01003  10.71 %  2016               5.00          108.95           9.5550
 01003  10.71 %  2016               5.00          108.835          9.5690
 01003  10.71 %  2016               5.00          108.81           9.5720
 01003  10.71 %  2016              25.00          108.81           9.5720
 01003  10.71 %  2016              10.00          108.81           9.5720
 01003  10.71 %  2016               5.00          108.81           9.5720
 01003  10.71 %  2016              10.00          108.82           9.5708
 01003  10.71 %  2016              10.00          109.00           9.5490
 01003  10.71 %  2016              15.00          108.995          9.5496
 01003  10.71 %  2016              10.00          108.79           9.5744
 01003  10.71 %  2016               5.00          108.79           9.5744
 01003  10.71 %  2016               5.00          108.99           9.5502
 01003  10.71 %  2016               5.00          109.00           9.5490
 01003  10.71 %  2016               5.00          108.97           9.5526
 01003  10.71 %  2016              10.00          109.00           9.5490
 01003  10.71 %  2016              10.00          109.00           9.5490
 01003  10.71 %  2016               5.00          109.00           9.5490
 01003  10.71 %  2016               5.00          108.85           9.5671
 01003  10.71 %  2016               5.00          108.90           9.5611
 01003  10.71 %  2016               5.00          108.85           9.5671
 01003  10.71 %  2016               5.00          109.00           9.5490
 01003  10.71 %  2016               5.00          109.00           9.5490
 01004  10.45 %  2018               5.00          105.95           9.7190
 01004  10.45 %  2018               1.00          106.00           9.7131
 01004  10.45 %  2018               3.50          106.00           9.7131
 01004  10.45 %  2018               1.00          106.03           9.7096
 01004  10.45 %  2018               1.00          106.05           9.7072
 01004  10.45 %  2018               2.00          106.10           9.7014
 01004  10.45 %  2018               3.00          106.35           9.6721
 01004  10.45 %  2018               0.50          105.25           9.8017
 01008  10.03 %  2019               5.00          102.18           9.7657
 01008  10.03 %  2019               5.00          102.65           9.7106
 01008  10.03 %  2019               5.00          102.69           9.7060
 01008  10.03 %  2019               6.50          102.67           9.7083
 01008  10.03 %  2019               2.00          102.70           9.7048
 01008  10.03 %  2019               1.00          102.62           9.7141
 01008  10.03 %  2019               5.00          102.80           9.6931
 01008  10.03 %  2019               0.75          102.22           9.7610
 01008  10.03 %  2019               5.00          102.57           9.7200
 01008  10.03 %  2019               5.00          102.15           9.7692
 01008  10.03 %  2019               7.423         102.60           9.7165
 00008  10.70 %  2020               2.00          107.65           9.7957
 00008  10.70 %  2020               5.00          107.35           9.8292
 01006  10.25 %  2021               5.00          103.89           9.7977
 01006  10.25 %  2021               0.02          104.00           9.7853
 01006  10.25 %  2021              45.00          103.88           9.7988
 01006  10.25 %  2021               5.00          104.00           9.7853
 01006  10.25 %  2021               3.00          104.00           9.7853
 01006  10.25 %  2021               1.50          103.55           9.8359
 01006  10.25 %  2021              25.00          104.095          9.7747
 01006  10.25 %  2021              10.00          104.095          9.7747
 01006  10.25 %  2021               0.25          103.80           9.8078
 01006  10.25 %  2021               0.19          103.75           9.8134
 01006  10.25 %  2021               1.00          103.15           9.8812
 01006  10.25 %  2021               0.50          104.08           9.7764
 01006  10.25 %  2021               0.50          104.08           9.7764
 01006  10.25 %  2021               2.00          104.00           9.7853 01006  10.25 %  2021               5.00          103.91           9.7954
 01006  10.25 %  2021               5.00          103.87           9.7999
 01006  10.25 %  2021               5.00          104.11           9.7730
 01010  10.18 %  2026               0.623         102.90           9.8627
 01010  10.18 %  2026               5.00          103.18           9.8331
 01010  10.18 %  2026               0.10          103.20           9.8310
 01010  10.18 %  2026               2.00          103.15           9.8362
 01010  10.18 %  2026               0.50          103.10           9.8415
 01010  10.18 %  2026               5.00          103.43           9.8068
 01010  10.18 %  2026               1.00          103.10           9.8415
 01010  10.18 %  2026               0.15          103.10           9.8415
 01010  10.18 %  2026               5.00          103.32           9.8183
 01010  10.18 %  2026               1.00          103.25           9.8257
 01010  10.18 %  2026               1.00          103.30           9.8204
 01010  10.18 %  2026               3.00          103.15           9.8362
 01010  10.18 %  2026               5.00          103.18           9.8331
 01010  10.18 %  2026               0.50          103.08           9.8436
          Contract Date : October 30, 2001
 95005  13.80 %  2002               0.50          104.08           6.5307
 97011  11.15 %  2002              10.00          103.41           6.8582
 97011  11.15 %  2002              40.00          103.39           6.8824
 97011  11.15 %  2002              10.00          103.40           6.8703
 97011  11.15 %  2002              10.00          103.40           6.8703
 97011  11.15 %  2002              30.00          103.40           6.8703
 97011  11.15 %  2002              10.00          103.40           6.8703
 97011  11.15 %  2002               5.00          103.40           6.8703
 94003  12.50 %  2004               5.00          112.03           6.9570
 94003  12.50 %  2004               5.00          112.02           6.9613
 94003  12.50 %  2004               5.00          112.015          6.9634
 94003  12.50 %  2004               5.00          112.01           6.9656
 94003  12.50 %  2004              10.00          112.00           6.9698
 94003  12.50 %  2004               5.00          112.02           6.9613
 94003  12.50 %  2004               5.00          112.02           6.9613
 94003  12.50 %  2004               5.00          112.03           6.9570
 94003  12.50 %  2004               5.00          112.02           6.9613
 94003  12.50 %  2004               5.00          112.01           6.9656
 94003  12.50 %  2004               5.00          112.005          6.9677
 94003  12.50 %  2004              10.00          112.01           6.9656
 94003  12.50 %  2004              10.00          112.03           6.9570
 94003  12.50 %  2004               5.00          112.03           6.9570
 94003  12.50 %  2004               5.00          112.03           6.9570
 94003  12.50 %  2004               5.00          112.01           6.9656
 98008  11.50 %  2004               5.00          109.87           7.1559
 00007   9.90 %  2005              10.00          108.28           7.1667
 97010  11.19 %  2005               5.00          113.27           7.1199
 97010  11.19 %  2005              10.00          113.29           7.1142
 97010  11.19 %  2005               5.00          113.20           7.1397
 97010  11.19 %  2005               5.00          113.29           7.1142
 97010  11.19 %  2005               5.00          113.25           7.1255
 99008  11.68 %  2006               5.00          116.69           7.2205
 99008  11.68 %  2006              10.00          116.65           7.2302
 99008  11.68 %  2006               5.00          116.70           7.2181
 98005  11.75 %  2006               5.00          116.70           7.2951
 98005  11.75 %  2006               5.00          116.75           7.2830
 98005  11.75 %  2006               5.00          116.75           7.2830
 00013  11.00 %  2006              15.00          114.80           7.2514
 00013  11.00 %  2006               5.00          114.80           7.2514 00013  11.00 %  2006              10.00          114.80           7.2514
 00013  11.00 %  2006               5.00          114.80           7.2514
 00013  11.00 %  2006               5.00          114.80           7.2514
 00013  11.00 %  2006               5.00          114.80           7.2514
 00013  11.00 %  2006               5.00          114.75           7.2630
 00013  11.00 %  2006              10.00          114.80           7.2514
 98009  11.90 %  2007               5.00          118.60           7.7287
 98009  11.90 %  2007               5.00          118.75           7.6986
 98009  11.90 %  2007               5.00          118.74           7.7006
 98009  11.90 %  2007              10.00          118.60           7.7287
 98009  11.90 %  2007               5.00          118.65           7.7186
 98009  11.90 %  2007               5.00          118.65           7.7186
 00016  11.40 %  2008               5.00          118.02           7.9299
 00016  11.40 %  2008               5.00          117.90           7.9506
 00016  11.40 %  2008               5.00          118.03           7.9282
 00016  11.40 %  2008               5.00          118.00           7.9334
 00016  11.40 %  2008               5.00          118.00           7.9334
 00016  11.40 %  2008               5.00          118.02           7.9299
 00016  11.40 %  2008              10.00          117.85           7.9593
 00016  11.40 %  2008               5.00          118.05           7.9247
 00016  11.40 %  2008               5.00          117.93           7.9455
 00016  11.40 %  2008               5.00          117.90           7.9506
 00016  11.40 %  2008               5.00          117.97           7.9385
 00016  11.40 %  2008               5.00          117.91           7.9489
 00016  11.40 %  2008               5.00          118.00           7.9334
 00016  11.40 %  2008               5.00          117.97           7.9385
 00016  11.40 %  2008               5.00          118.02           7.9299
 00016  11.40 %  2008               5.00          117.99           7.9351
 00016  11.40 %  2008               5.00          118.00           7.9334
 00016  11.40 %  2008               5.00          117.95           7.9420
 00016  11.40 %  2008               5.00          118.05           7.9247
 00016  11.40 %  2008               5.00          118.05           7.9247
 00016  11.40 %  2008               5.00          118.03           7.9282
 00016  11.40 %  2008              10.00          118.03           7.9282
 00016  11.40 %  2008               5.00          118.03           7.9282
 00016  11.40 %  2008               5.00          117.90           7.9506
 00016  11.40 %  2008               5.00          117.90           7.9506
 00016  11.40 %  2008              10.00          117.90           7.9506
 00016  11.40 %  2008               5.00          117.85           7.9593
 00016  11.40 %  2008              10.00          117.90           7.9506
 00016  11.40 %  2008               5.00          117.85           7.9593
 00016  11.40 %  2008              10.00          117.85           7.9593
 00016  11.40 %  2008               5.00          117.85           7.9593
 00016  11.40 %  2008               5.00          118.00           7.9334
 00016  11.40 %  2008               5.00          118.00           7.9334
 00016  11.40 %  2008               5.00          118.00           7.9334
 00016  11.40 %  2008               5.00          117.98           7.9368
 00016  11.40 %  2008               5.00          117.98           7.9368
 00016  11.40 %  2008               5.00          117.98           7.9368
 00016  11.40 %  2008               5.00          117.95           7.9420
 00016  11.40 %  2008               5.00          117.88           7.9541
 00016  11.40 %  2008               5.00          117.90           7.9506
 00016  11.40 %  2008               5.00          117.98           7.9368
 00016  11.40 %  2008               5.00          117.98           7.9368
 99006  11.99 %  2009              10.00          118.58           8.5586
 99006  11.99 %  2009              10.00          118.63           8.5503
 99006  11.99 %  2009               5.00          118.67           8.5437 99006  11.99 %  2009               5.00          118.52           8.5685
 99006  11.99 %  2009              10.00          118.65           8.5470
 99006  11.99 %  2009              10.00          118.65           8.5470
 99006  11.99 %  2009               5.00          118.67           8.5437
 99006  11.99 %  2009               5.00          118.50           8.5718
 89009  11.50 %  2009               5.00          114.80           8.7742
 89009  11.50 %  2009               5.00          114.80           8.7742
 89009  11.50 %  2009               5.00          114.80           8.7742
 89009  11.50 %  2009               5.00          114.80           8.7742
 89009  11.50 %  2009               0.03          113.90           8.9263
 99004  12.29 %  2010              10.00          117.64           9.1869
 99004  12.29 %  2010              10.00          117.65           9.1853
 99004  12.29 %  2010               5.00          117.65           9.1853
 99004  12.29 %  2010               5.00          117.80           9.1617
 99004  12.29 %  2010               5.00          117.83           9.1570
 98015  12.25 %  2010              10.00          117.95           9.1961
 98015  12.25 %  2010              10.00          118.04           9.1825
 98015  12.25 %  2010               5.00          118.04           9.1825
 98015  12.25 %  2010               5.00          118.03           9.1840
 98015  12.25 %  2010              20.00          118.00           9.1885
 00014  11.30 %  2010               5.00          115.52           8.7215
 00014  11.30 %  2010               5.00          115.62           8.7065
 00014  11.30 %  2010               5.00          115.42           8.7366
 00014  11.30 %  2010               5.00          115.60           8.7095
 00014  11.30 %  2010              10.00          115.45           8.7321
 00014  11.30 %  2010               5.00          115.45           8.7321
 00014  11.30 %  2010               5.00          115.45           8.7321
 00014  11.30 %  2010              10.00          115.42           8.7366
 00014  11.30 %  2010               5.00          115.62           8.7065
 00014  11.30 %  2010               5.00          115.45           8.7321
 00014  11.30 %  2010               5.00          115.45           8.7321
 00014  11.30 %  2010               5.00          115.55           8.7170
 00014  11.30 %  2010               5.00          115.59           8.7110
 00014  11.30 %  2010               5.00          115.60           8.7095
 00014  11.30 %  2010               5.00          115.60           8.7095
 00014  11.30 %  2010               5.00          115.59           8.7110
 00014  11.30 %  2010               5.00          115.64           8.7035
 00014  11.30 %  2010               5.00          115.57           8.7140
 00014  11.30 %  2010               5.00          115.54           8.7185
 00014  11.30 %  2010               5.00          115.55           8.7170
 00014  11.30 %  2010               5.00          115.43           8.7351
 00014  11.30 %  2010               5.00          115.65           8.7020
 00014  11.30 %  2010               5.00          115.55           8.7170
 99005  12.32 %  2011              10.00          118.55           9.2822
 99005  12.32 %  2011               5.00          118.60           9.2749
 99005  12.32 %  2011               5.00          118.70           9.2604
 00010  10.95 %  2011               5.00          112.48           8.9782
 01007   9.39 %  2011              15.00          103.52           8.8375
 01007   9.39 %  2011               5.00          103.73           8.8056
 01007   9.39 %  2011               5.00          103.50           8.8406
 01007   9.39 %  2011               5.00          103.50           8.8406
 01007   9.39 %  2011               5.00          103.70           8.8101
 01007   9.39 %  2011               5.00          103.70           8.8101
 01007   9.39 %  2011               5.00          103.57           8.8299
 01007   9.39 %  2011               5.00          103.60           8.8254
 01007   9.39 %  2011               5.00          103.65           8.8177
 01007   9.39 %  2011               5.00          103.66           8.8162 01007   9.39 %  2011               5.00          103.69           8.8117
 01007   9.39 %  2011               5.00          103.55           8.8330
 01007   9.39 %  2011               5.00          103.55           8.8330
 01007   9.39 %  2011               5.00          103.55           8.8330
 01007   9.39 %  2011               5.00          103.58           8.8284
 01007   9.39 %  2011               5.00          103.55           8.8330
 01007   9.39 %  2011              10.00          103.39           8.8573
 01007   9.39 %  2011               5.00          103.50           8.8406
 01007   9.39 %  2011               5.00          103.49           8.8421
 01007   9.39 %  2011               5.00          103.52           8.8375
 01007   9.39 %  2011               5.00          103.02           8.9139
 01007   9.39 %  2011               5.00          103.48           8.8436
 01007   9.39 %  2011               5.00          103.48           8.8436
 01007   9.39 %  2011              25.00          103.69           8.8117
 01007   9.39 %  2011              10.00          103.55           8.8330
 01007   9.39 %  2011               5.00          103.55           8.8330
 01007   9.39 %  2011               5.00          103.55           8.8330
 01007   9.39 %  2011               5.00          103.49           8.8421
 01007   9.39 %  2011               0.50          103.38           8.8589
 01007   9.39 %  2011               5.00          103.56           8.8314
 01007   9.39 %  2011               5.00          103.68           8.8132
 01007   9.39 %  2011               5.00          103.73           8.8056
 01007   9.39 %  2011               5.00          103.56           8.8314
 01007   9.39 %  2011               5.00          103.56           8.8314
 01007   9.39 %  2011               5.00          103.64           8.8193
 01007   9.39 %  2011               5.00          103.73           8.8056
 00017  11.50 %  2011               5.00          117.295          8.8652
 00017  11.50 %  2011              10.00          117.31           8.8631
 00017  11.50 %  2011               5.00          117.33           8.8604
 00017  11.50 %  2011              25.00          117.30           8.8645
 00017  11.50 %  2011               5.00          117.30           8.8645
 00017  11.50 %  2011               5.00          117.30           8.8645
 00017  11.50 %  2011               5.00          117.27           8.8686
 00017  11.50 %  2011               5.00          117.30           8.8645
 00017  11.50 %  2011               5.00          117.30           8.8645
 00017  11.50 %  2011               5.00          117.30           8.8645
 00017  11.50 %  2011              10.00          117.30           8.8645
 00017  11.50 %  2011              15.00          117.30           8.8645
 00017  11.50 %  2011               5.00          117.30           8.8645
 00017  11.50 %  2011               5.00          117.26           8.8699
 00017  11.50 %  2011               5.00          117.30           8.8645
 00017  11.50 %  2011               5.00          117.36           8.8563
 00017  11.50 %  2011               5.00          117.38           8.8536
 00017  11.50 %  2011               5.00          117.25           8.8713
 00017  11.50 %  2011               5.00          117.24           8.8727
 00017  11.50 %  2011               5.00          117.22           8.8754
 00017  11.50 %  2011               5.00          117.25           8.8713
 00017  11.50 %  2011               5.00          117.31           8.8631
 00017  11.50 %  2011               5.00          117.26           8.8699
 00017  11.50 %  2011               5.00          117.30           8.8645
 00017  11.50 %  2011               5.00          117.25           8.8713
 00017  11.50 %  2011               5.00          117.20           8.8781
 00017  11.50 %  2011               5.00          117.35           8.8577
 00017  11.50 %  2011               5.00          117.35           8.8577
 00017  11.50 %  2011               5.00          117.35           8.8577
 00017  11.50 %  2011               5.00          117.345          8.8583
 00017  11.50 %  2011              10.00          117.20           8.8781 00017  11.50 %  2011               5.00          117.24           8.8727
 00017  11.50 %  2011               5.00          117.24           8.8727
 00017  11.50 %  2011               5.00          117.23           8.8740
 00017  11.50 %  2011               5.00          117.36           8.8563
 00017  11.50 %  2011               5.00          117.22           8.8754
 00017  11.50 %  2011               5.00          117.36           8.8563
 00017  11.50 %  2011              10.00          117.36           8.8563
 00017  11.50 %  2011               5.00          117.20           8.8781
 00017  11.50 %  2011               5.00          117.20           8.8781
 00017  11.50 %  2011               5.00          117.20           8.8781
 00017  11.50 %  2011               5.00          117.37           8.8549
 00017  11.50 %  2011               5.00          117.36           8.8563
 00017  11.50 %  2011               5.00          117.39           8.8522
 00017  11.50 %  2011               5.00          117.26           8.8699
 00017  11.50 %  2011               5.00          117.35           8.8577
 00017  11.50 %  2011               5.00          117.23           8.8740
 00017  11.50 %  2011               5.00          117.20           8.8781
 00017  11.50 %  2011               5.00          117.33           8.8604
 00017  11.50 %  2011               5.00          117.25           8.8713
 00017  11.50 %  2011               5.00          117.26           8.8699
 00017  11.50 %  2011               5.00          117.28           8.8672
 00017  11.50 %  2011               5.00          117.30           8.8645
 00017  11.50 %  2011               5.00          117.21           8.8768
 00017  11.50 %  2011               5.00          117.24           8.8727
 00017  11.50 %  2011               5.00          117.27           8.8686
 00017  11.50 %  2011               5.00          117.35           8.8577
 00012  11.03 %  2012               5.00          114.00           8.9657
 00012  11.03 %  2012               5.00          114.03           8.9617
 00012  11.03 %  2012              10.00          114.04           8.9603
 00012  11.03 %  2012               5.00          113.97           8.9697
 00012  11.03 %  2012               5.00          113.98           8.9684
 00012  11.03 %  2012               5.00          114.05           8.9590
 00012  11.03 %  2012               5.00          113.99           8.9670
 00012  11.03 %  2012               5.00          114.08           8.9549
 00012  11.03 %  2012               5.00          113.96           8.9711
 00012  11.03 %  2012              10.00          114.05           8.9590
 00012  11.03 %  2012               5.00          113.98           8.9684
 00012  11.03 %  2012               5.00          113.95           8.9724
 00012  11.03 %  2012               5.00          113.96           8.9711
 00012  11.03 %  2012               5.00          114.05           8.9590
 00012  11.03 %  2012               5.00          113.94           8.9738
 00012  11.03 %  2012              10.00          114.125          8.9489
 00012  11.03 %  2012               5.00          114.10           8.9523
 00012  11.03 %  2012               5.00          113.97           8.9697
 00012  11.03 %  2012              10.00          114.00           8.9657
 00012  11.03 %  2012               5.00          114.09           8.9536
 00012  11.03 %  2012               5.00          114.08           8.9549
 00012  11.03 %  2012               5.00          114.05           8.9590
 00012  11.03 %  2012               5.00          114.10           8.9523
 00012  11.03 %  2012               5.00          113.96           8.9711
 00012  11.03 %  2012               5.00          114.00           8.9657
 00012  11.03 %  2012               5.00          114.10           8.9523
 00012  11.03 %  2012               5.00          114.10           8.9523
 00012  11.03 %  2012               5.00          114.10           8.9523
 00012  11.03 %  2012               5.00          113.93           8.9751
 00012  11.03 %  2012               5.00          114.01           8.9643
 00012  11.03 %  2012               5.00          113.94           8.9738 00012  11.03 %  2012               5.00          113.95           8.9724
 00012  11.03 %  2012               5.00          114.05           8.9590
 00012  11.03 %  2012               5.00          114.05           8.9590
 00012  11.03 %  2012              10.00          114.12           8.9496
 00012  11.03 %  2012               5.00          113.95           8.9724
 00012  11.03 %  2012               5.00          113.995          8.9664
 00012  11.03 %  2012               5.00          113.97           8.9697
 00012  11.03 %  2012               5.00          114.09           8.9536
 00012  11.03 %  2012               5.00          114.13           8.9482
 00012  11.03 %  2012               5.00          114.13           8.9482
 00012  11.03 %  2012               5.00          114.00           8.9657
 00012  11.03 %  2012               5.00          113.99           8.9670
 00012  11.03 %  2012               5.00          114.00           8.9657
 00012  11.03 %  2012               5.00          113.995          8.9664
 00012  11.03 %  2012               5.00          113.98           8.9684
 00012  11.03 %  2012               5.00          113.95           8.9724
 00012  11.03 %  2012               5.00          114.05           8.9590
 00012  11.03 %  2012               5.00          114.10           8.9523
 00012  11.03 %  2012               5.00          114.10           8.9523
 00012  11.03 %  2012               5.00          113.95           8.9724
 00012  11.03 %  2012               5.00          114.04           8.9603
 00012  11.03 %  2012              20.00          114.04           8.9603
 00012  11.03 %  2012              10.00          114.04           8.9603
 00012  11.03 %  2012               5.00          113.94           8.9738
 00012  11.03 %  2012               5.00          113.95           8.9724
 00012  11.03 %  2012               5.00          113.95           8.9724
 00012  11.03 %  2012               5.00          113.99           8.9670
 00012  11.03 %  2012               5.00          114.01           8.9643
 00012  11.03 %  2012              10.00          114.08           8.9549
 00012  11.03 %  2012               5.00          113.97           8.9697
 00012  11.03 %  2012               5.00          114.15           8.9456
 00012  11.03 %  2012               5.00          113.94           8.9738
 00012  11.03 %  2012               5.00          114.13           8.9482
 00012  11.03 %  2012               5.00          113.96           8.9711
 00012  11.03 %  2012               5.00          114.08           8.9549
 01009   9.40 %  2012              10.00          103.205          8.9301
 01009   9.40 %  2012               5.00          103.40           8.9023
 01009   9.40 %  2012               1.00          102.85           8.9808
 01009   9.40 %  2012              20.00          103.40           8.9023
 01009   9.40 %  2012               5.00          103.30           8.9166
 82005   9.00 %  2013               1.00          100.60           8.9142
 01005   9.81 %  2013              10.00          105.13           9.0828
 01005   9.81 %  2013               5.00          105.13           9.0828
 01005   9.81 %  2013               5.00          105.13           9.0828
 01005   9.81 %  2013               5.00          105.33           9.0555
 01005   9.81 %  2013               5.00          105.27           9.0637
 01005   9.81 %  2013               5.00          105.25           9.0664
 01005   9.81 %  2013               5.00          105.11           9.0855
 01005   9.81 %  2013              10.00          105.25           9.0664
 01005   9.81 %  2013               5.00          105.32           9.0569
 01005   9.81 %  2013              10.00          105.34           9.0541
 01005   9.81 %  2013               5.00          105.34           9.0541
 01005   9.81 %  2013               5.00          105.26           9.0650
 01005   9.81 %  2013               5.00          105.20           9.0732
 01005   9.81 %  2013               5.00          105.13           9.0828
 01005   9.81 %  2013               5.00          105.13           9.0828
 01005   9.81 %  2013               5.00          105.16           9.0787 01005   9.81 %  2013               5.00          105.13           9.0828
 01005   9.81 %  2013               5.00          105.11           9.0855
 01005   9.81 %  2013               5.00          105.14           9.0814
 01005   9.81 %  2013               1.00          105.10           9.0869
 01005   9.81 %  2013               5.00          105.13           9.0828
 01005   9.81 %  2013               5.00          105.13           9.0828
 01005   9.81 %  2013               5.00          105.23           9.0691
 01005   9.81 %  2013               5.00          105.13           9.0828
 01005   9.81 %  2013               5.00          105.37           9.0500
 01005   9.81 %  2013               5.00          105.41           9.0446
 01005   9.81 %  2013               5.00          105.19           9.0746
 01005   9.81 %  2013               5.00          105.16           9.0787
 01005   9.81 %  2013               5.00          105.10           9.0869
 01005   9.81 %  2013               5.00          105.135          9.0821
 01005   9.81 %  2013               5.00          105.35           9.0528
 01005   9.81 %  2013               5.00          105.38           9.0487
 01005   9.81 %  2013               5.00          105.13           9.0828
 01005   9.81 %  2013               5.00          105.13           9.0828
 01005   9.81 %  2013               5.00          105.13           9.0828
 01005   9.81 %  2013               5.00          105.13           9.0828
 01005   9.81 %  2013              10.00          105.40           9.0460
 01005   9.81 %  2013              10.00          105.39           9.0473
 01005   9.81 %  2013               5.00          105.40           9.0460
 01005   9.81 %  2013               5.00          105.38           9.0487
 01005   9.81 %  2013               5.00          105.36           9.0514
 01005   9.81 %  2013               5.00          105.06           9.0923
 01005   9.81 %  2013               5.00          105.12           9.0841
 01005   9.81 %  2013               5.00          105.12           9.0841
 01005   9.81 %  2013               5.00          105.16           9.0787
 01005   9.81 %  2013               5.00          105.13           9.0828
 01005   9.81 %  2013               5.00          105.12           9.0841
 01005   9.81 %  2013               5.00          105.31           9.0582
 01005   9.81 %  2013               5.00          105.12           9.0841
 01005   9.81 %  2013               5.00          105.17           9.0773
 01005   9.81 %  2013               5.00          105.25           9.0664
 01005   9.81 %  2013               5.00          105.17           9.0773
 01005   9.81 %  2013               5.00          105.14           9.0814
 01005   9.81 %  2013               5.00          105.15           9.0800
 01005   9.81 %  2013               5.00          105.15           9.0800
 01005   9.81 %  2013               5.00          105.17           9.0773
 01005   9.81 %  2013               5.00          105.18           9.0759
 01005   9.81 %  2013               5.00          105.15           9.0800
 01005   9.81 %  2013               5.00          105.26           9.0650
 01005   9.81 %  2013               5.00          105.30           9.0596
 01005   9.81 %  2013               5.00          105.10           9.0869
 01005   9.81 %  2013               5.00          105.11           9.0855
 01005   9.81 %  2013               5.00          105.34           9.0541
 01005   9.81 %  2013               5.00          105.24           9.0678
 01005   9.81 %  2013               5.00          105.19           9.0746
 01005   9.81 %  2013               5.00          105.19           9.0746
 01005   9.81 %  2013               5.00          105.10           9.0869
 01005   9.81 %  2013              10.00          105.35           9.0528
 01005   9.81 %  2013               5.00          105.35           9.0528
 01005   9.81 %  2013               5.00          105.12           9.0841
 01005   9.81 %  2013               5.00          105.34           9.0541
 01005   9.81 %  2013              10.00          105.23           9.0691
 01005   9.81 %  2013               5.00          105.15           9.0800 01005   9.81 %  2013               5.00          105.24           9.0678
 01005   9.81 %  2013               5.00          105.35           9.0528
 01005   9.81 %  2013               5.00          105.35           9.0528
 84010  10.50 %  2014               8.00          107.85           9.4390
 99020  11.83 %  2014              10.00          117.20           9.5002
 01001  10.47 %  2015               5.00          107.45           9.4688
 01001  10.47 %  2015               5.00          107.65           9.4434
 01001  10.47 %  2015               5.00          107.66           9.4422
 01001  10.47 %  2015               5.00          107.65           9.4434
 01001  10.47 %  2015               5.00          107.63           9.4460
 01001  10.47 %  2015               5.00          107.65           9.4434
 01001  10.47 %  2015               5.00          107.64           9.4447
 01001  10.47 %  2015              10.00          107.60           9.4498
 01001  10.47 %  2015              10.00          107.60           9.4498
 01001  10.47 %  2015              10.00          107.60           9.4498
 01001  10.47 %  2015               5.00          107.70           9.4371
 01001  10.47 %  2015               0.25          107.50           9.4624
 01001  10.47 %  2015               5.00          107.45           9.4688
 01001  10.47 %  2015              10.00          107.595          9.4504
 01001  10.47 %  2015              10.00          107.595          9.4504
 01001  10.47 %  2015              10.00          107.595          9.4504
 01001  10.47 %  2015               5.00          107.70           9.4371
 01001  10.47 %  2015               5.00          107.70           9.4371
 01001  10.47 %  2015               5.00          107.58           9.4523
 01001  10.47 %  2015               5.00          107.34           9.4828
 01001  10.47 %  2015               5.00          107.60           9.4498
 01001  10.47 %  2015              25.00          107.58           9.4523
 01001  10.47 %  2015               5.00          107.57           9.4536
 01001  10.47 %  2015               5.00          107.62           9.4472
 01001  10.47 %  2015               5.00          107.47           9.4663
 01001  10.47 %  2015               5.00          107.62           9.4472
 01001  10.47 %  2015              10.00          107.80           9.4244
 00009  10.79 %  2015               1.00          108.00           9.7142
 00009  10.79 %  2015               1.50          108.15           9.6952
 00015  11.43 %  2015               5.00          114.62           9.5003
 00015  11.43 %  2015              10.00          114.60           9.5027
 00015  11.43 %  2015               5.00          114.62           9.5003
 00015  11.43 %  2015               5.00          114.47           9.5182
 00015  11.43 %  2015               5.00          114.65           9.4968
 00015  11.43 %  2015               5.00          114.69           9.4920
 00015  11.43 %  2015               5.00          114.66           9.4956
 00015  11.43 %  2015               5.00          114.74           9.4861
 00015  11.43 %  2015               5.00          114.87           9.4706
 00015  11.43 %  2015               5.00          114.645          9.4974
 00015  11.43 %  2015               5.00          114.74           9.4861
 00015  11.43 %  2015               5.00          114.65           9.4968
 00015  11.43 %  2015               5.00          114.60           9.5027
 00015  11.43 %  2015               5.00          114.70           9.4908
 00015  11.43 %  2015               5.00          114.70           9.4908
 00015  11.43 %  2015               5.00          114.63           9.4992
 00015  11.43 %  2015               5.00          114.85           9.4730
 00015  11.43 %  2015               5.00          114.85           9.4730
 00015  11.43 %  2015              10.00          114.90           9.4671
 00015  11.43 %  2015               5.00          114.72           9.4884
 00015  11.43 %  2015               5.00          114.73           9.4873
 00015  11.43 %  2015              10.00          114.64           9.4980
 00015  11.43 %  2015               5.00          114.66           9.4956 00015  11.43 %  2015               5.00          114.59           9.5039
 00015  11.43 %  2015               5.00          114.59           9.5039
 00015  11.43 %  2015               5.00          114.90           9.4671
 00015  11.43 %  2015               1.00          114.37           9.5302
 00015  11.43 %  2015               5.00          114.80           9.4789
 00015  11.43 %  2015               5.00          114.86           9.4718
 00015  11.43 %  2015               5.00          114.55           9.5087
 00015  11.43 %  2015               5.00          114.90           9.4671
 01011   9.85 %  2015               5.00          104.28           9.2954
 01011   9.85 %  2015               5.00          104.16           9.3105
 01011   9.85 %  2015               5.00          104.18           9.3080
 01011   9.85 %  2015               5.00          104.25           9.2992
 01011   9.85 %  2015               5.00          104.27           9.2967
 01011   9.85 %  2015              10.00          104.30           9.2929
 01011   9.85 %  2015               5.00          104.14           9.3130
 01011   9.85 %  2015               5.00          104.13           9.3143
 01011   9.85 %  2015               5.00          104.16           9.3105
 01011   9.85 %  2015               5.00          104.15           9.3118
 01011   9.85 %  2015               5.00          104.24           9.3005
 01011   9.85 %  2015               5.00          104.33           9.2892
 01011   9.85 %  2015              20.00          104.38           9.2829
 01011   9.85 %  2015              15.00          104.37           9.2842
 01011   9.85 %  2015              10.00          104.35           9.2867
 01011   9.85 %  2015              15.00          104.35           9.2867
 01011   9.85 %  2015              25.00          104.09           9.3193
 01011   9.85 %  2015               5.00          104.14           9.3130
 01011   9.85 %  2015               5.00          104.14           9.3130
 01011   9.85 %  2015               5.00          104.17           9.3093
 01011   9.85 %  2015               5.00          104.35           9.2867
 01011   9.85 %  2015               5.00          104.25           9.2992
 01011   9.85 %  2015               5.00          104.22           9.3030
 01011   9.85 %  2015               5.00          104.20           9.3055
 01011   9.85 %  2015               5.00          104.31           9.2917
 01011   9.85 %  2015               5.00          104.21           9.3042
 01011   9.85 %  2015              10.00          104.24           9.3005
 01011   9.85 %  2015               5.00          104.24           9.3005
 01011   9.85 %  2015              10.00          104.21           9.3042
 01011   9.85 %  2015               5.00          104.35           9.2867
 01011   9.85 %  2015              10.00          104.10           9.3181
 01011   9.85 %  2015               5.00          104.15           9.3118
 01011   9.85 %  2015               5.00          104.35           9.2867
 01011   9.85 %  2015               5.00          103.85           9.3496
 01011   9.85 %  2015               5.00          103.96           9.3357
 01011   9.85 %  2015               5.00          104.12           9.3155
 01011   9.85 %  2015               5.00          104.14           9.3130
 01011   9.85 %  2015               5.00          104.17           9.3093
 01011   9.85 %  2015               5.00          104.30           9.2929
 01011   9.85 %  2015               5.00          104.30           9.2929
 01011   9.85 %  2015               0.60          103.88           9.3458
 01011   9.85 %  2015               0.20          103.88           9.3458
 01011   9.85 %  2015               5.00          104.24           9.3005
 01011   9.85 %  2015               5.00          104.14           9.3130
 01011   9.85 %  2015               5.00          104.14           9.3130
 01011   9.85 %  2015               5.00          104.355          9.2860
 01011   9.85 %  2015               5.00          104.36           9.2854
 01011   9.85 %  2015               5.00          104.375          9.2835
 01011   9.85 %  2015               1.00          104.43           9.2766 01011   9.85 %  2015               1.00          104.22           9.3030
 01011   9.85 %  2015               5.00          104.37           9.2842
 01011   9.85 %  2015              20.00          104.32           9.2904
 01011   9.85 %  2015               5.00          104.13           9.3143
 01011   9.85 %  2015               5.00          104.20           9.3055
 01011   9.85 %  2015               5.00          104.27           9.2967
 01011   9.85 %  2015              10.00          104.30           9.2929
 01011   9.85 %  2015               5.00          104.37           9.2842
 01011   9.85 %  2015               5.00          104.35           9.2867
 01011   9.85 %  2015              10.00          104.32           9.2904
 01011   9.85 %  2015              10.00          104.34           9.2879
 01011   9.85 %  2015               5.00          104.24           9.3005
 01011   9.85 %  2015              10.00          104.25           9.2992
 01011   9.85 %  2015              10.00          104.30           9.2929
 01011   9.85 %  2015               5.00          104.34           9.2879
 01011   9.85 %  2015               5.00          104.45           9.2741
 01011   9.85 %  2015               5.00          104.13           9.3143
 01011   9.85 %  2015               5.00          104.16           9.3105
 01011   9.85 %  2015               5.00          104.13           9.3143
 01011   9.85 %  2015               5.00          104.40           9.2804
 01011   9.85 %  2015               5.00          104.35           9.2867
 01011   9.85 %  2015               0.50          103.95           9.3369
 01011   9.85 %  2015               5.00          104.14           9.3130
 01011   9.85 %  2015               5.00          104.22           9.3030
 01011   9.85 %  2015               5.00          104.14           9.3130
 01011   9.85 %  2015               5.00          104.14           9.3130
 01011   9.85 %  2015               5.00          104.35           9.2867
 01011   9.85 %  2015               5.00          104.12           9.3155
 01011   9.85 %  2015               5.00          104.19           9.3067
 01011   9.85 %  2015               5.00          104.14           9.3130
 01011   9.85 %  2015               5.00          104.32           9.2904
 01011   9.85 %  2015               5.00          104.12           9.3155
 01011   9.85 %  2015               5.00          103.84           9.3508
 01011   9.85 %  2015               5.00          104.32           9.2904
 01011   9.85 %  2015              10.00          104.26           9.2980
 01011   9.85 %  2015               5.00          104.19           9.3067
 01011   9.85 %  2015               5.00          104.35           9.2867
 01011   9.85 %  2015              10.00          104.25           9.2992
 01011   9.85 %  2015              10.00          104.20           9.3055
 01011   9.85 %  2015               5.00          104.36           9.2854
 01011   9.85 %  2015              10.00          104.35           9.2867
 01011   9.85 %  2015               5.00          104.18           9.3080
 01011   9.85 %  2015               5.00          104.20           9.3055
 01011   9.85 %  2015               5.00          104.185          9.3074
 01011   9.85 %  2015               5.00          104.20           9.3055
 01011   9.85 %  2015               5.00          104.35           9.2867
 01003  10.71 %  2016              15.00          109.00           9.5488
 01003  10.71 %  2016               5.00          109.20           9.5246
 01003  10.71 %  2016               5.00          109.19           9.5258
 01003  10.71 %  2016               5.00          109.30           9.5126
 01003  10.71 %  2016               5.00          109.28           9.5150
 01003  10.71 %  2016              10.00          109.30           9.5126
 01003  10.71 %  2016              10.00          109.35           9.5066
 01003  10.71 %  2016               5.00          108.85           9.5670
 01003  10.71 %  2016               5.00          109.20           9.5246
 01003  10.71 %  2016               5.00          109.35           9.5066
 01003  10.71 %  2016              15.00          109.35           9.5066 01003  10.71 %  2016               5.00          109.10           9.5367
 01003  10.71 %  2016               5.00          109.35           9.5066
 01003  10.71 %  2016               5.00          109.15           9.5307
 01003  10.71 %  2016               5.00          109.07           9.5403
 01003  10.71 %  2016              15.00          109.30           9.5126
 01004  10.45 %  2018               5.00          106.00           9.7131
 01004  10.45 %  2018              10.00          106.10           9.7014
 01004  10.45 %  2018              50.00          106.25           9.6838
 01004  10.45 %  2018               5.00          106.50           9.6546
 01008  10.03 %  2019              10.00          102.95           9.6757
 01008  10.03 %  2019              25.00          103.00           9.6699
 01008  10.03 %  2019              10.00          103.13           9.6548
 01008  10.03 %  2019               2.00          102.36           9.7445
 01008  10.03 %  2019               5.00          102.73           9.7013
 01008  10.03 %  2019               1.00          102.58           9.7188
 01008  10.03 %  2019               1.00          102.62           9.7141
 01008  10.03 %  2019              15.00          102.70           9.7048
 01008  10.03 %  2019               2.00          102.54           9.7235
 01008  10.03 %  2019               0.50          102.60           9.7165
 01008  10.03 %  2019              15.00          102.705          9.7042
 01008  10.03 %  2019              25.00          102.95           9.6757
 01006  10.25 %  2021               5.00          104.35           9.7462
 01006  10.25 %  2021               2.00          104.35           9.7462
 01006  10.25 %  2021               0.50          104.35           9.7462
 01006  10.25 %  2021              10.00          104.10           9.7742
 01006  10.25 %  2021               1.49          103.85           9.8022
 01006  10.25 %  2021               5.00          103.34           9.8597
 01006  10.25 %  2021               0.51          104.60           9.7184
 01006  10.25 %  2021               0.50          103.70           9.8191
 01006  10.25 %  2021              10.00          104.20           9.7630
 01006  10.25 %  2021               1.00          103.40           9.8529
 01006  10.25 %  2021               1.00          103.94           9.7921
 01006  10.25 %  2021              10.00          104.05           9.7798
 01006  10.25 %  2021               5.00          103.88           9.7988
 01006  10.25 %  2021               1.00          103.60           9.8303
 01006  10.25 %  2021              25.00          104.10           9.7742
 01006  10.25 %  2021              10.00          104.205          9.7624
 01006  10.25 %  2021               5.00          103.95           9.7910
 01006  10.25 %  2021               5.00          104.38           9.7429
 01010  10.18 %  2026              10.00          103.20           9.8309
 01010  10.18 %  2026               2.00          103.72           9.7764
 01010  10.18 %  2026              15.00          103.60           9.7889
     Total                       6131.3742
B. State Government Securities
          Contract Date : October 29, 2001
 99234 11.85% GUJRAT SDL 2009       0.67          113.50          9.3787
          Contract Date : October 30, 2001
 01253 9.40 % GUJARAT
       GOVT.STOCK,2009             13.00          100.32          9.3363
 00213 10.52% AP SDL 2010           5.00          105.20          9.6094
 00225 10.52% MAHARASHTRA SDL
       2010                        10.50          105.20          9.6094
 00213 10.52% AP SDL 2010           5.00          105.20          9.6094
 01247 10.35% TAMILNADU SDL 2011    3.15          105.50          9.4602
 01280 9.45% UTTAR PRADESH S.D.L
       2011                         3.00          101.60          9.1994     Total                         40.32
C. Treasury Bills
   (i) 14 Day Bills (Maturity-wise)
       (DD/MM/YYYY)
                                           NIL
   (ii) 91 Day Bills (Maturity-wise)
       (DD/MM/YYYY)
          Contract Date : October 29, 2001
        07/12/2001                  0.60           99.2868         6.7043
        18/01/2002                  3.03           98.5911         6.4218
          Contract Date : October 30, 2001
        07/12/2001                  5.00           99.3124         6.6321
        14/12/2001                  0.75           99.2050         6.4822
        28/12/2001                  5.00           98.9365         6.6318
        04/01/2002                  3.50           98.8030         6.6816
        11/01/2002                 12.00           98.6777         6.6817
        18/01/2002                 25.00           98.5528         6.6815
     Total                         54.88
   (iii) 182 Day Bills (Maturity-wise)
       (DD/MM/YYYY)
                                           NIL
   (iv) 364 Day Bills (Maturity-wise)
       (DD/MM/YYYY)
          Contract Date : October 29, 2001
        14/06/2002                  4.85           95.9197         6.7913
        06/09/2002                  3.61           94.4777         6.8193
          Contract Date : October 30, 2001
        13/12/2001                  0.50           99.1514         7.0803
        04/10/2002                  3.18           93.8955         6.9808
        04/10/2002                 20.00           94.0021         6.8511
        18/10/2002                 11.00           93.7868         6.8313
        18/10/2002                  2.00           93.7953         6.8213
     Total                         45.14
II.  REPO Transactions *
    (Other than with RBI)
---------------------------------------------------------------------------
 Loan  Nomenclature                Amount      Price *   Repo Rate   Repo
 Code                            (Face Value) Per Rs.100   (%pa)    Period
                                 (in Rs.Crore) Nominal              (Days)
           (1)                      (2)          (3)        (4)      (5)
---------------------------------------------------------------------------
A. Government of India Dated Securities
 97004  12.69 %  2002              25.00      102.95        7.50       1
 97004  12.69 %  2002              30.00      102.95        7.25       1
 97004  12.69 %  2002              30.00      102.95        7.25       1
 97004  12.69 %  2002              25.00      102.95        7.10       1
 97004  12.69 %  2002              25.00      102.95        7.10       1
 97011  11.15 %  2002              25.00      103.40        8.25       3
 97011  11.15 %  2002              25.00      103.40        8.25       3
 97011  11.15 %  2002              15.00      103.40        7.40      14
 97011  11.15 %  2002              15.00      103.40        7.40      14
 97011  11.15 %  2002              25.00      103.40        8.25       3
 97011  11.15 %  2002              25.00      103.40        8.25       3 97011  11.15 %  2002              25.00      103.40        8.25       3
 98020  11.78 %  2003              18.00      107.90        7.85       1
 94003  12.50 %  2004              20.00      112.00        7.40      14
 94003  12.50 %  2004              20.00      112.00        7.40      14
 94003  12.50 %  2004              20.00      112.00        7.40      14
 94003  12.50 %  2004              10.00      112.00        7.00      14
 98022  11.98 %  2004              25.00      112.35        7.50       4
 98022  11.98 %  2004              25.00      112.35        7.50       4
 00011  10.20 %  2005               5.00      109.50        8.25       1
 00011  10.20 %  2005               5.00      109.50        8.25       1
 97010  11.19 %  2005              25.00      113.20        7.50       1
 97010  11.19 %  2005              25.00      113.20        7.50       1
 99008  11.68 %  2006              52.00      116.70        7.60       1
 99008  11.68 %  2006              52.00      116.70        7.60       1
 99008  11.68 %  2006              52.00      116.70        7.60       1
 99008  11.68 %  2006              52.00      116.70        7.60       1
 97002  13.05 %  2007              10.00      121.00        7.72       1
 97002  13.05 %  2007              10.00      121.00        7.72       1
 97002  13.05 %  2007              10.00      120.75        7.20       6
 01007   9.39 %  2011              30.00      103.55        7.35       2
 01007   9.39 %  2011              30.00      103.55        7.35       2
 01007   9.39 %  2011              30.00      103.55        7.35       2
 01007   9.39 %  2011              30.00      103.55        7.35       2
 01007   9.39 %  2011              30.00      103.55        7.35       2
 01007   9.39 %  2011              20.00      103.55        7.35       2
 01005   9.81 %  2013              10.00      105.15        7.67       1
 01005   9.81 %  2013              10.00      105.15        7.67       1
 01005   9.81 %  2013              10.00      105.15        7.67       1
 01005   9.81 %  2013              10.00      105.15        7.67       1
 01005   9.81 %  2013              10.00      105.15        7.67       1
 01005   9.81 %  2013              10.00      105.15        7.67       1
 98021  12.40 %  2013              10.00      119.25        7.20       6
 84010  10.50 %  2014              15.00      108.00        7.00      14
 99020  11.83 %  2014              10.00      116.30        7.20       6
 99020  11.83 %  2014              10.00      116.30        7.20       6
 99020  11.83 %  2014              10.00      116.30        7.20       6
 01011   9.85 %  2015              10.00      104.18        7.10       6
 01011   9.85 %  2015              10.00      104.18        7.10       6
 01011   9.85 %  2015              10.00      104.18        7.10       6
 01011   9.85 %  2015              10.00      104.18        7.10       6
 01011   9.85 %  2015              10.00      104.18        7.10       6
 01003  10.71 %  2016              10.00      109.00        7.15       6
 01003  10.71 %  2016              10.00      109.00        7.15       6
 01003  10.71 %  2016              10.00      109.00        7.15       6
 01003  10.71 %  2016              10.00      109.00        7.15       6
 01003  10.71 %  2016              10.00      109.00        7.15       6
 01008  10.03 %  2019              10.00      102.75        7.67       1
 01008  10.03 %  2019              10.00      102.75        7.67       1
 01006  10.25 %  2021              10.00      104.15        7.67       1
 01006  10.25 %  2021              10.00      104.15        7.67       1
 01006  10.25 %  2021              10.00      104.15        7.67       1
 01006  10.25 %  2021              10.00      104.15        7.67       1
 01006  10.25 %  2021              10.00      104.15        7.67       1
 01006  10.25 %  2021              10.00      104.15        7.67       1
 01010  10.18 %  2026              10.00      103.40        7.67       1
 01010  10.18 %  2026              10.00      103.40        7.67       1
 01010  10.18 %  2026              10.00      103.40        7.67       1 01010  10.18 %  2026              10.00      103.40        7.67       1
 01010  10.18 %  2026              10.00      103.40        7.67       1
 01010  10.18 %  2026              10.00      103.40        7.67       1
     Total                       1251.00
B. State Government Securities
                                           NIL
C. Treasury Bills
   (i) 14 Day Bills (Maturity-wise)
      (DD/MM/YYYY)
                                           NIL
   (ii) 91 Day Bills (Maturity-wise)
      (DD/MM/YYYY)
                                           NIL
   (iii) 182 Day Bills (Maturity-wise)
      (DD/MM/YYYY)
                                           NIL
   (iv) 364 Day Bills (Maturity-wise)
       (DD/MM/YYYY)
        12/07/2002                 20.00       95.4600      7.85       1
        12/07/2002                 20.00       95.4600      7.85       1
        12/07/2002                 20.00       95.4600      7.85       1
     Total                         60.00
-------------------------------------------------------------------------
  * Relate to the first leg of Repos
  # YTM(indicative) will depend upon assumed rate of inflation
Date :  30 October 2001