in Government Dated Securities and Treasury Bills
at RBI, Mumbai on 15 December 2001
 00010  10.95 %  2011               5.00          118.20           8.1518
 99005  12.32 %  2011               5.00          124.68           8.3914
 99005  12.32 %  2011               5.00          124.65           8.3956
 99005  12.32 %  2011               5.00          124.75           8.3819
 00014  11.30 %  2010               0.25          120.00           8.0368
 00014  11.30 %  2010              10.00          121.20           7.8646
 00014  11.30 %  2010              10.00          121.20           7.8646
 01013   6.99 %  2009              50.00           99.998          6.9898
 01013   6.99 %  2009             100.00          100.00           6.9896
 79002   7.00 %  2009               5.00           99.80           7.0340
 79002   7.00 %  2009               1.25           99.97           7.0043
 79002   7.00 %  2009               5.00           99.83           7.0287
 99006  11.99 %  2009               5.00          123.25           7.7597
 99006  11.99 %  2009               5.00          123.35           7.7438
 99006  11.99 %  2009               5.00          123.20           7.7676
 99006  11.99 %  2009               5.00          123.35           7.7438
 00016  11.40 %  2008               5.00          120.43           7.4702
 00013  11.00 %  2006               5.00          114.35           7.2832
 00013  11.00 %  2006              10.00          114.43           7.2642
 00013  11.00 %  2006               5.00          114.43           7.2642
 98005  11.75 %  2006               1.00          115.50           7.4931
 99008  11.68 %  2006               5.00          116.15           7.2539
 99008  11.68 %  2006               5.00          116.20           7.2414
 99008  11.68 %  2006               5.00          116.20           7.2414
 97010  11.19 %  2005               5.00          112.75           7.1625
 97010  11.19 %  2005               5.00          112.85           7.1333
 97010  11.19 %  2005               5.00          112.85           7.1333
 97010  11.19 %  2005               5.00          112.82           7.1420
 97010  11.19 %  2005               5.00          112.85           7.1333
 97010  11.19 %  2005               5.00          112.80           7.1479
 94003  12.50 %  2004               5.00          111.43           6.9675
 94003  12.50 %  2004               5.00          111.42           6.9720
 94003  12.50 %  2004               5.00          111.405          6.9787
 94003  12.50 %  2004               5.00          111.43           6.9675
 94003  12.50 %  2004               5.00          111.43           6.9675
 94003  12.50 %  2004               5.00          111.41           6.9765
 94003  12.50 %  2004              10.00          111.405          6.9787
 97004  12.69 %  2002               4.00          102.45           6.4342
          Contract Date : December 14, 2001
 98005  11.75 %  2006              10.00          116.40           7.2712
          Contract Date : December 13, 2001
A.Government of India Dated Securities
I.  Outright Transactions
---------------------------------------------------------------------------
                                 (in Rs.Crore)    nominal
 Code                            (Face Value)     Per Rs.100   Indicative
 Loan  Nomenclature              Amount           Price *        YTM %
---------------------------------------------------------------------------
Subsidiary General Ledger Account Transactions 00017  11.50 %  2011               5.00          123.95           7.9661
 00017  11.50 %  2011              15.00          124.25           7.9279
 00017  11.50 %  2011               5.00          124.28           7.9241
 00017  11.50 %  2011               5.00          124.19           7.9355
 00017  11.50 %  2011               5.00          124.25           7.9279
 00017  11.50 %  2011               5.00          124.24           7.9292
 00017  11.50 %  2011               5.00          124.25           7.9279
 00017  11.50 %  2011               5.00          124.25           7.9279
 00017  11.50 %  2011               5.00          124.23           7.9305
 00017  11.50 %  2011               5.00          124.20           7.9343
 00017  11.50 %  2011               5.00          124.07           7.9508
 00017  11.50 %  2011               5.00          124.00           7.9597
 00017  11.50 %  2011               5.00          124.21           7.9330
 00017  11.50 %  2011               5.00          124.26           7.9266
 00017  11.50 %  2011               5.00          124.10           7.9470
 00017  11.50 %  2011               5.00          124.13           7.9432
 00017  11.50 %  2011               5.00          124.20           7.9343
 00017  11.50 %  2011               0.40          124.20           7.9343
 00017  11.50 %  2011               5.00          124.20           7.9343
 00017  11.50 %  2011               5.00          124.10           7.9470
 00017  11.50 %  2011               5.00          124.20           7.9343
 00017  11.50 %  2011               5.00          124.20           7.9343
 00017  11.50 %  2011               5.00          124.10           7.9470
 00017  11.50 %  2011               5.00          124.12           7.9445
 00017  11.50 %  2011               5.00          124.20           7.9343
 00017  11.50 %  2011               5.00          124.25           7.9279
 00017  11.50 %  2011              10.00          124.25           7.9279
 00017  11.50 %  2011               5.00          124.04           7.9546
 00017  11.50 %  2011               5.00          124.00           7.9597
 00017  11.50 %  2011               5.00          124.26           7.9266
 00017  11.50 %  2011              20.00          124.26           7.9266
 00017  11.50 %  2011               5.00          124.15           7.9406
 00017  11.50 %  2011               5.00          124.10           7.9470
 01007   9.39 %  2011               5.00          109.83           7.9033
 01007   9.39 %  2011               2.00          109.88           7.8962
 01007   9.39 %  2011               1.00          111.85           7.6197
 01007   9.39 %  2011               5.00          109.84           7.9019
 01007   9.39 %  2011               5.00          109.75           7.9147
 01007   9.39 %  2011               5.00          109.84           7.9019
 00010  10.95 %  2011               5.00          118.07           8.1697
 00010  10.95 %  2011               5.00          118.10           8.1655
 00010  10.95 %  2011               5.00          118.02           8.1766
 00010  10.95 %  2011               5.00          117.96           8.1848
 00010  10.95 %  2011               5.00          118.14           8.1600
 00010  10.95 %  2011               5.00          118.12           8.1628
 00010  10.95 %  2011               5.00          118.10           8.1655
 00010  10.95 %  2011               5.00          117.96           8.1848
 00010  10.95 %  2011               5.00          118.15           8.1587
 00010  10.95 %  2011               5.00          118.15           8.1587
 00010  10.95 %  2011               5.00          118.25           8.1449
 00010  10.95 %  2011               5.00          118.04           8.1738
 00010  10.95 %  2011               5.00          118.085          8.1676
 00010  10.95 %  2011               5.00          118.015          8.1772
 00010  10.95 %  2011              10.00          118.15           8.1587
 00010  10.95 %  2011               5.00          118.15           8.1587
 00010  10.95 %  2011               5.00          118.15           8.1587
 00010  10.95 %  2011               5.00          118.20           8.1518 00012  11.03 %  2012               5.00          121.05           8.0386
 00012  11.03 %  2012               5.00          121.25           8.0137
 00012  11.03 %  2012               5.00          121.25           8.0137
 00012  11.03 %  2012               5.00          120.95           8.0511
 00012  11.03 %  2012               5.00          121.23           8.0162
 00012  11.03 %  2012               5.00          121.20           8.0199
 00012  11.03 %  2012               5.00          121.20           8.0199
 00012  11.03 %  2012               5.00          121.05           8.0386
 00012  11.03 %  2012               5.00          121.29           8.0087
 00012  11.03 %  2012               5.00          121.27           8.0112
 00012  11.03 %  2012               5.00          121.30           8.0075
 00012  11.03 %  2012               5.00          121.12           8.0299
 00012  11.03 %  2012               5.00          121.10           8.0324
 00012  11.03 %  2012               5.00          121.29           8.0087
 00012  11.03 %  2012               5.00          121.12           8.0299
 00012  11.03 %  2012               5.00          121.30           8.0075
 00012  11.03 %  2012               5.00          121.24           8.0149
 00012  11.03 %  2012               5.00          121.10           8.0324
 00012  11.03 %  2012               5.00          121.24           8.0149
 00012  11.03 %  2012               5.00          121.14           8.0274
 00012  11.03 %  2012               5.00          121.30           8.0075
 00012  11.03 %  2012               5.00          121.08           8.0349
 00012  11.03 %  2012               5.00          120.90           8.0573
 00012  11.03 %  2012               5.00          121.30           8.0075
 00012  11.03 %  2012               5.00          121.15           8.0262
 00012  11.03 %  2012               5.00          121.25           8.0137
 00012  11.03 %  2012               5.00          121.18           8.0224
 00012  11.03 %  2012               1.00          121.05           8.0386
 00012  11.03 %  2012               5.00          121.26           8.0125
 00012  11.03 %  2012               5.00          121.18           8.0224
 00012  11.03 %  2012               5.00          121.10           8.0324
 00012  11.03 %  2012               5.00          121.29           8.0087
 00012  11.03 %  2012               5.00          121.25           8.0137
 00012  11.03 %  2012               5.00          121.25           8.0137
 00012  11.03 %  2012               5.00          121.30           8.0075
 00012  11.03 %  2012               5.00          121.30           8.0075
 00012  11.03 %  2012               5.00          120.95           8.0511
 00017  11.50 %  2011               5.00          124.22           7.9317
 00017  11.50 %  2011               5.00          124.20           7.9343
 00017  11.50 %  2011               5.00          124.15           7.9406
 00017  11.50 %  2011               5.00          124.20           7.9343
 00017  11.50 %  2011               5.00          124.05           7.9534
 00017  11.50 %  2011               5.00          124.15           7.9406
 00017  11.50 %  2011               5.00          124.20           7.9343
 00017  11.50 %  2011               5.00          124.23           7.9305
 00017  11.50 %  2011               5.00          123.95           7.9661
 00017  11.50 %  2011               5.00          123.95           7.9661
 00017  11.50 %  2011               5.00          124.20           7.9343
 00017  11.50 %  2011               5.00          124.05           7.9534
 00017  11.50 %  2011               5.00          123.90           7.9725
 00017  11.50 %  2011               5.00          124.25           7.9279
 00017  11.50 %  2011               5.00          124.00           7.9597
 00017  11.50 %  2011               5.00          124.25           7.9279
 00017  11.50 %  2011               5.00          124.15           7.9406
 00017  11.50 %  2011              10.00          124.28           7.9241
 00017  11.50 %  2011               5.00          124.27           7.9254
 00017  11.50 %  2011               5.00          123.95           7.9661 01011   9.85 %  2015               5.00          113.20           8.2317
 01011   9.85 %  2015               5.00          113.30           8.2205
 01011   9.85 %  2015               5.00          113.27           8.2238
 01011   9.85 %  2015               5.00          113.20           8.2317
 01011   9.85 %  2015               0.50          112.10           8.3558
 01001  10.47 %  2015               5.00          116.93           8.3256
 01001  10.47 %  2015               5.00          116.95           8.3233
 01001  10.47 %  2015               5.00          116.93           8.3256
 83004  10.00 %  2014               1.00          112.15           8.4071
 01005   9.81 %  2013               5.00          113.10           8.0385
 01005   9.81 %  2013               5.00          113.10           8.0385
 01005   9.81 %  2013               5.00          113.00           8.0510
 01005   9.81 %  2013               5.00          113.10           8.0385
 01005   9.81 %  2013               5.00          113.08           8.0410
 01005   9.81 %  2013               5.00          113.10           8.0385
 01005   9.81 %  2013               5.00          113.08           8.0410
 01005   9.81 %  2013               5.00          112.80           8.0759
 01005   9.81 %  2013               5.00          113.08           8.0410
 01005   9.81 %  2013               5.00          113.08           8.0410
 01005   9.81 %  2013               5.00          112.80           8.0759
 01005   9.81 %  2013               5.00          113.085          8.0404
 01005   9.81 %  2013               5.00          112.96           8.0559
 01005   9.81 %  2013               5.00          113.08           8.0410
 01005   9.81 %  2013               5.00          113.09           8.0398
 01005   9.81 %  2013               5.00          113.00           8.0510
 01005   9.81 %  2013               5.00          112.99           8.0522
 01005   9.81 %  2013               5.00          113.035          8.0466
 01005   9.81 %  2013               5.00          112.97           8.0547
 01005   9.81 %  2013               5.00          113.06           8.0435
 01005   9.81 %  2013               5.00          113.06           8.0435
 01005   9.81 %  2013               5.00          113.01           8.0497
 01005   9.81 %  2013               5.00          112.80           8.0759
 01005   9.81 %  2013               5.00          112.90           8.0634
 01005   9.81 %  2013              20.00          113.05           8.0447
 01005   9.81 %  2013              10.00          113.08           8.0410
 01005   9.81 %  2013               5.00          113.10           8.0385
 01005   9.81 %  2013               5.00          113.10           8.0385
 01005   9.81 %  2013               5.00          113.05           8.0447
 01005   9.81 %  2013               5.00          113.00           8.0510
 01005   9.81 %  2013               0.06          113.15           8.0323
 01005   9.81 %  2013               5.00          113.09           8.0398
 01005   9.81 %  2013               5.00          113.10           8.0385
 01005   9.81 %  2013               5.00          113.10           8.0385
 01005   9.81 %  2013               5.00          113.10           8.0385
 01005   9.81 %  2013               5.00          112.95           8.0572
 01005   9.81 %  2013               5.00          113.10           8.0385
 01005   9.81 %  2013               5.00          113.10           8.0385
 82005   9.00 %  2013               4.00          108.30           7.8846
 82005   9.00 %  2013               1.00          108.30           7.8846
 82005   9.00 %  2013               0.50          107.73           7.9573
 01009   9.40 %  2012               0.25          109.80           8.0187
 01009   9.40 %  2012               1.50          109.55           8.0517
 01009   9.40 %  2012               5.00          110.05           7.9857
 01009   9.40 %  2012              10.00          110.00           7.9923
 00012  11.03 %  2012               5.00          121.24           8.0149
 00012  11.03 %  2012               5.00          121.12           8.0299
 00012  11.03 %  2012               5.00          121.12           8.0299 01003  10.71 %  2016               5.00          119.25           8.3766
 01011   9.85 %  2015               5.00          113.20           8.2317
 01011   9.85 %  2015               5.00          113.35           8.2149
 01011   9.85 %  2015               5.00          113.20           8.2317
 01011   9.85 %  2015               5.00          113.25           8.2261
 01011   9.85 %  2015               5.00          113.31           8.2194
 01011   9.85 %  2015               5.00          113.20           8.2317
 01011   9.85 %  2015               5.00          113.33           8.2171
 01011   9.85 %  2015              10.00          113.35           8.2149
 01011   9.85 %  2015              15.00          113.00           8.2541
 01011   9.85 %  2015               5.00          113.28           8.2227
 01011   9.85 %  2015               5.00          113.28           8.2227
 01011   9.85 %  2015               5.00          113.15           8.2373
 01011   9.85 %  2015               5.00          113.28           8.2227
 01011   9.85 %  2015               5.00          113.15           8.2373
 01011   9.85 %  2015               5.00          113.26           8.2250
 01011   9.85 %  2015               5.00          113.30           8.2205
 01011   9.85 %  2015               5.00          113.16           8.2362
 01011   9.85 %  2015               5.00          113.18           8.2339
 01011   9.85 %  2015               5.00          113.35           8.2149
 01011   9.85 %  2015               5.00          113.25           8.2261
 01011   9.85 %  2015               5.00          113.35           8.2149
 01011   9.85 %  2015               5.00          113.30           8.2205
 01011   9.85 %  2015               5.00          113.28           8.2227
 01011   9.85 %  2015               5.00          113.15           8.2373
 01011   9.85 %  2015               5.00          113.30           8.2205
 01011   9.85 %  2015               5.00          113.20           8.2317
 01011   9.85 %  2015               5.00          113.16           8.2362
 01011   9.85 %  2015               5.00          113.20           8.2317
 01011   9.85 %  2015               5.00          113.30           8.2205
 01011   9.85 %  2015               5.00          113.31           8.2194
 01011   9.85 %  2015               5.00          113.33           8.2171
 01011   9.85 %  2015               5.00          113.34           8.2160
 01011   9.85 %  2015               5.00          113.15           8.2373
 01011   9.85 %  2015               5.00          113.25           8.2261
 01011   9.85 %  2015               5.00          113.29           8.2216
 01011   9.85 %  2015               5.00          113.20           8.2317
 01011   9.85 %  2015               5.00          113.11           8.2418
 01011   9.85 %  2015               5.00          113.35           8.2149
 01011   9.85 %  2015               5.00          113.00           8.2541
 01011   9.85 %  2015               5.00          113.36           8.2138
 01011   9.85 %  2015              10.00          113.29           8.2216
 01011   9.85 %  2015               5.00          113.30           8.2205
 01011   9.85 %  2015               5.00          113.28           8.2227
 01011   9.85 %  2015               1.00          113.23           8.2283
 01011   9.85 %  2015               5.00          113.35           8.2149
 01011   9.85 %  2015               5.00          113.19           8.2328
 01011   9.85 %  2015               5.00          113.35           8.2149
 01011   9.85 %  2015               5.00          113.35           8.2149
 01011   9.85 %  2015               5.00          113.00           8.2541
 01011   9.85 %  2015               5.00          113.35           8.2149
 01011   9.85 %  2015               0.20          113.10           8.2429
 01011   9.85 %  2015               5.00          113.31           8.2194
 01011   9.85 %  2015               5.00          113.30           8.2205
 01011   9.85 %  2015               5.00          113.28           8.2227
 01011   9.85 %  2015               5.00          113.15           8.2373
 01011   9.85 %  2015               5.00          113.30           8.2205 00017  11.50 %  2011               5.00          124.01           7.9578
 00017  11.50 %  2011               5.00          124.00           7.9591
 00017  11.50 %  2011               5.00          123.95           7.9655
 00017  11.50 %  2011               5.00          123.95           7.9655
 00017  11.50 %  2011               5.00          123.95           7.9655
 00017  11.50 %  2011               5.00          123.95           7.9655
 00017  11.50 %  2011               5.00          123.92           7.9693
 00017  11.50 %  2011               5.00          124.00           7.9591
 00017  11.50 %  2011               5.00          124.15           7.9400
 00017  11.50 %  2011               5.00          124.15           7.9400
 00017  11.50 %  2011               5.00          124.00           7.9591
 00017  11.50 %  2011               5.00          124.00           7.9591
 00017  11.50 %  2011               5.00          124.00           7.9591
 00017  11.50 %  2011               5.00          123.96           7.9642
 00017  11.50 %  2011               5.00          123.95           7.9655
 00017  11.50 %  2011               5.00          123.94           7.9668
 00017  11.50 %  2011              10.00          123.95           7.9655
 00017  11.50 %  2011               5.00          123.91           7.9706
 00017  11.50 %  2011               5.00          123.95           7.9655
 00017  11.50 %  2011               5.00          124.00           7.9591
 00017  11.50 %  2011               5.00          124.05           7.9527
 01007   9.39 %  2011               5.00          109.50           7.9501
 01007   9.39 %  2011               5.00          109.50           7.9501
 01007   9.39 %  2011               5.00          109.85           7.9002
 01007   9.39 %  2011               5.00          109.72           7.9187
 01007   9.39 %  2011               5.00          109.75           7.9144
 01007   9.39 %  2011              10.00          109.55           7.9429
 00010  10.95 %  2011               5.00          118.00           8.1788
 00010  10.95 %  2011               5.00          117.85           8.1994
 00010  10.95 %  2011              10.00          117.75           8.2132
 00010  10.95 %  2011               5.00          117.86           8.1981
 00010  10.95 %  2011              10.00          117.78           8.2091
 00010  10.95 %  2011               5.00          118.15           8.1581
 99005  12.32 %  2011              40.00          124.25           8.4499
 00014  11.30 %  2010               5.00          121.22           7.8611
 80003   7.50 %  2010               5.426         101.00           7.3369
 80003   7.50 %  2010               6.00          102.00           7.1775
 99006  11.99 %  2009               0.60          121.50           8.0388
 96009  13.85 %  2006(INSTA         0.50          122.50           7.8453
 97010  11.19 %  2005               5.00          112.83           7.1367
 00011  10.20 %  2005              10.00          109.15           7.2452
 94003  12.50 %  2004              10.00          111.36           6.9932
 94003  12.50 %  2004              10.00          111.38           6.9842
          Contract Date : December 15, 2001
 01010  10.18 %  2026               0.10          115.75           8.6268
 01010  10.18 %  2026               0.11          115.25           8.6706
 01010  10.18 %  2026               2.00          115.50           8.6486
 01006  10.25 %  2021              10.00          115.15           8.6289
 01006  10.25 %  2021              10.00          115.10           8.6337
 01006  10.25 %  2021               5.00          115.10           8.6337
 01006  10.25 %  2021               5.00          115.20           8.6241
 01006  10.25 %  2021               5.00          115.20           8.6241
 00008  10.70 %  2020               1.00          118.70           8.6469
 01003  10.71 %  2016               5.00          119.00           8.4033
 01003  10.71 %  2016               5.00          119.25           8.3766
 01003  10.71 %  2016               5.00          119.05           8.3980
 01003  10.71 %  2016               0.10          119.75           8.3235 01011   9.85 %  2015               5.00          113.00           8.2539
 01011   9.85 %  2015               0.10          113.50           8.1979
 01011   9.85 %  2015               5.00          112.93           8.2618
 01011   9.85 %  2015              10.00          112.95           8.2596
 01011   9.85 %  2015               5.00          113.05           8.2483
 01011   9.85 %  2015               5.00          113.00           8.2539
 01011   9.85 %  2015               5.00          113.05           8.2483
 01011   9.85 %  2015               5.00          113.00           8.2539
 01011   9.85 %  2015               5.00          112.86           8.2697
 01011   9.85 %  2015               5.00          112.95           8.2596
 01011   9.85 %  2015               5.00          112.86           8.2697
 01011   9.85 %  2015               5.00          113.15           8.2371
 01011   9.85 %  2015               5.00          112.97           8.2573
 01011   9.85 %  2015               5.00          112.86           8.2697
 01011   9.85 %  2015               5.00          113.05           8.2483
 01011   9.85 %  2015               5.00          112.83           8.2731
 01001  10.47 %  2015               5.00          116.74           8.3469
 01001  10.47 %  2015               5.00          116.70           8.3515
 01001  10.47 %  2015               5.00          116.55           8.3685
 01001  10.47 %  2015               5.00          116.90           8.3288
 01005   9.81 %  2013               5.00          112.92           8.0606
 01005   9.81 %  2013               5.00          112.82           8.0731
 01005   9.81 %  2013               5.00          112.81           8.0743
 01005   9.81 %  2013              10.00          112.84           8.0706
 01005   9.81 %  2013               5.00          112.93           8.0594
 01005   9.81 %  2013               5.00          112.84           8.0706
 01005   9.81 %  2013              10.00          112.84           8.0706
 01005   9.81 %  2013               5.00          112.80           8.0756
 01005   9.81 %  2013               5.00          113.09           8.0395
 01005   9.81 %  2013               5.00          112.95           8.0569
 01005   9.81 %  2013               5.00          112.79           8.0768
 01005   9.81 %  2013               5.00          113.00           8.0507
 01005   9.81 %  2013               5.00          112.83           8.0718
 01005   9.81 %  2013               5.00          112.75           8.0818
 01009   9.40 %  2012               1.00          109.55           8.0515
 00012  11.03 %  2012               5.00          121.00           8.0445
 00012  11.03 %  2012               5.00          121.10           8.0320
 00012  11.03 %  2012               5.00          120.95           8.0507
 00012  11.03 %  2012               0.10          121.50           7.9822
 00012  11.03 %  2012              10.00          120.91           8.0557
 00012  11.03 %  2012              10.00          120.90           8.0569
 00012  11.03 %  2012               5.00          121.10           8.0320
 00012  11.03 %  2012               5.00          121.00           8.0445
 00012  11.03 %  2012               5.00          121.05           8.0382
 00012  11.03 %  2012               5.00          121.00           8.0445
 00012  11.03 %  2012               5.00          121.00           8.0445
 00012  11.03 %  2012               5.00          121.00           8.0445
 00012  11.03 %  2012               5.00          121.05           8.0382
 00012  11.03 %  2012               5.00          121.04           8.0395
 00012  11.03 %  2012               5.00          121.00           8.0445
 00012  11.03 %  2012               5.00          120.91           8.0557
 00012  11.03 %  2012               5.00          121.00           8.0445
 00012  11.03 %  2012               5.00          120.95           8.0507
 00012  11.03 %  2012               5.00          120.95           8.0507
 00017  11.50 %  2011               5.00          123.95           7.9655
 00017  11.50 %  2011               5.00          124.05           7.9527
 00017  11.50 %  2011              10.00          123.95           7.9655 Code                            (Face Value) Per Rs.100   (%pa)    Period
 Loan  Nomenclature                Amount      Price *   Repo Rate   Repo
---------------------------------------------------------------------------
    (Other than with RBI)
II.  REPO Transactions *
     Total                         21.18
        12/07/2002                  6.18           96.2681         6.7515
        07/03/2002                  5.00           98.5280         6.6319
          Contract Date : December 15, 2001
        18/10/2002                 10.00           94.6351         6.6998
          Contract Date : December 14, 2001
       (DD/MM/YYYY)
   (iv) 364 Day Bills (Maturity-wise)
                                           NIL
       (DD/MM/YYYY)
   (iii) 182 Day Bills (Maturity-wise)
     Total                          8.53
        08/03/2002                  6.00           98.5103         6.6319
        22/02/2002                  0.58           98.7861         6.4825
        16/02/2002                  0.75           98.8821         6.5320
        28/12/2001                  0.90           99.7690         6.4830
        28/12/2001                  0.30           99.7690         6.4830
          Contract Date : December 15, 2001
       (DD/MM/YYYY)
   (ii) 91 Day Bills (Maturity-wise)
                                           NIL
       (DD/MM/YYYY)
   (i) 14 Day Bills (Maturity-wise)
C. Treasury Bills
     Total                          5.00
       2009                         5.00          121.10          8.3467
 99225 12.25% TAMIL NADU SDL
          Contract Date : December 15, 2001
B. State Government Securities
     Total                       2247.946
 01003  10.71 %  2016              10.00          119.15           8.3871
 01003  10.71 %  2016              10.00          118.75           8.4299
 01003  10.71 %  2016               5.00          119.00           8.4031
 01003  10.71 %  2016               5.00          119.05           8.3978
 01003  10.71 %  2016               5.00          118.90           8.4138
 01011   9.85 %  2015               5.00          112.94           8.2607
 01011   9.85 %  2015               5.00          112.99           8.2551
 01011   9.85 %  2015               5.00          113.05           8.2483
 01011   9.85 %  2015               5.00          113.00           8.2539
 01011   9.85 %  2015               5.00          113.05           8.2483
 01011   9.85 %  2015               5.00          113.05           8.2483
 01011   9.85 %  2015               5.00          113.05           8.2483
 01011   9.85 %  2015               5.00          113.05           8.2483
 01011   9.85 %  2015               5.00          113.05           8.2483
 01011   9.85 %  2015               5.00          112.89           8.2663
 01011   9.85 %  2015               5.00          112.95           8.2596
 01011   9.85 %  2015               5.00          112.95           8.2596
 01011   9.85 %  2015               5.00          113.00           8.2539Date :  15 December 2001
  # YTM(indicative) will depend upon assumed rate of inflation
  * Relate to the first leg of Repos
-----------------------------------------------------------------------------
     Total                        100.00
        13/12/2002                 25.00       93.6656      6.50       3
        13/12/2002                 25.00       93.6656      6.50       3
        13/12/2002                 25.00       93.6656      6.50       3
        13/12/2002                 25.00       93.6656      6.50       3
       (DD/MM/YYYY)
   (iv) 364 Day Bills (Maturity-wise)
                                           NIL
      (DD/MM/YYYY)
   (iii) 182 Day Bills (Maturity-wise)
                                           NIL
      (DD/MM/YYYY)
   (ii) 91 Day Bills (Maturity-wise)
                                           NIL
      (DD/MM/YYYY)
   (i) 14 Day Bills (Maturity-wise)
C. Treasury Bills
                                           NIL
B. State Government Securities
     Total                        214.00
 01006  10.25 %  2021              20.00      114.75        6.75       3
 01006  10.25 %  2021              20.00      114.75        6.75       3
 01006  10.25 %  2021              20.00      114.75        6.75       3
 01006  10.25 %  2021              20.00      114.75        6.75       3
 01006  10.25 %  2021              20.00      114.75        6.75       3
 01006  10.25 %  2021               5.00      114.75        8.00       3
 01006  10.25 %  2021               5.00      114.75        8.00       3
 01006  10.25 %  2021               8.00      115.20        6.40       3
 01006  10.25 %  2021              10.00      115.20        6.40       3
 01006  10.25 %  2021              10.00      115.20        6.40       3
 01004  10.45 %  2018              10.00      117.00        6.50       3
 01004  10.45 %  2018              10.00      117.00        6.50       3
 01011   9.85 %  2015              21.00      112.95        6.65       3
 94003  12.50 %  2004               5.00      111.37        6.40       3
 96016  13.82 %  2002              30.00      105.00        7.15      29
A. Government of India Dated Securities
---------------------------------------------------------------------------
           (1)                      (2)          (3)        (4)      (5)
                                 (in Rs.Crore) Nominal              (Days)